*Energy (MeV/u)1	0 - [He-base] F.Hubert et al, AD&ND Tables 46(1990)1	Energy (MeV/u)2	1 - [H -base] J.F.Ziegler et al, Pergamon Press, NY (low energy)	Energy (MeV/u)3	2 - ATIMA 1.2  LS-theory (recommended for high energy)	Energy (MeV/u)4	3 - ATIMA 1.2  without LS-correction	Energy (MeV/u)5	4 - electrical component of [1] - J.F.Ziegler et al	Energy (MeV/u)6	5 - nuclear component of [1] - J.F.Ziegler et al	
0.001000	0.201352  	0.001000	0.179084  	0.001000	0.171302  	0.001000	0.171302  	0.001000	0.106742  	0.001000	0.0723418 	
0.002000	0.225388  	0.002000	0.195115  	0.002000	0.185207  	0.002000	0.185207  	0.002000	0.139866  	0.002000	0.0552488 	
0.005000	0.279885  	0.005000	0.234338  	0.005000	0.221191  	0.005000	0.221191  	0.005000	0.200111  	0.005000	0.034227  	
0.008000	0.321265  	0.008000	0.266213  	0.008000	0.251313  	0.008000	0.251313  	0.008000	0.240572  	0.008000	0.0256414 	
0.010000	0.344668  	0.010000	0.284749  	0.010000	0.269027  	0.010000	0.269027  	0.010000	0.262578  	0.010000	0.022171  	
0.015000	0.403069  	0.015000	0.32428   	0.015000	0.307465  	0.015000	0.307465  	0.015000	0.307481  	0.015000	0.0167987 	
0.020000	0.449193  	0.020000	0.357236  	0.020000	0.346272  	0.020000	0.346272  	0.020000	0.343606  	0.020000	0.01363   	
0.025000	0.499676  	0.025000	0.394762  	0.025000	0.384171  	0.025000	0.384171  	0.025000	0.383203  	0.025000	0.0115593 	
0.030000	0.542144  	0.030000	0.429841  	0.030000	0.417344  	0.030000	0.417344  	0.030000	0.419742  	0.030000	0.0100991 	
0.035000	0.572301  	0.035000	0.460498  	0.035000	0.448947  	0.035000	0.448947  	0.035000	0.451503  	0.035000	0.00899439	
0.040000	0.594697  	0.040000	0.486722  	0.040000	0.479014  	0.040000	0.479014  	0.040000	0.478595  	0.040000	0.00812627	
0.045000	0.610302  	0.045000	0.510962  	0.045000	0.507579  	0.045000	0.507579  	0.045000	0.503538  	0.045000	0.00742421	
0.050000	0.619651  	0.050000	0.533297  	0.050000	0.534671  	0.050000	0.534671  	0.050000	0.526453  	0.050000	0.0068435 	
0.055000	0.642865  	0.055000	0.558361  	0.055000	0.560321  	0.055000	0.560321  	0.055000	0.552006  	0.055000	0.00635434	
0.060000	0.662245  	0.060000	0.581973  	0.060000	0.58456   	0.060000	0.58456   	0.060000	0.576037  	0.060000	0.0059361 	
0.070000	0.690788  	0.070000	0.624938  	0.070000	0.628948  	0.070000	0.628948  	0.070000	0.619681  	0.070000	0.00525708	
0.080000	0.722462  	0.080000	0.661728  	0.080000	0.668137  	0.080000	0.668137  	0.080000	0.657     	0.080000	0.00472804	
0.090000	0.746093  	0.090000	0.693317  	0.090000	0.702467  	0.090000	0.702467  	0.090000	0.689014  	0.090000	0.00430313	
0.100000	0.763823  	0.100000	0.720126  	0.100000	0.732302  	0.100000	0.732302  	0.100000	0.716172  	0.100000	0.00395367	
0.120000	0.769982  	0.120000	0.762897  	0.120000	0.78      	0.120000	0.78      	0.120000	0.759485  	0.120000	0.00341132	
0.140000	0.774234  	0.140000	0.797263  	0.140000	0.8142    	0.140000	0.8142    	0.140000	0.794255  	0.140000	0.00300848	
0.160000	0.776057  	0.160000	0.820311  	0.160000	0.837639  	0.160000	0.837639  	0.160000	0.817615  	0.160000	0.00269647	
0.180000	0.777987  	0.180000	0.834988  	0.180000	0.852681  	0.180000	0.852681  	0.180000	0.832541  	0.180000	0.00244707	
0.200000	0.780871  	0.200000	0.843692  	0.200000	0.861288  	0.200000	0.861288  	0.200000	0.84145   	0.200000	0.00224279	
0.250000	0.771665  	0.250000	0.849825  	0.250000	0.864192  	0.250000	0.864192  	0.250000	0.847962  	0.250000	0.00186273	
0.300000	0.768664  	0.300000	0.84797   	0.300000	0.852427  	0.300000	0.852427  	0.300000	0.846371  	0.300000	0.00159891	
0.350000	0.766539  	0.350000	0.842794  	0.350000	0.835344  	0.350000	0.835344  	0.350000	0.84139   	0.350000	0.0014043 	
0.400000	0.770283  	0.400000	0.843403  	0.400000	0.82251   	0.400000	0.82251   	0.400000	0.842149  	0.400000	0.00125438	
0.450000	0.77184   	0.450000	0.843367  	0.450000	0.806993  	0.450000	0.806993  	0.450000	0.842232  	0.450000	0.00113509	
0.500000	0.770868  	0.500000	0.841901  	0.500000	0.790502  	0.500000	0.790502  	0.500000	0.840864  	0.500000	0.00103775	
0.600000	0.739491  	0.600000	0.818878  	0.600000	0.75672   	0.600000	0.75672   	0.600000	0.81799   	0.600000	0.00088811	
0.700000	0.694371  	0.700000	0.784681  	0.700000	0.723925  	0.700000	0.723925  	0.700000	0.783903  	0.700000	0.000778136	
0.800000	0.668522  	0.800000	0.744455  	0.800000	0.694274  	0.800000	0.694274  	0.800000	0.743761  	0.800000	0.000693678	
0.900000	0.642831  	0.900000	0.707045  	0.900000	0.667297  	0.900000	0.667297  	0.900000	0.706418  	0.900000	0.000626646	
1.000000	0.617577  	1.000000	0.6719    	1.000000	0.64256   	1.000000	0.64256   	1.000000	0.671328  	1.000000	0.000572066	
1.250000	0.558566  	1.250000	0.610374  	1.250000	0.586734  	1.250000	0.586734  	1.250000	0.609903  	1.250000	0.000471352	
1.500000	0.5069    	1.500000	0.557827  	1.500000	0.539489  	1.500000	0.539489  	1.500000	0.557425  	1.500000	0.000402121	
1.750000	0.461993  	1.750000	0.51248   	1.750000	0.500069  	1.750000	0.500069  	1.750000	0.512128  	1.750000	0.000351435	
2.000000	0.424833  	2.000000	0.475423  	2.000000	0.46627   	2.000000	0.46627   	2.000000	0.47511   	2.000000	0.000312629	
2.250000	0.39407   	2.250000	0.441555  	2.250000	0.436822  	2.250000	0.436822  	2.250000	0.441273  	2.250000	0.00028191	
2.500000	0.361279  	2.500000	0.41241   	2.500000	0.410891  	2.500000	0.410891  	2.500000	0.412153  	2.500000	0.000256953	
3.000000	0.320423  	3.000000	0.363416  	3.000000	0.367305  	3.000000	0.367305  	3.000000	0.363197  	3.000000	0.000218791	
3.500000	0.288294  	3.500000	0.326115  	3.500000	0.332137  	3.500000	0.332137  	3.500000	0.325924  	3.500000	0.000190915	
4.000000	0.262345  	4.000000	0.296367  	4.000000	0.303209  	4.000000	0.303209  	4.000000	0.296197  	4.000000	0.000169613	
4.500000	0.240934  	4.500000	0.271908  	4.500000	0.279024  	4.500000	0.279024  	4.500000	0.271755  	4.500000	0.000152775	
5.000000	0.222953  	5.000000	0.251362  	5.000000	0.258522  	5.000000	0.258522  	5.000000	0.251223  	5.000000	0.000139115	
5.500000	0.207629  	5.500000	0.234053  	5.500000	0.240924  	5.500000	0.240924  	5.500000	0.233925  	5.500000	0.000127798	
6.000000	0.194406  	6.000000	0.219086  	6.000000	0.225657  	6.000000	0.225657  	6.000000	0.218968  	6.000000	0.000118261	
6.500000	0.182875  	6.500000	0.206007  	6.500000	0.212288  	6.500000	0.212288  	6.500000	0.205897  	6.500000	0.000110109	
7.000000	0.172725  	7.000000	0.194474  	7.000000	0.200481  	7.000000	0.200481  	7.000000	0.194371  	7.000000	0.000103056	
7.500000	0.163719  	7.500000	0.184224  	7.500000	0.189978  	7.500000	0.189978  	7.500000	0.184127  	7.500000	9.68919e-05	
8.000000	0.155672  	8.000000	0.175052  	8.000000	0.180572  	8.000000	0.180572  	8.000000	0.174961  	8.000000	9.14553e-05	
8.500000	0.148435  	8.500000	0.166794  	8.500000	0.172098  	8.500000	0.172098  	8.500000	0.166708  	8.500000	8.66229e-05	
9.000000	0.141891  	9.000000	0.159319  	9.000000	0.164423  	9.000000	0.164423  	9.000000	0.159237  	9.000000	8.22979e-05	
9.500000	0.135943  	9.500000	0.152519  	9.500000	0.157437  	9.500000	0.157437  	9.500000	0.15244   	9.500000	7.84032e-05	
10.000000	0.130511  	10.000000	0.150782  	10.000000	0.151051  	10.000000	0.151051  	10.000000	0.150707  	10.000000	7.48766e-05	
11.000000	0.120948  	11.000000	0.139808  	11.000000	0.139662  	11.000000	0.139728  	11.000000	0.13974   	11.000000	6.87346e-05	
12.000000	0.112793  	12.000000	0.130412  	12.000000	0.12996   	12.000000	0.130067  	12.000000	0.130349  	12.000000	6.35631e-05	
13.000000	0.105752  	13.000000	0.122275  	13.000000	0.121595  	13.000000	0.121729  	13.000000	0.122216  	13.000000	5.91462e-05	
14.000000	0.0996084 	14.000000	0.115159  	14.000000	0.11431   	14.000000	0.114462  	14.000000	0.115104  	14.000000	5.53276e-05	
15.000000	0.0941984 	15.000000	0.108882  	15.000000	0.107911  	15.000000	0.108073  	15.000000	0.10883   	15.000000	5.19921e-05	
16.000000	0.0893962 	16.000000	0.103303  	16.000000	0.102247  	16.000000	0.102414  	16.000000	0.103254  	16.000000	4.90521e-05	
17.000000	0.0851032 	17.000000	0.0983107 	17.000000	0.0971986 	17.000000	0.0973676 	17.000000	0.0982643 	17.000000	4.64404e-05	
18.000000	0.0812414 	18.000000	0.0938165 	18.000000	0.0926749 	18.000000	0.0928416 	18.000000	0.0937724 	18.000000	4.4104e-05	
19.000000	0.0777479 	19.000000	0.0897487 	19.000000	0.088599  	19.000000	0.0887606 	19.000000	0.0897067 	19.000000	4.20012e-05	
20.000000	0.0745716 	20.000000	0.0860487 	20.000000	0.084907  	20.000000	0.0850635 	20.000000	0.0860086 	20.000000	4.00979e-05	
21.000000	0.0716705 	21.000000	0.0826685 	21.000000	0.0815489 	21.000000	0.0816999 	21.000000	0.0826301 	21.000000	3.83668e-05	
22.000000	0.0690098 	22.000000	0.0795677 	22.000000	0.0784846 	22.000000	0.078628  	22.000000	0.079531  	22.000000	3.67851e-05	
23.000000	0.0665602 	23.000000	0.0767128 	23.000000	0.075678  	23.000000	0.0758125 	23.000000	0.0766775 	23.000000	3.53341e-05	
24.000000	0.0642972 	24.000000	0.0740753 	24.000000	0.0730972 	24.000000	0.0732239 	24.000000	0.0740413 	24.000000	3.39979e-05	
25.000000	0.0621998 	25.000000	0.071631  	25.000000	0.0707169 	25.000000	0.0708369 	25.000000	0.0715982 	25.000000	3.27633e-05	
27.000000	0.0584333 	27.000000	0.0672419 	27.000000	0.066479  	27.000000	0.0665845 	27.000000	0.0672113 	27.000000	3.05551e-05	
29.000000	0.0551452 	29.000000	0.0634113 	29.000000	0.0628286 	29.000000	0.0629155 	29.000000	0.0633827 	29.000000	2.8637e-05	
31.000000	0.0522484 	31.000000	0.0600379 	31.000000	0.0595897 	31.000000	0.0596568 	31.000000	0.0600109 	31.000000	2.69545e-05	
33.000000	0.0496758 	33.000000	0.0570434 	33.000000	0.0566576 	33.000000	0.0567088 	33.000000	0.057018  	33.000000	2.54663e-05	
35.000000	0.047375  	35.000000	0.0543667 	35.000000	0.0540406 	35.000000	0.0540718 	35.000000	0.0543426 	35.000000	2.41401e-05	
38.000000	0.0443446 	38.000000	0.0508437 	38.000000	0.0505871 	38.000000	0.0505982 	38.000000	0.0508213 	38.000000	2.24004e-05	
41.000000	0.0417258 	41.000000	0.047802  	41.000000	0.0475996 	41.000000	0.0475959 	41.000000	0.0477811 	41.000000	2.09035e-05	
44.000000	0.0394387 	44.000000	0.0451481 	44.000000	0.0449843 	44.000000	0.0449737 	44.000000	0.0451285 	44.000000	1.96015e-05	
47.000000	0.037423  	47.000000	0.0428114 	47.000000	0.0426813 	47.000000	0.0426627 	47.000000	0.042793  	47.000000	1.8458e-05	
50.000000	0.0356321 	50.000000	0.0407377 	50.000000	0.0406383 	50.000000	0.0406096 	50.000000	0.0407202 	50.000000	1.74455e-05	
55.000000	0.0330519 	55.000000	0.0377542 	55.000000	0.0376879 	55.000000	0.0376521 	55.000000	0.0377382 	55.000000	1.59925e-05	
60.000000	0.0308728 	60.000000	0.0352393 	60.000000	0.0351958 	60.000000	0.0351554 	60.000000	0.0352245 	60.000000	1.47711e-05	
65.000000	0.0290065 	65.000000	0.0330894 	65.000000	0.0330654 	65.000000	0.0330183 	65.000000	0.0330757 	65.000000	1.37294e-05	
70.000000	0.0273889 	70.000000	0.0312297 	70.000000	0.0312153 	70.000000	0.0311673 	70.000000	0.0312168 	70.000000	1.28299e-05	
75.000000	0.0259724 	75.000000	0.0296044 	75.000000	0.0296015 	75.000000	0.0295479 	75.000000	0.0295924 	75.000000	1.20452e-05	
80.000000	0.024721  	80.000000	0.0281715 	80.000000	0.0281737 	80.000000	0.0281187 	80.000000	0.0281602 	80.000000	1.13543e-05	
85.000000	0.0236068 	85.000000	0.0268983 	85.000000	0.0269034 	85.000000	0.0268476 	85.000000	0.0268876 	85.000000	1.07411e-05	
90.000000	0.022608  	90.000000	0.0257593 	90.000000	0.025766  	90.000000	0.0257096 	90.000000	0.0257492 	90.000000	1.01931e-05	
95.000000	0.0217072 	95.000000	0.0247342 	95.000000	0.0247415 	95.000000	0.0246845 	95.000000	0.0247245 	95.000000	9.70031e-06	
100.000000	0.0208902 	100.000000	0.0238064 	100.000000	0.0238135 	100.000000	0.0237562 	100.000000	0.0237972 	100.000000	9.25466e-06	
105.000000	0.0201457 	105.000000	0.0229627 	105.000000	0.0229691 	105.000000	0.0229115 	105.000000	0.0229538 	105.000000	8.84962e-06	
110.000000	0.0194641 	110.000000	0.022192  	110.000000	0.0221972 	110.000000	0.0221394 	110.000000	0.0221835 	110.000000	8.47982e-06	
115.000000	0.0188377 	115.000000	0.0214851 	115.000000	0.0214893 	115.000000	0.021431  	115.000000	0.0214769 	115.000000	8.14079e-06	
120.000000	0.0182599 	120.000000	0.0208343 	120.000000	0.0208357 	120.000000	0.0207786 	120.000000	0.0208265 	120.000000	7.82881e-06	
125.000000	0.017725  	125.000000	0.0202333 	125.000000	0.0202311 	125.000000	0.0201757 	125.000000	0.0202257 	125.000000	7.54072e-06	
130.000000	0.0172283 	130.000000	0.0196764 	130.000000	0.0196727 	130.000000	0.019617  	130.000000	0.0196691 	130.000000	7.27384e-06	
135.000000	0.0167659 	135.000000	0.0191589 	135.000000	0.0191535 	135.000000	0.0190977 	135.000000	0.0191519 	135.000000	7.0259e-06	
140.000000	0.0163341 	140.000000	0.0186767 	140.000000	0.0186695 	140.000000	0.0186137 	140.000000	0.0186699 	140.000000	6.7949e-06	
145.000000	0.0159299 	145.000000	0.0182264 	145.000000	0.0182174 	145.000000	0.0181616 	145.000000	0.0182199 	145.000000	6.57917e-06	
150.000000	0.0155507 	150.000000	0.0178049 	150.000000	0.017794  	150.000000	0.0177383 	150.000000	0.0177985 	150.000000	6.37721e-06	
155.000000	0.0150169 	155.000000	0.0174094 	155.000000	0.0173971 	155.000000	0.0173411 	155.000000	0.0174032 	155.000000	6.18773e-06	
160.000000	0.0147039 	160.000000	0.0170376 	160.000000	0.0170232 	160.000000	0.0169677 	160.000000	0.0170316 	160.000000	6.00959e-06	
165.000000	0.0144089 	165.000000	0.0166875 	165.000000	0.0166701 	165.000000	0.016616  	165.000000	0.0166817 	165.000000	5.84179e-06	
170.000000	0.0141301 	170.000000	0.0163572 	170.000000	0.0163376 	170.000000	0.0162842 	170.000000	0.0163515 	170.000000	5.68345e-06	
175.000000	0.0138664 	175.000000	0.016045  	175.000000	0.0160242 	175.000000	0.0159706 	175.000000	0.0160394 	175.000000	5.53378e-06	
180.000000	0.0136164 	180.000000	0.0157495 	180.000000	0.0157273 	180.000000	0.0156737 	180.000000	0.0157441 	180.000000	5.39207e-06	
185.000000	0.0133792 	185.000000	0.0154694 	185.000000	0.0154459 	185.000000	0.0153924 	185.000000	0.0154641 	185.000000	5.2577e-06	
190.000000	0.0131537 	190.000000	0.0152035 	190.000000	0.0151789 	190.000000	0.0151253 	190.000000	0.0151984 	190.000000	5.13011e-06	
195.000000	0.0129391 	195.000000	0.0149508 	195.000000	0.0149245 	195.000000	0.0148715 	195.000000	0.0149457 	195.000000	5.00879e-06	
200.000000	0.0127347 	200.000000	0.0147102 	200.000000	0.0146818 	200.000000	0.0146299 	200.000000	0.0147053 	200.000000	4.89329e-06	
210.000000	0.0123534 	210.000000	0.0142624 	210.000000	0.0142317 	210.000000	0.0141803 	210.000000	0.0142577 	210.000000	4.6781e-06	
220.000000	0.012005  	220.000000	0.013854  	220.000000	0.0138217 	220.000000	0.0137704 	220.000000	0.0138496 	220.000000	4.48169e-06	
230.000000	0.0116852 	230.000000	0.0134801 	230.000000	0.0134465 	230.000000	0.0133952 	230.000000	0.0134758 	230.000000	4.30167e-06	
240.000000	0.0113907 	240.000000	0.0131365 	240.000000	0.0131006 	240.000000	0.0130505 	240.000000	0.0131324 	240.000000	4.13604e-06	
250.000000	0.0111186 	250.000000	0.0128197 	250.000000	0.0127822 	250.000000	0.0127329 	250.000000	0.0128157 	250.000000	3.98313e-06	
260.000000	0.0108665 	260.000000	0.0125267 	260.000000	0.0124885 	260.000000	0.0124392 	260.000000	0.0125228 	260.000000	3.84151e-06	
270.000000	0.0106321 	270.000000	0.0122549 	270.000000	0.0122162 	270.000000	0.0121669 	270.000000	0.0122511 	270.000000	3.70995e-06	
280.000000	0.0104137 	280.000000	0.0120021 	280.000000	0.011963  	280.000000	0.0119139 	280.000000	0.0119985 	280.000000	3.58742e-06	
290.000000	0.0102097 	290.000000	0.0117664 	290.000000	0.011726  	290.000000	0.0116781 	290.000000	0.0117629 	290.000000	3.47301e-06	
300.000000	0.0100188 	300.000000	0.0115462 	300.000000	0.0115052 	300.000000	0.0114579 	300.000000	0.0115428 	300.000000	3.36591e-06	
310.000000	0.00983965	310.000000	0.0113399 	310.000000	0.0112992 	310.000000	0.0112518 	310.000000	0.0113367 	310.000000	3.26545e-06	
320.000000	0.00967129	320.000000	0.0111465 	320.000000	0.0111059 	320.000000	0.0110585 	320.000000	0.0111433 	320.000000	3.17102e-06	
330.000000	0.00951276	330.000000	0.0109646 	330.000000	0.0109237 	330.000000	0.010877  	330.000000	0.0109615 	330.000000	3.08208e-06	
340.000000	0.00936324	340.000000	0.0107933 	340.000000	0.010752  	340.000000	0.0107062 	340.000000	0.0107903 	340.000000	2.99817e-06	
350.000000	0.00922199	350.000000	0.0106318 	350.000000	0.0105909 	350.000000	0.0105452 	350.000000	0.0106289 	350.000000	2.91886e-06	
360.000000	0.00908836	360.000000	0.0104792 	360.000000	0.010439  	360.000000	0.0103932 	360.000000	0.0104764 	360.000000	2.84379e-06	
370.000000	0.00896175	370.000000	0.0103349 	370.000000	0.0102945 	370.000000	0.0102488 	370.000000	0.0103321 	370.000000	2.77261e-06	
380.000000	0.00884165	380.000000	0.0101982 	380.000000	0.0101572 	380.000000	0.0101121 	380.000000	0.0101955 	380.000000	2.70504e-06	
390.000000	0.00872757	390.000000	0.0100685 	390.000000	0.0100268 	390.000000	0.00998248	390.000000	0.0100659 	390.000000	2.64079e-06	
400.000000	0.00861908	400.000000	0.00994539	400.000000	0.00990356	400.000000	0.00985949	400.000000	0.00994281	400.000000	2.57962e-06	
410.000000	0.00851579	410.000000	0.00982832	410.000000	0.00978675	410.000000	0.00974262	410.000000	0.0098258 	410.000000	2.52133e-06	
420.000000	0.00841735	420.000000	0.00971689	420.000000	0.00967568	420.000000	0.00963147	420.000000	0.00971442	420.000000	2.4657e-06	
430.000000	0.00832344	430.000000	0.00961073	430.000000	0.00956968	430.000000	0.00952563	430.000000	0.00960831	430.000000	2.41256e-06	
440.000000	0.00823377	440.000000	0.00950948	440.000000	0.00946826	440.000000	0.00942476	440.000000	0.00950712	440.000000	2.36174e-06	
450.000000	0.00814806	450.000000	0.00941283	450.000000	0.00937145	450.000000	0.00932853	450.000000	0.00941051	450.000000	2.31309e-06	
460.000000	0.00806607	460.000000	0.00932048	460.000000	0.00927937	460.000000	0.00923664	460.000000	0.00931821	460.000000	2.26647e-06	
470.000000	0.00798758	470.000000	0.00923217	470.000000	0.00919157	470.000000	0.00914883	470.000000	0.00922995	470.000000	2.22176e-06	
480.000000	0.00791237	480.000000	0.00914766	480.000000	0.0091074 	480.000000	0.00906484	480.000000	0.00914548	480.000000	2.17884e-06	
490.000000	0.00784026	490.000000	0.00906672	490.000000	0.00902652	490.000000	0.00898444	490.000000	0.00906458	490.000000	2.1376e-06	
500.000000	0.00777107	500.000000	0.00898913	500.000000	0.00894903	500.000000	0.00890742	500.000000	0.00898703	500.000000	2.09795e-06	
520.000000	0.00764081	520.000000	0.00884328	520.000000	0.00880413	520.000000	0.00876276	520.000000	0.00884126	520.000000	2.02305e-06	
540.000000	0.00752042	540.000000	0.00870875	540.000000	0.00867094	540.000000	0.00862947	540.000000	0.00870679	540.000000	1.95348e-06	
560.000000	0.00740889	560.000000	0.00858434	560.000000	0.00854753	560.000000	0.00850634	560.000000	0.00858246	560.000000	1.8887e-06	
580.000000	0.00730536	580.000000	0.00846906	580.000000	0.00843279	580.000000	0.00839233	580.000000	0.00846723	580.000000	1.82821e-06	
600.000000	0.00720907	600.000000	0.00836199	600.000000	0.00832662	600.000000	0.00828654	600.000000	0.00836022	600.000000	1.77161e-06	
620.000000	0.00711935	620.000000	0.00826238	620.000000	0.00822829	620.000000	0.00818818	620.000000	0.00826066	620.000000	1.71852e-06	
640.000000	0.00703561	640.000000	0.00816953	640.000000	0.00813672	640.000000	0.00809657	640.000000	0.00816787	640.000000	1.66862e-06	
660.000000	0.00695735	660.000000	0.00808286	660.000000	0.00805099	660.000000	0.00801108	660.000000	0.00808124	660.000000	1.62163e-06	
680.000000	0.0068841 	680.000000	0.00800183	680.000000	0.00797056	680.000000	0.00793118	680.000000	0.00800025	680.000000	1.57731e-06	
700.000000	0.00681546	700.000000	0.00792596	700.000000	0.00789535	700.000000	0.0078564 	700.000000	0.00792442	700.000000	1.53542e-06	
720.000000	0.00675106	720.000000	0.00785484	720.000000	0.00782514	720.000000	0.0077863 	720.000000	0.00785334	720.000000	1.49577e-06	
740.000000	0.00669058	740.000000	0.00778809	740.000000	0.0077594 	740.000000	0.00772051	740.000000	0.00778664	740.000000	1.45819e-06	
760.000000	0.00663372	760.000000	0.00772538	760.000000	0.00769761	760.000000	0.00765868	760.000000	0.00772396	760.000000	1.42251e-06	
780.000000	0.00658023	780.000000	0.00766641	780.000000	0.00763933	780.000000	0.0076005 	780.000000	0.00766502	780.000000	1.38859e-06	
800.000000	0.00652985	800.000000	0.00761089	800.000000	0.0075842 	800.000000	0.00754571	800.000000	0.00760953	800.000000	1.3563e-06	
820.000000	0.00648239	820.000000	0.00755859	820.000000	0.00753213	820.000000	0.00749405	820.000000	0.00755726	820.000000	1.32553e-06	
840.000000	0.00643763	840.000000	0.00750927	840.000000	0.00748311	840.000000	0.00744529	840.000000	0.00750797	840.000000	1.29617e-06	
860.000000	0.00639541	860.000000	0.00746274	860.000000	0.00743701	860.000000	0.00739922	860.000000	0.00746147	860.000000	1.26813e-06	
880.000000	0.00635555	880.000000	0.00741881	880.000000	0.00739346	880.000000	0.00735567	880.000000	0.00741757	880.000000	1.24131e-06	
900.000000	0.00631792	900.000000	0.0073773 	900.000000	0.00735213	900.000000	0.00731446	900.000000	0.00737609	900.000000	1.21564e-06	
920.000000	0.00628237	920.000000	0.00733808	920.000000	0.00731283	920.000000	0.00727543	920.000000	0.00733689	920.000000	1.19105e-06	
940.000000	0.00624878	940.000000	0.00730098	940.000000	0.00727553	940.000000	0.00723844	940.000000	0.00729982	940.000000	1.16747e-06	
960.000000	0.00621703	960.000000	0.00726589	960.000000	0.00724021	960.000000	0.00720337	960.000000	0.00726475	960.000000	1.14483e-06	
980.000000	0.00618702	980.000000	0.00723268	980.000000	0.00720681	980.000000	0.00717008	980.000000	0.00723156	980.000000	1.12308e-06	
1000.000000	0.00615865	1000.000000	0.00720125	1000.000000	0.00717518	1000.000000	0.00713847	1000.000000	0.00720014	1000.000000	1.10217e-06	
1020.000000	0.00613183	1020.000000	0.00717148	1020.000000	0.00714518	1020.000000	0.00710844	1020.000000	0.0071704 	1020.000000	1.08204e-06	
1040.000000	0.00610647	1040.000000	0.00714329	1040.000000	0.00711667	1040.000000	0.00707989	1040.000000	0.00714223	1040.000000	1.06267e-06	
1060.000000	0.0060825 	1060.000000	0.00711659	1060.000000	0.00708954	1060.000000	0.00705274	1060.000000	0.00711554	1060.000000	1.044e-06 	
1080.000000	0.00605984	1080.000000	0.00709129	1080.000000	0.00706368	1080.000000	0.0070269 	1080.000000	0.00709027	1080.000000	1.02599e-06	
1100.000000	0.00603843	1100.000000	0.00706733	1100.000000	0.00703901	1100.000000	0.00700231	1100.000000	0.00706632	1100.000000	1.00862e-06	
1120.000000	0.0060182 	1120.000000	0.00704463	1120.000000	0.00701545	1120.000000	0.00697888	1120.000000	0.00704364	1120.000000	9.91841e-07	
1140.000000	0.0059991 	1140.000000	0.00702313	1140.000000	0.00699293	1140.000000	0.00695656	1140.000000	0.00702215	1140.000000	9.75632e-07	
1160.000000	0.00598107	1160.000000	0.00700276	1160.000000	0.00697145	1160.000000	0.00693528	1160.000000	0.0070018 	1160.000000	9.59961e-07	
1180.000000	0.00596406	1180.000000	0.00698347	1180.000000	0.00695098	1180.000000	0.006915  	1180.000000	0.00698253	1180.000000	9.44803e-07	
1200.000000	0.00594803	1200.000000	0.00696521	1200.000000	0.0069315 	1200.000000	0.00689565	1200.000000	0.00696428	1200.000000	9.30131e-07	
1220.000000	0.00593292	1220.000000	0.00694793	1220.000000	0.00691297	1220.000000	0.00687719	1220.000000	0.00694701	1220.000000	9.15922e-07	
1240.000000	0.0059187 	1240.000000	0.00693158	1240.000000	0.00689534	1240.000000	0.00685957	1240.000000	0.00693068	1240.000000	9.02156e-07	
1260.000000	0.00590533	1260.000000	0.00691611	1260.000000	0.00687853	1260.000000	0.00684275	1260.000000	0.00691522	1260.000000	8.8881e-07	
1280.000000	0.00589276	1280.000000	0.00690149	1280.000000	0.00686247	1280.000000	0.0068267 	1280.000000	0.00690062	1280.000000	8.75867e-07	
1300.000000	0.00588097	1300.000000	0.00688768	1300.000000	0.00684712	1300.000000	0.00681136	1300.000000	0.00688682	1300.000000	8.63307e-07	
1320.000000	0.00586993	1320.000000	0.00687464	1320.000000	0.00683241	1320.000000	0.00679671	1320.000000	0.00687379	1320.000000	8.51114e-07	
1340.000000	0.00585959	1340.000000	0.00686234	1340.000000	0.00681832	1340.000000	0.00678272	1340.000000	0.0068615 	1340.000000	8.39272e-07	
1360.000000	0.00584994	1360.000000	0.00685075	1360.000000	0.00680482	1360.000000	0.00676935	1360.000000	0.00684992	1360.000000	8.27766e-07	
1380.000000	0.00584094	1380.000000	0.00683983	1380.000000	0.00679191	1380.000000	0.00675658	1380.000000	0.00683901	1380.000000	8.16581e-07	
1400.000000	0.00583257	1400.000000	0.00682955	1400.000000	0.00677956	1400.000000	0.00674437	1400.000000	0.00682875	1400.000000	8.05705e-07	
1420.000000	0.0058248 	1420.000000	0.0068199 	1420.000000	0.00676777	1420.000000	0.00673269	1420.000000	0.00681911	1420.000000	7.95123e-07	
1440.000000	0.00581762	1440.000000	0.00681084	1440.000000	0.00675651	1440.000000	0.00672154	1440.000000	0.00681006	1440.000000	7.84825e-07	
1460.000000	0.00581099	1460.000000	0.00680236	1460.000000	0.00674577	1460.000000	0.00671088	1460.000000	0.00680158	1460.000000	7.74799e-07	
1480.000000	0.0058049 	1480.000000	0.00679442	1480.000000	0.00673553	1480.000000	0.00670069	1480.000000	0.00679365	1480.000000	7.65034e-07	
1500.000000	0.00579933	1500.000000	0.006787  	1500.000000	0.00672576	1500.000000	0.00669094	1500.000000	0.00678625	1500.000000	7.55521e-07	
1520.000000	0.00579426	1520.000000	0.00678009	1520.000000	0.00671644	1520.000000	0.00668163	1520.000000	0.00677935	1520.000000	7.46248e-07	
1540.000000	0.00578967	1540.000000	0.00677367	1540.000000	0.00670754	1540.000000	0.00667273	1540.000000	0.00677294	1540.000000	7.37208e-07	
1560.000000	0.00578555	1560.000000	0.00676772	1560.000000	0.00669904	1560.000000	0.00666422	1560.000000	0.00676699	1560.000000	7.28391e-07	
1580.000000	0.00578187	1580.000000	0.00676222	1580.000000	0.00669092	1580.000000	0.00665609	1580.000000	0.0067615 	1580.000000	7.1979e-07	
1600.000000	0.00577862	1600.000000	0.00675715	1600.000000	0.00668317	1600.000000	0.00664833	1600.000000	0.00675643	1600.000000	7.11396e-07	
1620.000000	0.0057758 	1620.000000	0.00675249	1620.000000	0.00667576	1620.000000	0.0066409 	1620.000000	0.00675179	1620.000000	7.03202e-07	
1640.000000	0.00577337	1640.000000	0.00674824	1640.000000	0.00666868	1640.000000	0.00663381	1640.000000	0.00674755	1640.000000	6.952e-07 	
1660.000000	0.00577134	1660.000000	0.00674438	1660.000000	0.00666192	1660.000000	0.00662704	1660.000000	0.0067437 	1660.000000	6.87385e-07	
1680.000000	0.00576968	1680.000000	0.0067409 	1680.000000	0.00665546	1680.000000	0.00662058	1680.000000	0.00674022	1680.000000	6.79749e-07	
1700.000000	0.00576839	1700.000000	0.00673777	1700.000000	0.00664928	1700.000000	0.00661441	1700.000000	0.0067371 	1700.000000	6.72286e-07	
1750.000000	0.0057667 	1750.000000	0.00673146	1750.000000	0.00663502	1750.000000	0.00660019	1750.000000	0.0067308 	1750.000000	6.54349e-07	
1800.000000	0.00576704	1800.000000	0.00672715	1800.000000	0.0066223 	1800.000000	0.00658757	1800.000000	0.00672651	1800.000000	6.37373e-07	
1850.000000	0.00576928	1850.000000	0.00672468	1850.000000	0.00661097	1850.000000	0.00657639	1850.000000	0.00672406	1850.000000	6.21284e-07	
1900.000000	0.00577329	1900.000000	0.0067239 	1900.000000	0.00660094	1900.000000	0.00656653	1900.000000	0.0067233 	1900.000000	6.06011e-07	
1950.000000	0.00577893	1950.000000	0.0067247 	1950.000000	0.00659211	1950.000000	0.00655787	1950.000000	0.00672411	1950.000000	5.91495e-07	
2000.000000	0.00578609	2000.000000	0.00672694	2000.000000	0.0065844 	2000.000000	0.0065503 	2000.000000	0.00672636	2000.000000	5.77679e-07	
2100.000000	0.00580462	2100.000000	0.00673537	2100.000000	0.00657203	2100.000000	0.00653806	2100.000000	0.00673481	2100.000000	5.51953e-07	
2200.000000	0.00582817	2200.000000	0.00674844	2200.000000	0.00656313	2200.000000	0.00652916	2200.000000	0.00674792	2200.000000	5.28487e-07	
2300.000000	0.00585617	2300.000000	0.00676557	2300.000000	0.00655705	2300.000000	0.00652309	2300.000000	0.00676506	2300.000000	5.06993e-07	
2400.000000	0.00588813	2400.000000	0.00678624	2400.000000	0.0065533 	2400.000000	0.00651939	2400.000000	0.00678575	2400.000000	4.87229e-07	
2500.000000	0.00592364	2500.000000	0.00681002	2500.000000	0.00655148	2500.000000	0.00651771	2500.000000	0.00680955	2500.000000	4.68993e-07	
2600.000000	0.00596235	2600.000000	0.00683655	2600.000000	0.00655135	2600.000000	0.00651775	2600.000000	0.0068361 	2600.000000	4.52112e-07	
2700.000000	0.00600396	2700.000000	0.00686552	2700.000000	0.0065527 	2700.000000	0.00651926	2700.000000	0.00686509	2700.000000	4.3644e-07	
2800.000000	0.00604821	2800.000000	0.00689667	2800.000000	0.00655533	2800.000000	0.00652202	2800.000000	0.00689625	2800.000000	4.21849e-07	
2900.000000	0.00609487	2900.000000	0.00692977	2900.000000	0.00655908	2900.000000	0.00652587	2900.000000	0.00692937	2900.000000	4.08231e-07	
3000.000000	0.00614376	3000.000000	0.00696463	3000.000000	0.0065638 	3000.000000	0.00653063	3000.000000	0.00696423	3000.000000	3.95491e-07	
3200.000000	0.00624753	3200.000000	0.00703891	3200.000000	0.00657559	3200.000000	0.00654243	3200.000000	0.00703854	3200.000000	3.7232e-07	
3400.000000	0.00635838	3400.000000	0.00711838	3400.000000	0.00658976	3400.000000	0.0065566 	3400.000000	0.00711803	3400.000000	3.51788e-07	
3600.000000	0.00647542	3600.000000	0.00720215	3600.000000	0.00660565	3600.000000	0.0065725 	3600.000000	0.00720182	3600.000000	3.33462e-07	
3800.000000	0.00659793	3800.000000	0.00728951	3800.000000	0.00662279	3800.000000	0.00658968	3800.000000	0.0072892 	3800.000000	3.17003e-07	
4000.000000	0.00672534	4000.000000	0.0073799 	4000.000000	0.00664081	4000.000000	0.00660777	4000.000000	0.0073796 	4000.000000	3.02137e-07	
4200.000000	0.00685718	4200.000000	0.00747287	4200.000000	0.00665947	4200.000000	0.00662651	4200.000000	0.00747258	4200.000000	2.88641e-07	
4400.000000	0.00699307	4400.000000	0.00756803	4400.000000	0.00667856	4400.000000	0.00664569	4400.000000	0.00756775	4400.000000	2.76333e-07	
4600.000000	0.00713268	4600.000000	0.00766508	4600.000000	0.00669793	4600.000000	0.00666515	4600.000000	0.00766482	4600.000000	2.6506e-07	
4800.000000	0.00727574	4800.000000	0.00776378	4800.000000	0.00671745	4800.000000	0.00668475	4800.000000	0.00776352	4800.000000	2.54696e-07	
5000.000000	0.00742203	5000.000000	0.00786389	5000.000000	0.00673704	5000.000000	0.0067044 	5000.000000	0.00786365	5000.000000	2.45135e-07	
5250.000000	0.00760913	5250.000000	0.00799076	5250.000000	0.00676148	5250.000000	0.00672893	5250.000000	0.00799053	5250.000000	2.34175e-07	
5500.000000	0.00780065	5500.000000	0.00811927	5500.000000	0.00678579	5500.000000	0.00675329	5500.000000	0.00811905	5500.000000	2.2418e-07	
6000.000000	0.00819595	6000.000000	0.00838031	6000.000000	0.00683365	6000.000000	0.00680126	6000.000000	0.00838011	6000.000000	2.06611e-07	
6500.000000	0.00860626	6500.000000	0.00864551	6500.000000	0.00688019	6500.000000	0.00684787	6500.000000	0.00864532	6500.000000	1.91663e-07	
7000.000000	0.00903039	7000.000000	0.00891381	7000.000000	0.00692519	7000.000000	0.00689293	7000.000000	0.00891363	7000.000000	1.78785e-07	
7500.000000	0.00946747	7500.000000	0.00918445	7500.000000	0.00696856	7500.000000	0.00693636	7500.000000	0.00918428	7500.000000	1.67572e-07	
8000.000000	0.00991683	8000.000000	0.00945685	8000.000000	0.00701031	8000.000000	0.00697815	8000.000000	0.0094567 	8000.000000	1.57718e-07	
8500.000000	0.010378  	8500.000000	0.00973061	8500.000000	0.00705046	8500.000000	0.00701834	8500.000000	0.00973046	8500.000000	1.48987e-07	
9000.000000	0.0108505 	9000.000000	0.0100054 	9000.000000	0.00708907	9000.000000	0.00705698	9000.000000	0.0100052 	9000.000000	1.41198e-07	
9500.000000	0.011334  	9500.000000	0.0102809 	9500.000000	0.00712621	9500.000000	0.00709415	9500.000000	0.0102808 	9500.000000	1.34203e-07	
10000.000000	0.0118284 	10000.000000	0.0105571 	10000.000000	0.00716196	10000.000000	0.00712991	10000.000000	0.0105569 	10000.000000	1.27887e-07	
11000.000000	0.0128488 	11000.000000	0.0111104 	11000.000000	0.00722955	11000.000000	0.00719754	11000.000000	0.0111103 	11000.000000	1.16925e-07	
12000.000000	0.0139105 	12000.000000	0.0116646 	12000.000000	0.00729238	12000.000000	0.00726045	12000.000000	0.0116645 	12000.000000	1.07738e-07	
13000.000000	0.0150127 	13000.000000	0.012219  	13000.000000	0.00735086	13000.000000	0.00731917	13000.000000	0.0122189 	13000.000000	9.9923e-08	
14000.000000	0.0161548 	14000.000000	0.0127733 	14000.000000	0.00740544	14000.000000	0.00737416	14000.000000	0.0127732 	14000.000000	9.31919e-08	
15000.000000	0.0173365 	15000.000000	0.0133271 	15000.000000	0.00745665	15000.000000	0.00742582	15000.000000	0.013327  	15000.000000	8.7332e-08	
16000.000000	0.0185576 	16000.000000	0.0138803 	16000.000000	0.00750496	16000.000000	0.0074745 	16000.000000	0.0138802 	16000.000000	8.21833e-08	
17000.000000	0.0198179 	17000.000000	0.0144328 	17000.000000	0.00755074	17000.000000	0.00752051	17000.000000	0.0144327 	17000.000000	7.76227e-08	
18000.000000	0.0211174 	18000.000000	0.0149845 	18000.000000	0.00759423	18000.000000	0.00756411	18000.000000	0.0149844 	18000.000000	7.3554e-08	
19000.000000	0.0224561 	19000.000000	0.0155354 	19000.000000	0.00763564	19000.000000	0.00760552	19000.000000	0.0155353 	19000.000000	6.99011e-08	
20000.000000	0.0238339 	20000.000000	0.0160854 	20000.000000	0.00767514	20000.000000	0.00764494	20000.000000	0.0160853 	20000.000000	6.66029e-08	
21000.000000	0.0252509 	21000.000000	0.0166344 	21000.000000	0.00771274	21000.000000	0.00768254	21000.000000	0.0166344 	21000.000000	6.36096e-08	
22000.000000	0.0267073 	22000.000000	0.0171826 	22000.000000	0.00774827	22000.000000	0.00771849	22000.000000	0.0171826 	22000.000000	6.08805e-08	
23000.000000	0.028203  	23000.000000	0.0177299 	23000.000000	0.00778228	23000.000000	0.00775291	23000.000000	0.0177299 	23000.000000	5.83818e-08	
24000.000000	0.0297384 	24000.000000	0.0182763 	24000.000000	0.00781496	24000.000000	0.00778592	24000.000000	0.0182763 	24000.000000	5.60854e-08	
25000.000000	0.0313133 	25000.000000	0.0188219 	25000.000000	0.00784637	25000.000000	0.00781763	25000.000000	0.0188218 	25000.000000	5.39672e-08	
26000.000000	0.0329281 	26000.000000	0.0193665 	26000.000000	0.00787661	26000.000000	0.00784813	26000.000000	0.0193665 	26000.000000	5.20073e-08	
27000.000000	0.0345829 	27000.000000	0.0199103 	27000.000000	0.00790578	27000.000000	0.00787752	27000.000000	0.0199103 	27000.000000	5.01884e-08	
28000.000000	0.0362777 	28000.000000	0.0204533 	28000.000000	0.00793391	28000.000000	0.00790586	28000.000000	0.0204532 	28000.000000	4.84956e-08	
29000.000000	0.0380129 	29000.000000	0.0209954 	29000.000000	0.00796103	29000.000000	0.00793323	29000.000000	0.0209954 	29000.000000	4.69162e-08	
30000.000000	0.0397886 	30000.000000	0.0215368 	30000.000000	0.00798721	30000.000000	0.00795969	30000.000000	0.0215367 	30000.000000	4.54391e-08	
32000.000000	0.0434621 	32000.000000	0.0226171 	32000.000000	0.0080369 	32000.000000	0.0080101 	32000.000000	0.0226171 	32000.000000	4.27539e-08	
34000.000000	0.0472999 	34000.000000	0.0236944 	34000.000000	0.00808343	34000.000000	0.0080575 	34000.000000	0.0236944 	34000.000000	4.03758e-08	
36000.000000	0.0513035 	36000.000000	0.0247688 	36000.000000	0.00812724	36000.000000	0.0081022 	36000.000000	0.0247688 	36000.000000	3.82546e-08	
38000.000000	0.0554746 	38000.000000	0.0258405 	38000.000000	0.00816869	38000.000000	0.00814451	38000.000000	0.0258404 	38000.000000	3.63503e-08	
40000.000000	0.0598148 	40000.000000	0.0269095 	40000.000000	0.00820797	40000.000000	0.00818466	40000.000000	0.0269095 	40000.000000	3.46312e-08	
42000.000000	0.064326  	42000.000000	0.027976  	42000.000000	0.00824526	42000.000000	0.00822285	42000.000000	0.0279759 	42000.000000	3.30713e-08	
44000.000000	0.0690099 	44000.000000	0.02904   	44000.000000	0.00828072	44000.000000	0.00825926	44000.000000	0.02904   	44000.000000	3.16492e-08	
46000.000000	0.0738683 	46000.000000	0.0301018 	46000.000000	0.00831452	46000.000000	0.00829406	46000.000000	0.0301017 	46000.000000	3.03473e-08	
48000.000000	0.078903  	48000.000000	0.0311612 	48000.000000	0.00834679	48000.000000	0.00832737	48000.000000	0.0311612 	48000.000000	2.91508e-08	
50000.000000	0.0841159 	50000.000000	0.0322186 	50000.000000	0.00837764	50000.000000	0.00835932	50000.000000	0.0322186 	50000.000000	2.80475e-08	
