*Energy (MeV/u)1	0 - [He-base] F.Hubert et al, AD&ND Tables 46(1990)1	Energy (MeV/u)2	1 - [H -base] J.F.Ziegler et al, Pergamon Press, NY (low energy)	Energy (MeV/u)3	2 - ATIMA 1.2  LS-theory (recommended for high energy)	Energy (MeV/u)4	3 - ATIMA 1.2  without LS-correction	Energy (MeV/u)5	4 - electrical component of [1] - J.F.Ziegler et al	Energy (MeV/u)6	5 - nuclear component of [1] - J.F.Ziegler et al	
0.001000	0.195231  	0.001000	0.0326037 	0.001000	0.0335614 	0.001000	0.0335614 	0.001000	0.0251287 	0.001000	0.00747498	
0.002000	0.254854  	0.002000	0.0508433 	0.002000	0.0525005 	0.002000	0.0525005 	0.002000	0.0434855 	0.002000	0.00735782	
0.005000	0.39898   	0.005000	0.09146   	0.005000	0.094706  	0.005000	0.094706  	0.005000	0.085185  	0.005000	0.00627499	
0.008000	0.506045  	0.008000	0.122095  	0.008000	0.126541  	0.008000	0.126541  	0.008000	0.116677  	0.008000	0.00541733	
0.010000	0.564693  	0.010000	0.13938   	0.010000	0.144501  	0.010000	0.144501  	0.010000	0.134403  	0.010000	0.00497678	
0.015000	0.721031  	0.015000	0.174004  	0.015000	0.182533  	0.015000	0.182533  	0.015000	0.169836  	0.015000	0.00416839	
0.020000	0.851721  	0.020000	0.202698  	0.020000	0.214511  	0.020000	0.214511  	0.020000	0.199083  	0.020000	0.00361491	
0.025000	0.963117  	0.025000	0.227424  	0.025000	0.242885  	0.025000	0.242885  	0.025000	0.224215  	0.025000	0.0032088 	
0.030000	1.0586    	0.030000	0.249223  	0.030000	0.26233   	0.030000	0.26233   	0.030000	0.246327  	0.030000	0.00289603	
0.035000	1.1402    	0.035000	0.268721  	0.035000	0.279611  	0.035000	0.279611  	0.035000	0.266074  	0.035000	0.00264651	
0.040000	1.20932   	0.040000	0.286325  	0.040000	0.295179  	0.040000	0.295179  	0.040000	0.283883  	0.040000	0.00244204	
0.045000	1.26708   	0.045000	0.302319  	0.045000	0.309337  	0.045000	0.309337  	0.045000	0.300048  	0.045000	0.0022709 	
0.050000	1.3145    	0.050000	0.316907  	0.050000	0.322293  	0.050000	0.322293  	0.050000	0.314781  	0.050000	0.00212523	
0.055000	1.35255   	0.055000	0.330245  	0.055000	0.3342    	0.055000	0.3342    	0.055000	0.328245  	0.055000	0.00199948	
0.060000	1.3822    	0.060000	0.342456  	0.060000	0.345174  	0.060000	0.345174  	0.060000	0.340566  	0.060000	0.00188965	
0.070000	1.42013   	0.070000	0.363882  	0.070000	0.36466   	0.070000	0.36466   	0.070000	0.362176  	0.070000	0.00170658	
0.080000	1.43564   	0.080000	0.381821  	0.080000	0.381282  	0.080000	0.381282  	0.080000	0.380261  	0.080000	0.00155962	
0.090000	1.43528   	0.090000	0.396758  	0.090000	0.395416  	0.090000	0.395416  	0.090000	0.39532   	0.090000	0.00143865	
0.100000	1.42437   	0.100000	0.409096  	0.100000	0.407358  	0.100000	0.407358  	0.100000	0.407759  	0.100000	0.00133711	
0.120000	1.38608   	0.120000	0.427285  	0.120000	0.425606  	0.120000	0.425606  	0.120000	0.426121  	0.120000	0.00116465	
0.140000	1.34086   	0.140000	0.438661  	0.140000	0.437684  	0.140000	0.437684  	0.140000	0.437618  	0.140000	0.00104284	
0.160000	1.29725   	0.160000	0.444945  	0.160000	0.444901  	0.160000	0.444901  	0.160000	0.443999  	0.160000	0.000946259	
0.180000	1.25795   	0.180000	0.447467  	0.180000	0.448345  	0.180000	0.448345  	0.180000	0.4466    	0.180000	0.000867602	
0.200000	1.22315   	0.200000	0.447237  	0.200000	0.448898  	0.200000	0.448898  	0.200000	0.446435  	0.200000	0.000802162	
0.250000	1.15133   	0.250000	0.439126  	0.250000	0.441924  	0.250000	0.441924  	0.250000	0.438448  	0.250000	0.000677854	
0.300000	1.09267   	0.300000	0.425469  	0.300000	0.428439  	0.300000	0.428439  	0.300000	0.424879  	0.300000	0.000589475	
0.350000	1.04096   	0.350000	0.409799  	0.350000	0.412422  	0.350000	0.412422  	0.350000	0.409276  	0.350000	0.000523089	
0.400000	0.993595  	0.400000	0.393792  	0.400000	0.39588   	0.400000	0.39588   	0.400000	0.39332   	0.400000	0.000471213	
0.450000	0.949608  	0.450000	0.378233  	0.450000	0.37978   	0.450000	0.37978   	0.450000	0.377804  	0.450000	0.000429449	
0.500000	0.908628  	0.500000	0.363479  	0.500000	0.364556  	0.500000	0.364556  	0.500000	0.363084  	0.500000	0.000395033	
0.600000	0.83499   	0.600000	0.336815  	0.600000	0.337231  	0.600000	0.337231  	0.600000	0.336473  	0.600000	0.000341492	
0.700000	0.771412  	0.700000	0.313861  	0.700000	0.313928  	0.700000	0.313928  	0.700000	0.313559  	0.700000	0.00030162	
0.800000	0.716521  	0.800000	0.294137  	0.800000	0.294058  	0.800000	0.294058  	0.800000	0.293866  	0.800000	0.000270673	
0.900000	0.668941  	0.900000	0.277095  	0.900000	0.276986  	0.900000	0.276986  	0.900000	0.276849  	0.900000	0.000245895	
1.000000	0.627438  	1.000000	0.262247  	1.000000	0.262171  	1.000000	0.262171  	1.000000	0.262021  	1.000000	0.000225569	
1.250000	0.543922  	1.250000	0.232305  	1.250000	0.232408  	1.250000	0.232408  	1.250000	0.232117  	1.250000	0.00018768	
1.500000	0.480859  	1.500000	0.209506  	1.500000	0.209794  	1.500000	0.209794  	1.500000	0.209345  	1.500000	0.000161319	
1.750000	0.431469  	1.750000	0.191438  	1.750000	0.191872  	1.750000	0.191872  	1.750000	0.191296  	1.750000	0.000141839	
2.000000	0.391663  	2.000000	0.176686  	2.000000	0.177224  	2.000000	0.177224  	2.000000	0.176559  	2.000000	0.000126811	
2.250000	0.358854  	2.250000	0.164368  	2.250000	0.164979  	2.250000	0.164979  	2.250000	0.164253  	2.250000	0.00011484	
2.500000	0.325776  	2.500000	0.153902  	2.500000	0.154561  	2.500000	0.154561  	2.500000	0.153797  	2.500000	0.000105061	
3.000000	0.284353  	3.000000	0.137028  	3.000000	0.137733  	3.000000	0.137733  	3.000000	0.136937  	3.000000	9.00107e-05	
3.500000	0.252953  	3.500000	0.123975  	3.500000	0.124688  	3.500000	0.124688  	3.500000	0.123896  	3.500000	7.89345e-05	
4.000000	0.228258  	4.000000	0.113551  	4.000000	0.114252  	4.000000	0.114252  	4.000000	0.11348   	4.000000	7.04188e-05	
4.500000	0.208284  	4.500000	0.105016  	4.500000	0.105695  	4.500000	0.105695  	4.500000	0.104952  	4.500000	6.36538e-05	
5.000000	0.191767  	5.000000	0.0978871 	5.000000	0.0985392 	5.000000	0.0985392 	5.000000	0.097829  	5.000000	5.81412e-05	
5.500000	0.177865  	5.500000	0.0918322 	5.500000	0.0924557 	5.500000	0.0924557 	5.500000	0.0917787 	5.500000	5.3557e-05	
6.000000	0.165988  	6.000000	0.0866173 	6.000000	0.0872119 	6.000000	0.0872119 	6.000000	0.0865676 	6.000000	4.96808e-05	
6.500000	0.155716  	6.500000	0.082072  	6.500000	0.0826385 	6.500000	0.0826385 	6.500000	0.0820257 	6.500000	4.63576e-05	
7.000000	0.146737  	7.000000	0.0780697 	7.000000	0.0786091 	7.000000	0.0786091 	7.000000	0.0780263 	7.000000	4.34748e-05	
7.500000	0.138818  	7.500000	0.0745141 	7.500000	0.0750276 	7.500000	0.0750276 	7.500000	0.0744732 	7.500000	4.09488e-05	
8.000000	0.131776  	8.000000	0.0713307 	8.000000	0.0718198 	8.000000	0.0718198 	8.000000	0.071292  	8.000000	3.8716e-05	
8.500000	0.125471  	8.500000	0.068461  	8.500000	0.068927  	8.500000	0.068927  	8.500000	0.0684242 	8.500000	3.67272e-05	
9.000000	0.119791  	9.000000	0.0658583 	9.000000	0.0663027 	9.000000	0.0663027 	9.000000	0.0658233 	9.000000	3.49439e-05	
9.500000	0.114645  	9.500000	0.063485  	9.500000	0.063909  	9.500000	0.063909  	9.500000	0.0634516 	9.500000	3.3335e-05	
10.000000	0.109961  	10.000000	0.0618814 	10.000000	0.0617152 	10.000000	0.0617152 	10.000000	0.0618495 	10.000000	3.18759e-05	
11.000000	0.101742  	11.000000	0.0584765 	11.000000	0.057998  	11.000000	0.0580034 	11.000000	0.0584471 	11.000000	2.93288e-05	
12.000000	0.0947631 	12.000000	0.0554109 	12.000000	0.054782  	12.000000	0.0547912 	12.000000	0.0553837 	12.000000	2.71781e-05	
13.000000	0.0887575 	13.000000	0.0526481 	13.000000	0.0519663 	13.000000	0.0519765 	13.000000	0.0526227 	13.000000	2.53367e-05	
14.000000	0.0835319 	14.000000	0.0501519 	14.000000	0.0494751 	14.000000	0.0494848 	14.000000	0.0501282 	14.000000	2.37412e-05	
15.000000	0.0789408 	15.000000	0.0478895 	15.000000	0.04725   	15.000000	0.0472596 	15.000000	0.0478671 	15.000000	2.23446e-05	
16.000000	0.0748733 	16.000000	0.0458316 	16.000000	0.045248  	16.000000	0.0452573 	16.000000	0.0458105 	16.000000	2.11113e-05	
17.000000	0.0712432 	17.000000	0.0439532 	17.000000	0.0434355 	17.000000	0.0434436 	17.000000	0.0439332 	17.000000	2.00138e-05	
18.000000	0.0679823 	18.000000	0.0422328 	18.000000	0.041785  	18.000000	0.0417912 	18.000000	0.0422137 	18.000000	1.90304e-05	
19.000000	0.0650359 	19.000000	0.0406516 	19.000000	0.0402733 	19.000000	0.0402778 	19.000000	0.0406335 	19.000000	1.8144e-05	
20.000000	0.0623599 	20.000000	0.039194  	20.000000	0.0388774 	20.000000	0.0388819 	20.000000	0.0391766 	20.000000	1.73406e-05	
21.000000	0.059918  	21.000000	0.037846  	21.000000	0.0375903 	21.000000	0.0375952 	21.000000	0.0378294 	21.000000	1.66089e-05	
22.000000	0.0576802 	22.000000	0.0365961 	22.000000	0.0363982 	22.000000	0.0364019 	22.000000	0.0365801 	22.000000	1.59395e-05	
23.000000	0.0556215 	23.000000	0.0354339 	23.000000	0.0352903 	23.000000	0.0352913 	23.000000	0.0354185 	23.000000	1.53247e-05	
24.000000	0.0537207 	24.000000	0.0343505 	24.000000	0.034256  	24.000000	0.0342545 	24.000000	0.0343357 	24.000000	1.47579e-05	
25.000000	0.0519602 	25.000000	0.0333382 	25.000000	0.0332874 	25.000000	0.0332836 	25.000000	0.033324  	25.000000	1.42337e-05	
27.000000	0.0488007 	27.000000	0.0315008 	27.000000	0.031524  	27.000000	0.0315144 	27.000000	0.0314875 	27.000000	1.32947e-05	
29.000000	0.0460448 	29.000000	0.0298766 	29.000000	0.0299527 	29.000000	0.0299406 	29.000000	0.0298642 	29.000000	1.24776e-05	
31.000000	0.0436185 	31.000000	0.0284305 	31.000000	0.028527  	31.000000	0.0285144 	31.000000	0.0284187 	31.000000	1.17596e-05	
33.000000	0.041465  	33.000000	0.0271344 	33.000000	0.0272385 	33.000000	0.0272219 	33.000000	0.0271233 	33.000000	1.11236e-05	
35.000000	0.0395399 	35.000000	0.0259661 	35.000000	0.0260748 	35.000000	0.0260591 	35.000000	0.0259555 	35.000000	1.0556e-05	
38.000000	0.0370054 	38.000000	0.0244144 	38.000000	0.0245353 	38.000000	0.024517  	38.000000	0.0244046 	38.000000	9.81023e-06	
41.000000	0.0348163 	41.000000	0.023062  	41.000000	0.0231929 	41.000000	0.0231743 	41.000000	0.0230528 	41.000000	9.16741e-06	
44.000000	0.0329051 	44.000000	0.0218724 	44.000000	0.0220101 	44.000000	0.0219935 	44.000000	0.0218638 	44.000000	8.60732e-06	
47.000000	0.0312211 	47.000000	0.0208177 	47.000000	0.0209652 	47.000000	0.0209465 	47.000000	0.0208096 	47.000000	8.11471e-06	
50.000000	0.0297254 	50.000000	0.019876  	50.000000	0.02003   	50.000000	0.020011  	50.000000	0.0198683 	50.000000	7.67791e-06	
55.000000	0.027571  	55.000000	0.0185117 	55.000000	0.0186751 	55.000000	0.0186544 	55.000000	0.0185047 	55.000000	7.05005e-06	
60.000000	0.0257519 	60.000000	0.0173532 	60.000000	0.0175195 	60.000000	0.0175005 	60.000000	0.0173466 	60.000000	6.52124e-06	
65.000000	0.0241942 	65.000000	0.0163566 	65.000000	0.0165257 	65.000000	0.0165062 	65.000000	0.0163506 	65.000000	6.06945e-06	
70.000000	0.0228443 	70.000000	0.01549   	70.000000	0.0156597 	70.000000	0.0156399 	70.000000	0.0154843 	70.000000	5.67876e-06	
75.000000	0.0216623 	75.000000	0.0147292 	75.000000	0.0148962 	75.000000	0.014878  	75.000000	0.0147239 	75.000000	5.33741e-06	
80.000000	0.0206183 	80.000000	0.0140558 	80.000000	0.0142221 	80.000000	0.0142023 	80.000000	0.0140508 	80.000000	5.03647e-06	
85.000000	0.0196887 	85.000000	0.0134554 	85.000000	0.0136176 	85.000000	0.0135988 	85.000000	0.0134507 	85.000000	4.76907e-06	
90.000000	0.0188555 	90.000000	0.0129167 	90.000000	0.0130744 	90.000000	0.0130564 	90.000000	0.0129121 	90.000000	4.52983e-06	
95.000000	0.018104  	95.000000	0.0124304 	95.000000	0.0125853 	95.000000	0.0125661 	95.000000	0.0124261 	95.000000	4.31445e-06	
100.000000	0.0174225 	100.000000	0.0119893 	100.000000	0.012139  	100.000000	0.0121206 	100.000000	0.0119852 	100.000000	4.11949e-06	
105.000000	0.0168015 	105.000000	0.0115872 	105.000000	0.0117316 	105.000000	0.011714  	105.000000	0.0115833 	105.000000	3.94213e-06	
110.000000	0.016233  	110.000000	0.0112192 	110.000000	0.0113581 	110.000000	0.0113413 	110.000000	0.0112155 	110.000000	3.78005e-06	
115.000000	0.0157105 	115.000000	0.0108811 	115.000000	0.0110158 	115.000000	0.0109985 	115.000000	0.0108775 	115.000000	3.63135e-06	
120.000000	0.0152285 	120.000000	0.0105693 	120.000000	0.0106997 	120.000000	0.010682  	120.000000	0.0105658 	120.000000	3.49439e-06	
125.000000	0.0147824 	125.000000	0.0102809 	125.000000	0.0104057 	125.000000	0.0103889 	125.000000	0.0102775 	125.000000	3.36784e-06	
130.000000	0.0143682 	130.000000	0.0100133 	130.000000	0.010133  	130.000000	0.0101167 	130.000000	0.01001   	130.000000	3.25051e-06	
135.000000	0.0139824 	135.000000	0.00976431	135.000000	0.0098802 	135.000000	0.00986315	135.000000	0.00976117	135.000000	3.14144e-06	
140.000000	0.0136223 	140.000000	0.00953205	140.000000	0.00964359	140.000000	0.00962647	140.000000	0.00952901	140.000000	3.03976e-06	
145.000000	0.0132852 	145.000000	0.00931488	145.000000	0.00942148	145.000000	0.009405  	145.000000	0.00931194	145.000000	2.94473e-06	
150.000000	0.012969  	150.000000	0.00911137	150.000000	0.00921337	150.000000	0.0091973 	150.000000	0.00910852	150.000000	2.85572e-06	
155.000000	0.0125237 	155.000000	0.00892027	155.000000	0.00901765	155.000000	0.00900214	155.000000	0.0089175 	155.000000	2.77216e-06	
160.000000	0.0122628 	160.000000	0.00874046	160.000000	0.00883377	160.000000	0.00881839	160.000000	0.00873777	160.000000	2.69356e-06	
165.000000	0.0120166 	165.000000	0.00857097	165.000000	0.00866106	165.000000	0.0086451 	165.000000	0.00856835	165.000000	2.61949e-06	
170.000000	0.0117842 	170.000000	0.00841094	170.000000	0.00849739	170.000000	0.00848139	170.000000	0.00840839	170.000000	2.54955e-06	
175.000000	0.0115642 	175.000000	0.00825959	175.000000	0.00834201	175.000000	0.00832649	175.000000	0.00825711	175.000000	2.48341e-06	
180.000000	0.0113557 	180.000000	0.00811624	180.000000	0.0081949 	180.000000	0.00817971	180.000000	0.00811382	180.000000	2.42076e-06	
185.000000	0.0111579 	185.000000	0.00798026	185.000000	0.00805528	185.000000	0.00804043	185.000000	0.0079779 	185.000000	2.36133e-06	
190.000000	0.0109698 	190.000000	0.0078511 	190.000000	0.00792255	190.000000	0.00790809	190.000000	0.00784879	190.000000	2.30487e-06	
195.000000	0.0107909 	195.000000	0.00772826	195.000000	0.00779673	195.000000	0.00778219	195.000000	0.00772601	195.000000	2.25116e-06	
200.000000	0.0106204 	200.000000	0.00761129	200.000000	0.00767724	200.000000	0.00766228	200.000000	0.00760909	200.000000	2.20001e-06	
210.000000	0.0103024 	210.000000	0.00739334	210.000000	0.00745347	210.000000	0.00743878	210.000000	0.00739124	210.000000	2.10465e-06	
220.000000	0.0100118 	220.000000	0.00719441	220.000000	0.00724889	220.000000	0.00723471	220.000000	0.0071924 	220.000000	2.01754e-06	
230.000000	0.00974513	230.000000	0.00701212	230.000000	0.0070613 	230.000000	0.00704767	230.000000	0.00701018	230.000000	1.93764e-06	
240.000000	0.00949955	240.000000	0.00684447	240.000000	0.00688965	240.000000	0.00687565	240.000000	0.00684261	240.000000	1.86408e-06	
250.000000	0.00927263	250.000000	0.00668978	250.000000	0.00673095	250.000000	0.00671693	250.000000	0.00668799	250.000000	1.79613e-06	
260.000000	0.00906233	260.000000	0.00654662	260.000000	0.0065836 	260.000000	0.00657004	260.000000	0.00654488	260.000000	1.73315e-06	
270.000000	0.00886687	270.000000	0.00641375	270.000000	0.00644694	270.000000	0.00643375	270.000000	0.00641207	270.000000	1.67462e-06	
280.000000	0.00868474	280.000000	0.00629011	280.000000	0.00631983	280.000000	0.00630697	280.000000	0.00628849	280.000000	1.62007e-06	
290.000000	0.00851462	290.000000	0.0061748 	290.000000	0.006202  	290.000000	0.00618875	290.000000	0.00617323	290.000000	1.5691e-06	
300.000000	0.00835537	300.000000	0.006067  	300.000000	0.00609158	300.000000	0.00607829	300.000000	0.00606548	300.000000	1.52137e-06	
310.000000	0.00820598	310.000000	0.00596602	310.000000	0.00598778	310.000000	0.00597486	310.000000	0.00596454	310.000000	1.47658e-06	
320.000000	0.00806557	320.000000	0.00587124	320.000000	0.00589052	320.000000	0.00587784	320.000000	0.0058698 	320.000000	1.43445e-06	
330.000000	0.00793336	330.000000	0.00578212	330.000000	0.00579902	330.000000	0.00578666	330.000000	0.00578073	330.000000	1.39475e-06	
340.000000	0.00780866	340.000000	0.00569818	340.000000	0.00571307	340.000000	0.00570084	340.000000	0.00569682	340.000000	1.35728e-06	
350.000000	0.00769087	350.000000	0.00561899	350.000000	0.00563247	350.000000	0.00561993	350.000000	0.00561767	350.000000	1.32186e-06	
360.000000	0.00757942	360.000000	0.00554418	360.000000	0.00555617	360.000000	0.00554353	360.000000	0.00554289	360.000000	1.28831e-06	
370.000000	0.00747384	370.000000	0.00547339	370.000000	0.00548369	370.000000	0.00547131	370.000000	0.00547213	370.000000	1.25648e-06	
380.000000	0.00737367	380.000000	0.00540632	380.000000	0.00541509	380.000000	0.00540293	380.000000	0.0054051 	380.000000	1.22626e-06	
390.000000	0.00727853	390.000000	0.0053427 	390.000000	0.00535011	390.000000	0.00533812	390.000000	0.0053415 	390.000000	1.19751e-06	
400.000000	0.00718805	400.000000	0.00528228	400.000000	0.00528836	400.000000	0.00527662	400.000000	0.00528111	400.000000	1.17014e-06	
410.000000	0.00710191	410.000000	0.00522482	410.000000	0.00522981	410.000000	0.00521819	410.000000	0.00522368	410.000000	1.14403e-06	
420.000000	0.00701982	420.000000	0.00517014	420.000000	0.00517442	420.000000	0.00516262	420.000000	0.00516902	420.000000	1.11912e-06	
430.000000	0.0069415 	430.000000	0.00511803	430.000000	0.00512172	430.000000	0.00510972	430.000000	0.00511693	430.000000	1.09531e-06	
440.000000	0.00686672	440.000000	0.00506833	440.000000	0.00507127	440.000000	0.00505931	440.000000	0.00506726	440.000000	1.07253e-06	
450.000000	0.00679524	450.000000	0.00502088	450.000000	0.00502299	450.000000	0.00501123	450.000000	0.00501983	450.000000	1.05071e-06	
460.000000	0.00672686	460.000000	0.00497555	460.000000	0.00497693	460.000000	0.00496534	460.000000	0.00497452	460.000000	1.02981e-06	
470.000000	0.0066614 	470.000000	0.0049322 	470.000000	0.00493297	470.000000	0.00492149	470.000000	0.00493119	470.000000	1.00975e-06	
480.000000	0.00659868	480.000000	0.00489071	480.000000	0.0048909 	480.000000	0.00487957	480.000000	0.00488972	480.000000	9.90486e-07	
490.000000	0.00653854	490.000000	0.00485098	490.000000	0.00485061	490.000000	0.00483945	490.000000	0.00485   	490.000000	9.71975e-07	
500.000000	0.00648084	500.000000	0.00481289	500.000000	0.00481212	500.000000	0.00480104	500.000000	0.00481194	500.000000	9.54171e-07	
520.000000	0.00637221	520.000000	0.0047413 	520.000000	0.00474029	520.000000	0.00472894	520.000000	0.00474038	520.000000	9.20524e-07	
540.000000	0.0062718 	540.000000	0.00467527	540.000000	0.00467395	540.000000	0.00466258	540.000000	0.00467439	540.000000	8.89259e-07	
560.000000	0.00617879	560.000000	0.00461423	560.000000	0.00461245	560.000000	0.00460134	560.000000	0.00461337	560.000000	8.60128e-07	
580.000000	0.00609245	580.000000	0.00455767	580.000000	0.00455564	580.000000	0.0045447 	580.000000	0.00455684	580.000000	8.32917e-07	
600.000000	0.00601215	600.000000	0.00450516	600.000000	0.00450294	600.000000	0.00449222	600.000000	0.00450435	600.000000	8.0744e-07	
620.000000	0.00593732	620.000000	0.00445632	620.000000	0.00445409	620.000000	0.0044435 	620.000000	0.00445554	620.000000	7.83534e-07	
640.000000	0.00586749	640.000000	0.00441082	640.000000	0.00440896	640.000000	0.00439819	640.000000	0.00441006	640.000000	7.61056e-07	
660.000000	0.00580222	660.000000	0.00436835	660.000000	0.00436688	660.000000	0.00435597	660.000000	0.00436761	660.000000	7.39881e-07	
680.000000	0.00574114	680.000000	0.00432867	680.000000	0.00432738	680.000000	0.00431658	680.000000	0.00432795	680.000000	7.19897e-07	
700.000000	0.00568389	700.000000	0.00429153	700.000000	0.0042904 	700.000000	0.00427978	700.000000	0.00429083	700.000000	7.01004e-07	
720.000000	0.00563018	720.000000	0.00425674	720.000000	0.00425585	720.000000	0.00424535	720.000000	0.00425606	720.000000	6.83115e-07	
740.000000	0.00557974	740.000000	0.0042241 	740.000000	0.00422348	740.000000	0.0042131 	740.000000	0.00422344	740.000000	6.66151e-07	
760.000000	0.00553233	760.000000	0.00419346	760.000000	0.00419308	760.000000	0.00418286	760.000000	0.00419281	760.000000	6.50041e-07	
780.000000	0.00548771	780.000000	0.00416466	780.000000	0.0041646 	780.000000	0.00415446	780.000000	0.00416403	780.000000	6.34721e-07	
800.000000	0.0054457 	800.000000	0.00413757	800.000000	0.00413799	800.000000	0.00412778	800.000000	0.00413695	800.000000	6.20134e-07	
820.000000	0.00540612	820.000000	0.00411207	820.000000	0.00411303	820.000000	0.00410267	820.000000	0.00411146	820.000000	6.06227e-07	
840.000000	0.00536879	840.000000	0.00408804	840.000000	0.00408947	840.000000	0.00407904	840.000000	0.00408744	840.000000	5.92954e-07	
860.000000	0.00533358	860.000000	0.00406539	860.000000	0.00406715	860.000000	0.00405677	860.000000	0.0040648 	860.000000	5.80272e-07	
880.000000	0.00530034	880.000000	0.00404402	880.000000	0.00404603	880.000000	0.00403576	880.000000	0.00404345	880.000000	5.68142e-07	
900.000000	0.00526896	900.000000	0.00402385	900.000000	0.0040261 	900.000000	0.00401594	900.000000	0.00402329	900.000000	5.56527e-07	
920.000000	0.00523931	920.000000	0.00400481	920.000000	0.00400729	920.000000	0.00399722	920.000000	0.00400426	920.000000	5.45395e-07	
940.000000	0.00521129	940.000000	0.00398682	940.000000	0.00398954	940.000000	0.00397953	940.000000	0.00398629	940.000000	5.34717e-07	
960.000000	0.00518482	960.000000	0.00396983	960.000000	0.00397275	960.000000	0.0039628 	960.000000	0.0039693 	960.000000	5.24465e-07	
980.000000	0.00515979	980.000000	0.00395376	980.000000	0.00395687	980.000000	0.00394698	980.000000	0.00395325	980.000000	5.14613e-07	
1000.000000	0.00513613	1000.000000	0.00393857	1000.000000	0.00394183	1000.000000	0.003932  	1000.000000	0.00393807	1000.000000	5.05138e-07	
1020.000000	0.00511376	1020.000000	0.00392421	1020.000000	0.00392758	1020.000000	0.00391781	1020.000000	0.00392371	1020.000000	4.96019e-07	
1040.000000	0.00509261	1040.000000	0.00391063	1040.000000	0.00391405	1040.000000	0.00390437	1040.000000	0.00391014	1040.000000	4.87236e-07	
1060.000000	0.00507262	1060.000000	0.00389778	1060.000000	0.00390123	1060.000000	0.00389163	1060.000000	0.0038973 	1060.000000	4.7877e-07	
1080.000000	0.00505372	1080.000000	0.00388563	1080.000000	0.00388908	1080.000000	0.00387954	1080.000000	0.00388516	1080.000000	4.70605e-07	
1100.000000	0.00503587	1100.000000	0.00387414	1100.000000	0.00387759	1100.000000	0.00386808	1100.000000	0.00387368	1100.000000	4.62723e-07	
1120.000000	0.005019  	1120.000000	0.00386328	1120.000000	0.00386691	1120.000000	0.00385739	1120.000000	0.00386282	1120.000000	4.55111e-07	
1140.000000	0.00500307	1140.000000	0.003853  	1140.000000	0.00385686	1140.000000	0.00384728	1140.000000	0.00385255	1140.000000	4.47755e-07	
1160.000000	0.00498803	1160.000000	0.00384329	1160.000000	0.00384735	1160.000000	0.0038377 	1160.000000	0.00384285	1160.000000	4.40642e-07	
1180.000000	0.00497385	1180.000000	0.00383412	1180.000000	0.00383832	1180.000000	0.0038286 	1180.000000	0.00383368	1180.000000	4.3376e-07	
1200.000000	0.00496048	1200.000000	0.00382545	1200.000000	0.00382974	1200.000000	0.00381998	1200.000000	0.00382502	1200.000000	4.27098e-07	
1220.000000	0.00494788	1220.000000	0.00381727	1220.000000	0.00382156	1220.000000	0.00381179	1220.000000	0.00381685	1220.000000	4.20644e-07	
1240.000000	0.00493602	1240.000000	0.00380955	1240.000000	0.00381376	1240.000000	0.00380402	1240.000000	0.00380913	1240.000000	4.1439e-07	
1260.000000	0.00492486	1260.000000	0.00380226	1260.000000	0.00380635	1260.000000	0.00379665	1260.000000	0.00380185	1260.000000	4.08327e-07	
1280.000000	0.00491439	1280.000000	0.0037954 	1280.000000	0.0037993 	1280.000000	0.00378966	1280.000000	0.003795  	1280.000000	4.02445e-07	
1300.000000	0.00490455	1300.000000	0.00378894	1300.000000	0.00379262	1300.000000	0.00378303	1300.000000	0.00378854	1300.000000	3.96736e-07	
1320.000000	0.00489534	1320.000000	0.00378286	1320.000000	0.00378628	1320.000000	0.00377673	1320.000000	0.00378246	1320.000000	3.91193e-07	
1340.000000	0.00488672	1340.000000	0.00377714	1340.000000	0.00378027	1340.000000	0.00377076	1340.000000	0.00377675	1340.000000	3.85808e-07	
1360.000000	0.00487867	1360.000000	0.00377177	1360.000000	0.00377458	1360.000000	0.0037651 	1360.000000	0.00377139	1360.000000	3.80575e-07	
1380.000000	0.00487117	1380.000000	0.00376674	1380.000000	0.00376918	1380.000000	0.00375974	1380.000000	0.00376637	1380.000000	3.75488e-07	
1400.000000	0.00486419	1400.000000	0.00376203	1400.000000	0.00376407	1400.000000	0.00375465	1400.000000	0.00376166	1400.000000	3.7054e-07	
1420.000000	0.00485771	1420.000000	0.00375763	1420.000000	0.00375922	1420.000000	0.00374983	1420.000000	0.00375726	1420.000000	3.65725e-07	
1440.000000	0.00485172	1440.000000	0.00375352	1440.000000	0.00375462	1440.000000	0.00374526	1440.000000	0.00375316	1440.000000	3.61039e-07	
1460.000000	0.00484619	1460.000000	0.0037497 	1460.000000	0.00375026	1460.000000	0.00374094	1460.000000	0.00374934	1460.000000	3.56475e-07	
1480.000000	0.00484112	1480.000000	0.00374614	1480.000000	0.00374613	1480.000000	0.00373685	1480.000000	0.00374579	1480.000000	3.5203e-07	
1500.000000	0.00483647	1500.000000	0.00374285	1500.000000	0.00374222	1500.000000	0.00373298	1500.000000	0.0037425 	1500.000000	3.47699e-07	
1520.000000	0.00483224	1520.000000	0.00373981	1520.000000	0.00373852	1520.000000	0.00372932	1520.000000	0.00373946	1520.000000	3.43476e-07	
1540.000000	0.00482841	1540.000000	0.00373701	1540.000000	0.00373504	1540.000000	0.00372586	1540.000000	0.00373667	1540.000000	3.39359e-07	
1560.000000	0.00482497	1560.000000	0.00373444	1560.000000	0.00373175	1560.000000	0.0037226 	1560.000000	0.0037341 	1560.000000	3.35343e-07	
1580.000000	0.0048219 	1580.000000	0.00373209	1580.000000	0.00372867	1580.000000	0.00371952	1580.000000	0.00373176	1580.000000	3.31425e-07	
1600.000000	0.0048192 	1600.000000	0.00372996	1600.000000	0.00372576	1600.000000	0.00371662	1600.000000	0.00372963	1600.000000	3.276e-07 	
1620.000000	0.00481684	1620.000000	0.00372804	1620.000000	0.00372305	1620.000000	0.00371389	1620.000000	0.00372771	1620.000000	3.23866e-07	
1640.000000	0.00481482	1640.000000	0.00372631	1640.000000	0.0037205 	1640.000000	0.00371132	1640.000000	0.00372599	1640.000000	3.20219e-07	
1660.000000	0.00481312	1660.000000	0.00372478	1660.000000	0.00371811	1660.000000	0.0037089 	1660.000000	0.00372446	1660.000000	3.16657e-07	
1680.000000	0.00481174	1680.000000	0.00372343	1680.000000	0.00371588	1680.000000	0.00370664	1680.000000	0.00372312	1680.000000	3.13175e-07	
1700.000000	0.00481067	1700.000000	0.00372227	1700.000000	0.00371379	1700.000000	0.00370452	1700.000000	0.00372196	1700.000000	3.09773e-07	
1750.000000	0.00480925	1750.000000	0.00372009	1750.000000	0.00370914	1750.000000	0.0036998 	1750.000000	0.00371979	1750.000000	3.01592e-07	
1800.000000	0.00480954	1800.000000	0.00371891	1800.000000	0.00370524	1800.000000	0.00369586	1800.000000	0.00371862	1800.000000	2.93848e-07	
1850.000000	0.00481141	1850.000000	0.00371864	1850.000000	0.00370198	1850.000000	0.00369261	1850.000000	0.00371835	1850.000000	2.86506e-07	
1900.000000	0.00481475	1900.000000	0.00371921	1900.000000	0.00369933	1900.000000	0.00369   	1900.000000	0.00371893	1900.000000	2.79534e-07	
1950.000000	0.00481945	1950.000000	0.00372056	1950.000000	0.00369724	1950.000000	0.00368796	1950.000000	0.00372029	1950.000000	2.72906e-07	
2000.000000	0.00482543	2000.000000	0.00372263	2000.000000	0.00369567	2000.000000	0.00368644	2000.000000	0.00372236	2000.000000	2.66596e-07	
2100.000000	0.00484088	2100.000000	0.00372872	2100.000000	0.00369393	2100.000000	0.00368478	2100.000000	0.00372847	2100.000000	2.54841e-07	
2200.000000	0.00486052	2200.000000	0.00373712	2200.000000	0.00369379	2200.000000	0.0036847 	2200.000000	0.00373687	2200.000000	2.44113e-07	
2300.000000	0.00488387	2300.000000	0.00374752	2300.000000	0.00369496	2300.000000	0.00368592	2300.000000	0.00374729	2300.000000	2.34281e-07	
2400.000000	0.00491053	2400.000000	0.00375968	2400.000000	0.00369722	2400.000000	0.00368823	2400.000000	0.00375945	2400.000000	2.25237e-07	
2500.000000	0.00494014	2500.000000	0.00377338	2500.000000	0.00370039	2500.000000	0.00369146	2500.000000	0.00377316	2500.000000	2.16889e-07	
2600.000000	0.00497242	2600.000000	0.00378845	2600.000000	0.00370433	2600.000000	0.00369546	2600.000000	0.00378824	2600.000000	2.09157e-07	
2700.000000	0.00500712	2700.000000	0.00380472	2700.000000	0.00370893	2700.000000	0.0037001 	2700.000000	0.00380452	2700.000000	2.01977e-07	
2800.000000	0.00504402	2800.000000	0.00382208	2800.000000	0.00371409	2800.000000	0.00370528	2800.000000	0.00382188	2800.000000	1.95289e-07	
2900.000000	0.00508294	2900.000000	0.0038404 	2900.000000	0.00371973	2900.000000	0.00371092	2900.000000	0.00384021	2900.000000	1.89044e-07	
3000.000000	0.00512371	3000.000000	0.00385959	3000.000000	0.00372576	3000.000000	0.00371693	3000.000000	0.00385941	3000.000000	1.832e-07 	
3200.000000	0.00521025	3200.000000	0.00390024	3200.000000	0.00373874	3200.000000	0.00372985	3200.000000	0.00390006	3200.000000	1.72567e-07	
3400.000000	0.0053027 	3400.000000	0.00394345	3400.000000	0.00375261	3400.000000	0.00374364	3400.000000	0.00394329	3400.000000	1.63137e-07	
3600.000000	0.0054003 	3600.000000	0.00398879	3600.000000	0.00376703	3600.000000	0.00375803	3600.000000	0.00398863	3600.000000	1.54717e-07	
3800.000000	0.00550248	3800.000000	0.0040359 	3800.000000	0.0037818 	3800.000000	0.00377278	3800.000000	0.00403576	3800.000000	1.47149e-07	
4000.000000	0.00560873	4000.000000	0.00408451	4000.000000	0.00379675	4000.000000	0.00378773	4000.000000	0.00408437	4000.000000	1.40311e-07	
4200.000000	0.00571868	4200.000000	0.0041344 	4200.000000	0.00381177	4200.000000	0.00380278	4200.000000	0.00413426	4200.000000	1.341e-07 	
4400.000000	0.00583201	4400.000000	0.00418536	4400.000000	0.00382679	4400.000000	0.00381782	4400.000000	0.00418523	4400.000000	1.28432e-07	
4600.000000	0.00594844	4600.000000	0.00423726	4600.000000	0.00384174	4600.000000	0.0038328 	4600.000000	0.00423714	4600.000000	1.23239e-07	
4800.000000	0.00606775	4800.000000	0.00428997	4800.000000	0.00385657	4800.000000	0.00384765	4800.000000	0.00428985	4800.000000	1.18463e-07	
5000.000000	0.00618975	5000.000000	0.00434337	5000.000000	0.00387124	5000.000000	0.00386234	5000.000000	0.00434326	5000.000000	1.14055e-07	
5250.000000	0.00634578	5250.000000	0.00441098	5250.000000	0.00388931	5250.000000	0.00388045	5250.000000	0.00441087	5250.000000	1.09e-07  	
5500.000000	0.00650551	5500.000000	0.00447939	5500.000000	0.00390707	5500.000000	0.00389822	5500.000000	0.00447929	5500.000000	1.04388e-07	
6000.000000	0.00683517	6000.000000	0.00461818	6000.000000	0.00394152	6000.000000	0.0039327 	6000.000000	0.00461808	6000.000000	9.62756e-08	
6500.000000	0.00717736	6500.000000	0.00475899	6500.000000	0.00397448	6500.000000	0.00396568	6500.000000	0.0047589 	6500.000000	8.93682e-08	
7000.000000	0.00753108	7000.000000	0.00490132	7000.000000	0.00400595	7000.000000	0.00399717	7000.000000	0.00490123	7000.000000	8.34132e-08	
7500.000000	0.00789559	7500.000000	0.00504477	7500.000000	0.00403598	7500.000000	0.00402722	7500.000000	0.00504469	7500.000000	7.82246e-08	
8000.000000	0.00827034	8000.000000	0.00518907	8000.000000	0.00406468	8000.000000	0.00405588	8000.000000	0.005189  	8000.000000	7.36621e-08	
8500.000000	0.00865491	8500.000000	0.00533401	8500.000000	0.00409196	8500.000000	0.00408324	8500.000000	0.00533394	8500.000000	6.96177e-08	
9000.000000	0.00904896	9000.000000	0.00547943	9000.000000	0.0041179 	9000.000000	0.00410939	9000.000000	0.00547937	9000.000000	6.60071e-08	
9500.000000	0.00945223	9500.000000	0.00562521	9500.000000	0.00414274	9500.000000	0.00413439	9500.000000	0.00562515	9500.000000	6.27634e-08	
10000.000000	0.00986453	10000.000000	0.00577125	10000.000000	0.00416663	10000.000000	0.00415833	10000.000000	0.00577119	10000.000000	5.98328e-08	
11000.000000	0.0107155 	11000.000000	0.00606383	11000.000000	0.00421162	11000.000000	0.00420329	11000.000000	0.00606377	11000.000000	5.47441e-08	
12000.000000	0.0116009 	12000.000000	0.00635672	12000.000000	0.00425315	12000.000000	0.00424478	12000.000000	0.00635667	12000.000000	5.04756e-08	
13000.000000	0.0125201 	13000.000000	0.00664964	13000.000000	0.00429161	13000.000000	0.00428325	13000.000000	0.00664959	13000.000000	4.6842e-08	
14000.000000	0.0134726 	14000.000000	0.00694241	14000.000000	0.00432736	14000.000000	0.00431905	14000.000000	0.00694236	14000.000000	4.37104e-08	
15000.000000	0.0144581 	15000.000000	0.0072349 	15000.000000	0.00436074	15000.000000	0.00435251	15000.000000	0.00723486	15000.000000	4.09825e-08	
16000.000000	0.0154765 	16000.000000	0.00752702	16000.000000	0.00439203	16000.000000	0.00438389	16000.000000	0.00752699	16000.000000	3.85844e-08	
17000.000000	0.0165276 	17000.000000	0.00781874	17000.000000	0.00442148	17000.000000	0.0044134 	17000.000000	0.0078187 	17000.000000	3.6459e-08	
18000.000000	0.0176113 	18000.000000	0.00811   	18000.000000	0.00444926	18000.000000	0.00444125	18000.000000	0.00810996	18000.000000	3.4562e-08	
19000.000000	0.0187277 	19000.000000	0.00840079	19000.000000	0.00447556	19000.000000	0.0044676 	19000.000000	0.00840076	19000.000000	3.28581e-08	
20000.000000	0.0198767 	20000.000000	0.0086911 	20000.000000	0.00450051	20000.000000	0.00449259	20000.000000	0.00869107	20000.000000	3.1319e-08	
21000.000000	0.0210585 	21000.000000	0.00898092	21000.000000	0.00452427	21000.000000	0.00451634	21000.000000	0.00898089	21000.000000	2.99217e-08	
22000.000000	0.0222731 	22000.000000	0.00927024	22000.000000	0.00454694	22000.000000	0.00453898	22000.000000	0.00927022	22000.000000	2.86472e-08	
23000.000000	0.0235205 	23000.000000	0.00955909	23000.000000	0.00456833	23000.000000	0.00456058	23000.000000	0.00955906	23000.000000	2.74799e-08	
24000.000000	0.0248009 	24000.000000	0.00984744	24000.000000	0.00458877	24000.000000	0.00458123	24000.000000	0.00984742	24000.000000	2.64066e-08	
25000.000000	0.0261144 	25000.000000	0.0101353 	25000.000000	0.00460856	25000.000000	0.00460102	25000.000000	0.0101353 	25000.000000	2.54165e-08	
26000.000000	0.027461  	26000.000000	0.0104227 	26000.000000	0.00462754	26000.000000	0.00462   	26000.000000	0.0104227 	26000.000000	2.45e-08  	
27000.000000	0.0288411 	27000.000000	0.0107097 	27000.000000	0.00464564	27000.000000	0.00463823	27000.000000	0.0107097 	27000.000000	2.36491e-08	
28000.000000	0.0302545 	28000.000000	0.0109962 	28000.000000	0.00466302	28000.000000	0.00465578	28000.000000	0.0109962 	28000.000000	2.28571e-08	
29000.000000	0.0317016 	29000.000000	0.0112823 	29000.000000	0.00467978	29000.000000	0.00467268	29000.000000	0.0112822 	29000.000000	2.21179e-08	
30000.000000	0.0331825 	30000.000000	0.0115679 	30000.000000	0.00469598	30000.000000	0.00468897	30000.000000	0.0115679 	30000.000000	2.14264e-08	
32000.000000	0.0362461 	32000.000000	0.0121379 	32000.000000	0.0047267 	32000.000000	0.00471992	32000.000000	0.0121379 	32000.000000	2.01688e-08	
34000.000000	0.0394467 	34000.000000	0.0127063 	34000.000000	0.00475537	34000.000000	0.00474889	34000.000000	0.0127063 	34000.000000	1.90546e-08	
36000.000000	0.0427856 	36000.000000	0.0132732 	36000.000000	0.00478228	36000.000000	0.0047761 	36000.000000	0.0132732 	36000.000000	1.80603e-08	
38000.000000	0.0462641 	38000.000000	0.0138386 	38000.000000	0.00480766	38000.000000	0.00480175	38000.000000	0.0138386 	38000.000000	1.71673e-08	
40000.000000	0.0498838 	40000.000000	0.0144026 	40000.000000	0.00483167	40000.000000	0.004826  	40000.000000	0.0144025 	40000.000000	1.63608e-08	
42000.000000	0.053646  	42000.000000	0.0149652 	42000.000000	0.00485441	42000.000000	0.00484899	42000.000000	0.0149652 	42000.000000	1.56288e-08	
44000.000000	0.0575522 	44000.000000	0.0155266 	44000.000000	0.00487598	44000.000000	0.00487084	44000.000000	0.0155265 	44000.000000	1.49612e-08	
46000.000000	0.0616039 	46000.000000	0.0160867 	46000.000000	0.00489648	46000.000000	0.00489164	46000.000000	0.0160867 	46000.000000	1.43498e-08	
48000.000000	0.0658027 	48000.000000	0.0166456 	48000.000000	0.00491601	48000.000000	0.0049115 	48000.000000	0.0166456 	48000.000000	1.37878e-08	
50000.000000	0.0701501 	50000.000000	0.0172034 	50000.000000	0.00493464	50000.000000	0.00493049	50000.000000	0.0172034 	50000.000000	1.32693e-08	
