*Energy (MeV/u)1	0 - [He-base] F.Hubert et al, AD&ND Tables 46(1990)1	Energy (MeV/u)2	1 - [H -base] J.F.Ziegler et al, Pergamon Press, NY (low energy)	Energy (MeV/u)3	2 - ATIMA 1.2  LS-theory (recommended for high energy)	Energy (MeV/u)4	3 - ATIMA 1.2  without LS-correction	Energy (MeV/u)5	4 - electrical component of [1] - J.F.Ziegler et al	Energy (MeV/u)6	5 - nuclear component of [1] - J.F.Ziegler et al	
0.001000	0.942978  	0.001000	0.224834  	0.001000	0.224309  	0.001000	0.224309  	0.001000	0.114481  	0.001000	0.110354  	
0.002000	1.04061   	0.002000	0.255234  	0.002000	0.257821  	0.002000	0.257821  	0.002000	0.158568  	0.002000	0.0966659 	
0.005000	1.28411   	0.005000	0.313998  	0.005000	0.324885  	0.005000	0.324885  	0.005000	0.24392   	0.005000	0.0700776 	
0.008000	1.47319   	0.008000	0.364434  	0.008000	0.380437  	0.008000	0.380437  	0.008000	0.308416  	0.008000	0.0560184 	
0.010000	1.5798    	0.010000	0.397402  	0.010000	0.415518  	0.010000	0.415518  	0.010000	0.347639  	0.010000	0.049763  	
0.015000	1.85056   	0.015000	0.487751  	0.015000	0.499556  	0.015000	0.499556  	0.015000	0.448319  	0.015000	0.0394319 	
0.020000	2.06738   	0.020000	0.578901  	0.020000	0.580655  	0.020000	0.580655  	0.020000	0.545877  	0.020000	0.0330247 	
0.025000	2.31122   	0.025000	0.660348  	0.025000	0.660224  	0.025000	0.660224  	0.025000	0.631745  	0.025000	0.0286039 	
0.030000	2.51833   	0.030000	0.736227  	0.030000	0.733859  	0.030000	0.733859  	0.030000	0.710885  	0.030000	0.0253424 	
0.035000	2.68881   	0.035000	0.805988  	0.035000	0.802202  	0.035000	0.802202  	0.035000	0.783165  	0.035000	0.0228227 	
0.040000	2.82322   	0.040000	0.86948   	0.040000	0.865031  	0.040000	0.865031  	0.040000	0.848671  	0.040000	0.0208092 	
0.045000	2.92228   	0.045000	0.925602  	0.045000	0.922385  	0.045000	0.922385  	0.045000	0.906444  	0.045000	0.0191583 	
0.050000	2.98349   	0.050000	0.975539  	0.050000	0.974361  	0.050000	0.974361  	0.050000	0.957927  	0.050000	0.0176121 	
0.055000	3.10986   	0.055000	1.02227   	0.055000	1.0217    	0.055000	1.0217    	0.055000	1.00582   	0.055000	0.0164507 	
0.060000	3.2164    	0.060000	1.06471   	0.060000	1.06469   	0.060000	1.06469   	0.060000	1.04927   	0.060000	0.0154478 	
0.070000	3.37586   	0.070000	1.1389    	0.070000	1.13956   	0.070000	1.13956   	0.070000	1.1251    	0.070000	0.0137997 	
0.080000	3.54604   	0.080000	1.20585   	0.080000	1.20255   	0.080000	1.20255   	0.080000	1.19335   	0.080000	0.0124983 	
0.090000	3.67285   	0.090000	1.2648    	0.090000	1.25653   	0.090000	1.25653   	0.090000	1.25336   	0.090000	0.0114416 	
0.100000	3.76721   	0.100000	1.31762   	0.100000	1.3036    	0.100000	1.3036    	0.100000	1.30706   	0.100000	0.0105648 	
0.120000	3.80102   	0.120000	1.39757   	0.120000	1.3825    	0.120000	1.3825    	0.120000	1.38838   	0.120000	0.00918952	
0.140000	3.7968    	0.140000	1.46223   	0.140000	1.44647   	0.140000	1.44647   	0.140000	1.45407   	0.140000	0.00815611	
0.160000	3.80218   	0.160000	1.5242    	0.160000	1.49923   	0.160000	1.49923   	0.160000	1.51686   	0.160000	0.00734836	
0.180000	3.82456   	0.180000	1.57987   	0.180000	1.54297   	0.180000	1.54297   	0.180000	1.57317   	0.180000	0.0066979 	
0.200000	3.84439   	0.200000	1.62527   	0.200000	1.57919   	0.200000	1.57919   	0.200000	1.61911   	0.200000	0.00616178	
0.250000	3.7974    	0.250000	1.71051   	0.250000	1.64385   	0.250000	1.64385   	0.250000	1.70535   	0.250000	0.0051559 	
0.300000	3.78177   	0.300000	1.77139   	0.300000	1.68126   	0.300000	1.68126   	0.300000	1.76694   	0.300000	0.00445079	
0.350000	3.76003   	0.350000	1.80418   	0.350000	1.71173   	0.350000	1.71173   	0.350000	1.80025   	0.350000	0.00392671	
0.400000	3.75502   	0.400000	1.83074   	0.400000	1.72779   	0.400000	1.72779   	0.400000	1.82722   	0.400000	0.00352058	
0.450000	3.72863   	0.450000	1.83713   	0.450000	1.73125   	0.450000	1.73125   	0.450000	1.83394   	0.450000	0.00319581	
0.500000	3.68135   	0.500000	1.82792   	0.500000	1.72516   	0.500000	1.72516   	0.500000	1.82499   	0.500000	0.0029297 	
0.600000	3.4291    	0.600000	1.78997   	0.600000	1.69441   	0.600000	1.69441   	0.600000	1.78745   	0.600000	0.00251852	
0.700000	3.16491   	0.700000	1.73299   	0.700000	1.65399   	0.700000	1.65399   	0.700000	1.73077   	0.700000	0.00221461	
0.800000	3.01613   	0.800000	1.67901   	0.800000	1.60953   	0.800000	1.60953   	0.800000	1.67703   	0.800000	0.00198013	
0.900000	2.87527   	0.900000	1.62487   	0.900000	1.5639    	0.900000	1.5639    	0.900000	1.62308   	0.900000	0.00179332	
1.000000	2.74366   	1.000000	1.57232   	1.000000	1.51858   	1.000000	1.51858   	1.000000	1.57068   	1.000000	0.00164072	
1.250000	2.43812   	1.250000	1.43782   	1.250000	1.40486   	1.250000	1.40486   	1.250000	1.43646   	1.250000	0.00135787	
1.500000	2.19148   	1.500000	1.32507   	1.500000	1.30603   	1.500000	1.30603   	1.500000	1.3239    	1.500000	0.0011624 	
1.750000	1.99006   	1.750000	1.23035   	1.750000	1.22007   	1.750000	1.22007   	1.750000	1.22933   	1.750000	0.0010187 	
2.000000	1.81292   	2.000000	1.14434   	2.000000	1.1445    	2.000000	1.1445    	2.000000	1.14343   	2.000000	0.0009083 	
2.250000	1.66685   	2.250000	1.07068   	2.250000	1.07762   	2.250000	1.07762   	2.250000	1.06986   	2.250000	0.00082066	
2.500000	1.5132    	2.500000	1.00866   	2.500000	1.01813   	2.500000	1.01813   	2.500000	1.00792   	2.500000	0.000749287	
3.000000	1.33568   	3.000000	0.908846  	3.000000	0.917386  	3.000000	0.917386  	3.000000	0.908206  	3.000000	0.000639827	
3.500000	1.1975    	3.500000	0.830982  	3.500000	0.835565  	3.500000	0.835565  	3.500000	0.830423  	3.500000	0.000559598	
4.000000	1.08676   	4.000000	0.767958  	4.000000	0.768071  	4.000000	0.768071  	4.000000	0.76746   	4.000000	0.000498119	
4.500000	0.99592   	4.500000	0.715652  	4.500000	0.71158   	4.500000	0.71158   	4.500000	0.715203  	4.500000	0.000449413	
5.000000	0.919996  	5.000000	0.671436  	5.000000	0.663657  	5.000000	0.663657  	5.000000	0.671026  	5.000000	0.000409819	
5.500000	0.855541  	5.500000	0.628883  	5.500000	0.622503  	5.500000	0.622503  	5.500000	0.628506  	5.500000	0.000376959	
6.000000	0.800104  	6.000000	0.591865  	6.000000	0.586774  	6.000000	0.586774  	6.000000	0.591515  	6.000000	0.000349226	
6.500000	0.751888  	6.500000	0.559334  	6.500000	0.55545   	6.500000	0.55545   	6.500000	0.559008  	6.500000	0.000325487	
7.000000	0.709549  	7.000000	0.530496  	7.000000	0.527751  	7.000000	0.527751  	7.000000	0.530191  	7.000000	0.000304924	
7.500000	0.672057  	7.500000	0.505152  	7.500000	0.503065  	7.500000	0.503065  	7.500000	0.504865  	7.500000	0.00028693	
8.000000	0.638613  	8.000000	0.482363  	8.000000	0.480913  	8.000000	0.480913  	8.000000	0.482092  	8.000000	0.000271044	
8.500000	0.608585  	8.500000	0.461748  	8.500000	0.460912  	8.500000	0.460912  	8.500000	0.461491  	8.500000	0.00025691	
9.000000	0.581466  	9.000000	0.442998  	9.000000	0.442751  	9.000000	0.442751  	9.000000	0.442754  	9.000000	0.000244248	
9.500000	0.556847  	9.500000	0.425861  	9.500000	0.426179  	9.500000	0.426179  	9.500000	0.425628  	9.500000	0.000232837	
10.000000	0.534392  	10.000000	0.412577  	10.000000	0.410988  	10.000000	0.410988  	10.000000	0.412355  	10.000000	0.000222497	
11.000000	0.494909  	11.000000	0.385884  	11.000000	0.384002  	11.000000	0.384157  	11.000000	0.385679  	11.000000	0.000204468	
12.000000	0.461292  	12.000000	0.362579  	12.000000	0.360691  	12.000000	0.360943  	12.000000	0.362389  	12.000000	0.000189269	
13.000000	0.432306  	13.000000	0.342074  	13.000000	0.340332  	13.000000	0.340643  	13.000000	0.341898  	13.000000	0.000176272	
14.000000	0.407042  	14.000000	0.323903  	14.000000	0.32236   	14.000000	0.322706  	14.000000	0.323738  	14.000000	0.000165024	
15.000000	0.384816  	15.000000	0.307693  	15.000000	0.306354  	15.000000	0.30672   	15.000000	0.307538  	15.000000	0.00015519	
16.000000	0.365102  	16.000000	0.293145  	16.000000	0.291995  	16.000000	0.292364  	16.000000	0.292999  	16.000000	0.000146514	
17.000000	0.347492  	17.000000	0.280017  	17.000000	0.279026  	17.000000	0.279387  	17.000000	0.279879  	17.000000	0.0001388 	
18.000000	0.331659  	18.000000	0.268111  	18.000000	0.26724   	18.000000	0.267589  	18.000000	0.267979  	18.000000	0.000131895	
19.000000	0.317344  	19.000000	0.257263  	19.000000	0.256467  	19.000000	0.256805  	19.000000	0.257137  	19.000000	0.000125675	
20.000000	0.304335  	20.000000	0.247337  	20.000000	0.246571  	20.000000	0.246903  	20.000000	0.247217  	20.000000	0.000120042	
21.000000	0.292457  	21.000000	0.23822   	21.000000	0.237449  	21.000000	0.237772  	21.000000	0.238105  	21.000000	0.000114915	
22.000000	0.281568  	22.000000	0.229817  	22.000000	0.229019  	22.000000	0.22932   	22.000000	0.229706  	22.000000	0.000110228	
23.000000	0.271546  	23.000000	0.222045  	23.000000	0.2212    	23.000000	0.221471  	23.000000	0.221939  	23.000000	0.000105926	
24.000000	0.26229   	24.000000	0.214837  	24.000000	0.213911  	24.000000	0.214157  	24.000000	0.214735  	24.000000	0.000101963	
25.000000	0.253714  	25.000000	0.208131  	25.000000	0.207096  	25.000000	0.207323  	25.000000	0.208033  	25.000000	9.82985e-05	
27.000000	0.238318  	27.000000	0.196031  	27.000000	0.194721  	27.000000	0.194909  	27.000000	0.19594   	27.000000	9.17403e-05	
29.000000	0.224883  	29.000000	0.185409  	29.000000	0.183771  	29.000000	0.183912  	29.000000	0.185323  	29.000000	8.60386e-05	
31.000000	0.21305   	31.000000	0.176006  	31.000000	0.174333  	31.000000	0.174419  	31.000000	0.175925  	31.000000	8.10336e-05	
33.000000	0.202545  	33.000000	0.167622  	33.000000	0.166208  	33.000000	0.166241  	33.000000	0.167545  	33.000000	7.66032e-05	
35.000000	0.193152  	35.000000	0.160098  	35.000000	0.158889  	35.000000	0.1589    	35.000000	0.160025  	35.000000	7.26525e-05	
38.000000	0.180783  	38.000000	0.150153  	38.000000	0.149229  	38.000000	0.14919   	38.000000	0.150085  	38.000000	6.74659e-05	
41.000000	0.170096  	41.000000	0.141527  	41.000000	0.140829  	41.000000	0.140758  	41.000000	0.141464  	41.000000	6.29996e-05	
44.000000	0.160765  	44.000000	0.133972  	44.000000	0.133451  	44.000000	0.133364  	44.000000	0.133913  	44.000000	5.91114e-05	
47.000000	0.152542  	47.000000	0.127298  	47.000000	0.126926  	47.000000	0.126822  	47.000000	0.127243  	47.000000	5.56944e-05	
50.000000	0.145238  	50.000000	0.121358  	50.000000	0.121104  	50.000000	0.120991  	50.000000	0.121305  	50.000000	5.26667e-05	
55.000000	0.134715  	55.000000	0.112782  	55.000000	0.112708  	55.000000	0.112556  	55.000000	0.112734  	55.000000	4.83185e-05	
60.000000	0.12583   	60.000000	0.105527  	60.000000	0.105564  	60.000000	0.105403  	60.000000	0.105483  	60.000000	4.466e-05 	
65.000000	0.11822   	65.000000	0.0993066 	65.000000	0.0994117 	65.000000	0.0992558 	65.000000	0.099265  	65.000000	4.1537e-05	
70.000000	0.111625  	70.000000	0.0939114 	70.000000	0.094078  	70.000000	0.093912  	70.000000	0.0938726 	70.000000	3.88387e-05	
75.000000	0.105851  	75.000000	0.089186  	75.000000	0.0893943 	75.000000	0.0892216 	75.000000	0.0891495 	75.000000	3.64829e-05	
80.000000	0.10075   	80.000000	0.0850117 	80.000000	0.0852481 	80.000000	0.0850701 	80.000000	0.0849773 	80.000000	3.44074e-05	
85.000000	0.096208  	85.000000	0.0812964 	85.000000	0.0815504 	85.000000	0.0813681 	85.000000	0.0812638 	85.000000	3.25644e-05	
90.000000	0.0921368 	90.000000	0.0779676 	90.000000	0.0782191 	90.000000	0.0780456 	90.000000	0.0779367 	90.000000	3.09164e-05	
95.000000	0.088465  	95.000000	0.0749674 	95.000000	0.0752237 	95.000000	0.0750463 	95.000000	0.0749379 	95.000000	2.94336e-05	
100.000000	0.0851352 	100.000000	0.0722489 	100.000000	0.0725048 	100.000000	0.0723246 	100.000000	0.0722208 	100.000000	2.80921e-05	
105.000000	0.0821006 	105.000000	0.069774  	105.000000	0.0700266 	105.000000	0.0698432 	105.000000	0.0697471 	105.000000	2.68723e-05	
110.000000	0.0793229 	110.000000	0.067511  	110.000000	0.0677482 	110.000000	0.0675713 	110.000000	0.0674852 	110.000000	2.57581e-05	
115.000000	0.0767699 	115.000000	0.0654335 	115.000000	0.0656585 	115.000000	0.0654833 	115.000000	0.0654088 	115.000000	2.47363e-05	
120.000000	0.0744147 	120.000000	0.0635195 	120.000000	0.0637367 	120.000000	0.0635574 	120.000000	0.0634957 	120.000000	2.37956e-05	
125.000000	0.0722348 	125.000000	0.0617502 	125.000000	0.0619536 	125.000000	0.0617753 	125.000000	0.0617273 	125.000000	2.29266e-05	
130.000000	0.0702106 	130.000000	0.0601098 	130.000000	0.0602936 	130.000000	0.0601214 	130.000000	0.0600877 	130.000000	2.21214e-05	
135.000000	0.0683258 	135.000000	0.0585845 	135.000000	0.0587546 	135.000000	0.0585822 	135.000000	0.0585631 	135.000000	2.1373e-05	
140.000000	0.066566  	140.000000	0.0571625 	140.000000	0.0573215 	140.000000	0.0571461 	140.000000	0.0571418 	140.000000	2.06756e-05	
145.000000	0.0649188 	145.000000	0.0558337 	145.000000	0.0559775 	145.000000	0.0558031 	145.000000	0.0558136 	145.000000	2.00241e-05	
150.000000	0.0633736 	150.000000	0.054589  	150.000000	0.0547134 	150.000000	0.0545443 	150.000000	0.0545696 	150.000000	1.94139e-05	
155.000000	0.0611979 	155.000000	0.0534208 	155.000000	0.0535309 	155.000000	0.053362  	155.000000	0.053402  	155.000000	1.88414e-05	
160.000000	0.0599226 	160.000000	0.0523222 	160.000000	0.0524187 	160.000000	0.0522495 	160.000000	0.0523039 	160.000000	1.83029e-05	
165.000000	0.05872   	165.000000	0.051287  	165.000000	0.0513654 	165.000000	0.0512006 	165.000000	0.0512692 	165.000000	1.77956e-05	
170.000000	0.057584  	170.000000	0.05031   	170.000000	0.050373  	170.000000	0.0502102 	170.000000	0.0502926 	170.000000	1.73168e-05	
175.000000	0.0565091 	175.000000	0.0493863 	175.000000	0.0494379 	175.000000	0.0492735 	175.000000	0.0493694 	175.000000	1.6864e-05	
180.000000	0.0554904 	180.000000	0.0485117 	180.000000	0.0485522 	180.000000	0.0483862 	180.000000	0.0484953 	180.000000	1.64353e-05	
185.000000	0.0545236 	185.000000	0.0476824 	185.000000	0.0477092 	185.000000	0.0475444 	185.000000	0.0476663 	185.000000	1.60287e-05	
190.000000	0.0536047 	190.000000	0.0468949 	190.000000	0.0469058 	190.000000	0.0467449 	190.000000	0.0468792 	190.000000	1.56425e-05	
195.000000	0.0527303 	195.000000	0.0461461 	195.000000	0.046144  	195.000000	0.0459845 	195.000000	0.0461309 	195.000000	1.52752e-05	
200.000000	0.0518972 	200.000000	0.0454333 	200.000000	0.045421  	200.000000	0.0452604 	200.000000	0.0454184 	200.000000	1.49254e-05	
210.000000	0.0503434 	210.000000	0.0441058 	210.000000	0.044067  	210.000000	0.0439113 	210.000000	0.0440915 	210.000000	1.42736e-05	
220.000000	0.0489233 	220.000000	0.0428946 	220.000000	0.0428358 	220.000000	0.04268   	220.000000	0.0428809 	220.000000	1.36785e-05	
230.000000	0.0476202 	230.000000	0.0417851 	230.000000	0.0417037 	230.000000	0.0415518 	230.000000	0.041772  	230.000000	1.31328e-05	
240.000000	0.0464201 	240.000000	0.0407652 	240.000000	0.0406649 	240.000000	0.0405145 	240.000000	0.0407526 	240.000000	1.26306e-05	
250.000000	0.0453113 	250.000000	0.0398244 	250.000000	0.0397099 	250.000000	0.0395575 	250.000000	0.0398123 	250.000000	1.21668e-05	
260.000000	0.0442836 	260.000000	0.038954  	260.000000	0.0388222 	260.000000	0.0386721 	260.000000	0.0389423 	260.000000	1.17371e-05	
270.000000	0.0433285 	270.000000	0.0381464 	270.000000	0.0379976 	270.000000	0.0378506 	270.000000	0.0381351 	270.000000	1.13379e-05	
280.000000	0.0424385 	280.000000	0.0373951 	280.000000	0.0372342 	280.000000	0.0370864 	280.000000	0.0373841 	280.000000	1.09659e-05	
290.000000	0.0416072 	290.000000	0.0366945 	290.000000	0.0365182 	290.000000	0.0363739 	290.000000	0.0366839 	290.000000	1.06185e-05	
300.000000	0.040829  	300.000000	0.0360397 	300.000000	0.0358514 	300.000000	0.0357082 	300.000000	0.0360295 	300.000000	1.02932e-05	
310.000000	0.040099  	310.000000	0.0354265 	310.000000	0.0352281 	310.000000	0.0350848 	310.000000	0.0354165 	310.000000	9.98802e-06	
320.000000	0.0394129 	320.000000	0.034851  	320.000000	0.0346391 	320.000000	0.0344991 	320.000000	0.0348413 	320.000000	9.70107e-06	
330.000000	0.0387669 	330.000000	0.03431   	330.000000	0.034088  	330.000000	0.0339485 	330.000000	0.0343005 	330.000000	9.43075e-06	
340.000000	0.0381575 	340.000000	0.0338004 	340.000000	0.0335698 	340.000000	0.0334301 	340.000000	0.0337913 	340.000000	9.17566e-06	
350.000000	0.0375819 	350.000000	0.0333198 	350.000000	0.0330782 	350.000000	0.0329413 	350.000000	0.0333109 	350.000000	8.93451e-06	
360.000000	0.0370373 	360.000000	0.0328657 	360.000000	0.0326154 	360.000000	0.0324798 	360.000000	0.032857  	360.000000	8.70619e-06	
370.000000	0.0365214 	370.000000	0.0324362 	370.000000	0.0321796 	370.000000	0.0320432 	370.000000	0.0324277 	370.000000	8.48967e-06	
380.000000	0.0360319 	380.000000	0.0320292 	380.000000	0.0317647 	380.000000	0.0316299 	380.000000	0.0320209 	380.000000	8.28407e-06	
390.000000	0.035567  	390.000000	0.0316432 	390.000000	0.0313705 	390.000000	0.031238  	390.000000	0.0316351 	390.000000	8.08855e-06	
400.000000	0.0351249 	400.000000	0.0312766 	400.000000	0.0309985 	400.000000	0.030866  	400.000000	0.0312687 	400.000000	7.9024e-06	
410.000000	0.0347039 	410.000000	0.0309281 	410.000000	0.0306453 	410.000000	0.0305125 	410.000000	0.0309203 	410.000000	7.72494e-06	
420.000000	0.0343028 	420.000000	0.0305963 	420.000000	0.0303073 	420.000000	0.0301762 	420.000000	0.0305887 	420.000000	7.55557e-06	
430.000000	0.0339201 	430.000000	0.0302802 	430.000000	0.0299851 	430.000000	0.0298559 	430.000000	0.0302728 	430.000000	7.39375e-06	
440.000000	0.0335546 	440.000000	0.0299787 	440.000000	0.0296798 	440.000000	0.0295506 	440.000000	0.0299715 	440.000000	7.23896e-06	
450.000000	0.0332054 	450.000000	0.0296909 	450.000000	0.0293889 	450.000000	0.0292593 	450.000000	0.0296838 	450.000000	7.09077e-06	
460.000000	0.0328712 	460.000000	0.0294159 	460.000000	0.0291098 	460.000000	0.0289812 	460.000000	0.029409  	460.000000	6.94874e-06	
470.000000	0.0325514 	470.000000	0.0291529 	470.000000	0.0288422 	470.000000	0.0287154 	470.000000	0.0291461 	470.000000	6.81251e-06	
480.000000	0.0322449 	480.000000	0.0289013 	480.000000	0.028587  	480.000000	0.0284611 	480.000000	0.0288946 	480.000000	6.68171e-06	
490.000000	0.031951  	490.000000	0.0286602 	490.000000	0.028344  	490.000000	0.0282177 	490.000000	0.0286537 	490.000000	6.55603e-06	
500.000000	0.031669  	500.000000	0.0284292 	500.000000	0.028111  	500.000000	0.0279846 	500.000000	0.0284228 	500.000000	6.43516e-06	
520.000000	0.0311382 	520.000000	0.0279949 	520.000000	0.0276706 	520.000000	0.0275467 	520.000000	0.0279887 	520.000000	6.20679e-06	
540.000000	0.0306476 	540.000000	0.0275943 	540.000000	0.0272664 	540.000000	0.0271432 	540.000000	0.0275883 	540.000000	5.99464e-06	
560.000000	0.0301931 	560.000000	0.0272239 	560.000000	0.0268938 	560.000000	0.0267706 	560.000000	0.0272181 	560.000000	5.79703e-06	
580.000000	0.0297712 	580.000000	0.0268807 	580.000000	0.0265465 	580.000000	0.0264257 	580.000000	0.0268751 	580.000000	5.61248e-06	
600.000000	0.0293787 	600.000000	0.026562  	600.000000	0.026226  	600.000000	0.0261057 	600.000000	0.0265566 	600.000000	5.43973e-06	
620.000000	0.0290131 	620.000000	0.0262655 	620.000000	0.0259289 	620.000000	0.0258083 	620.000000	0.0262602 	620.000000	5.27768e-06	
640.000000	0.0286719 	640.000000	0.0259892 	640.000000	0.0256503 	640.000000	0.0255314 	640.000000	0.0259841 	640.000000	5.12534e-06	
660.000000	0.0283529 	660.000000	0.0257313 	660.000000	0.0253907 	660.000000	0.0252732 	660.000000	0.0257264 	660.000000	4.98185e-06	
680.000000	0.0280544 	680.000000	0.0254903 	680.000000	0.0251498 	680.000000	0.025032  	680.000000	0.0254854 	680.000000	4.84647e-06	
700.000000	0.0277747 	700.000000	0.0252647 	700.000000	0.024924  	700.000000	0.0248063 	700.000000	0.0252599 	700.000000	4.71851e-06	
720.000000	0.0275122 	720.000000	0.0250532 	720.000000	0.0247111 	720.000000	0.0245949 	720.000000	0.0250486 	720.000000	4.59736e-06	
740.000000	0.0272658 	740.000000	0.0248548 	740.000000	0.0245116 	740.000000	0.0243966 	740.000000	0.0248503 	740.000000	4.4825e-06	
760.000000	0.0270341 	760.000000	0.0246685 	760.000000	0.0243256 	760.000000	0.0242104 	760.000000	0.0246641 	760.000000	4.37345e-06	
780.000000	0.026816  	780.000000	0.0244933 	780.000000	0.0241507 	780.000000	0.0240354 	780.000000	0.024489  	780.000000	4.26976e-06	
800.000000	0.0266108 	800.000000	0.0243284 	800.000000	0.0239852 	800.000000	0.0238707 	800.000000	0.0243242 	800.000000	4.17104e-06	
820.000000	0.0264173 	820.000000	0.0241731 	820.000000	0.0238287 	820.000000	0.0237155 	820.000000	0.024169  	820.000000	4.07695e-06	
840.000000	0.0262349 	840.000000	0.0240267 	840.000000	0.0236816 	840.000000	0.0235691 	840.000000	0.0240228 	840.000000	3.98716e-06	
860.000000	0.0260629 	860.000000	0.0238887 	860.000000	0.0235436 	860.000000	0.023431  	860.000000	0.0238848 	860.000000	3.90138e-06	
880.000000	0.0259005 	880.000000	0.0237584 	880.000000	0.0234134 	880.000000	0.0233005 	880.000000	0.0237546 	880.000000	3.81934e-06	
900.000000	0.0257471 	900.000000	0.0236354 	900.000000	0.0232898 	900.000000	0.0231772 	900.000000	0.0236317 	900.000000	3.7408e-06	
920.000000	0.0256022 	920.000000	0.0235192 	920.000000	0.0231723 	920.000000	0.0230606 	920.000000	0.0235156 	920.000000	3.66554e-06	
940.000000	0.0254653 	940.000000	0.0234094 	940.000000	0.0230609 	940.000000	0.0229502 	940.000000	0.0234058 	940.000000	3.59336e-06	
960.000000	0.0253359 	960.000000	0.0233055 	960.000000	0.0229557 	960.000000	0.0228456 	960.000000	0.023302  	960.000000	3.52406e-06	
980.000000	0.0252136 	980.000000	0.0232073 	980.000000	0.0228566 	980.000000	0.0227464 	980.000000	0.0232039 	980.000000	3.45748e-06	
1000.000000	0.025098  	1000.000000	0.0231144 	1000.000000	0.0227628 	1000.000000	0.0226524 	1000.000000	0.023111  	1000.000000	3.39345e-06	
1020.000000	0.0249887 	1020.000000	0.0230265 	1020.000000	0.0226737 	1020.000000	0.0225632 	1020.000000	0.0230231 	1020.000000	3.33184e-06	
1040.000000	0.0248854 	1040.000000	0.0229432 	1040.000000	0.0225887 	1040.000000	0.0224786 	1040.000000	0.02294   	1040.000000	3.27251e-06	
1060.000000	0.0247877 	1060.000000	0.0228645 	1060.000000	0.0225077 	1060.000000	0.0223982 	1060.000000	0.0228613 	1060.000000	3.21532e-06	
1080.000000	0.0246953 	1080.000000	0.0227899 	1080.000000	0.0224305 	1080.000000	0.0223218 	1080.000000	0.0227867 	1080.000000	3.16017e-06	
1100.000000	0.0246081 	1100.000000	0.0227193 	1100.000000	0.0223573 	1100.000000	0.0222492 	1100.000000	0.0227162 	1100.000000	3.10694e-06	
1120.000000	0.0245257 	1120.000000	0.0226525 	1120.000000	0.022288  	1120.000000	0.0221801 	1120.000000	0.0226495 	1120.000000	3.05554e-06	
1140.000000	0.0244478 	1140.000000	0.0225893 	1140.000000	0.0222223 	1140.000000	0.0221144 	1140.000000	0.0225863 	1140.000000	3.00588e-06	
1160.000000	0.0243743 	1160.000000	0.0225295 	1160.000000	0.02216   	1160.000000	0.022052  	1160.000000	0.0225265 	1160.000000	2.95786e-06	
1180.000000	0.024305  	1180.000000	0.0224729 	1180.000000	0.0221007 	1180.000000	0.0219925 	1180.000000	0.02247   	1180.000000	2.9114e-06	
1200.000000	0.0242397 	1200.000000	0.0224193 	1200.000000	0.0220441 	1200.000000	0.0219359 	1200.000000	0.0224165 	1200.000000	2.86643e-06	
1220.000000	0.0241781 	1220.000000	0.0223687 	1220.000000	0.0219899 	1220.000000	0.021882  	1220.000000	0.0223659 	1220.000000	2.82288e-06	
1240.000000	0.0241202 	1240.000000	0.0223209 	1240.000000	0.0219381 	1240.000000	0.0218307 	1240.000000	0.0223181 	1240.000000	2.78067e-06	
1260.000000	0.0240657 	1260.000000	0.0222757 	1260.000000	0.0218887 	1260.000000	0.0217818 	1260.000000	0.022273  	1260.000000	2.73976e-06	
1280.000000	0.0240145 	1280.000000	0.0222331 	1280.000000	0.0218416 	1280.000000	0.0217352 	1280.000000	0.0222304 	1280.000000	2.70007e-06	
1300.000000	0.0239664 	1300.000000	0.0221929 	1300.000000	0.0217968 	1300.000000	0.0216909 	1300.000000	0.0221902 	1300.000000	2.66156e-06	
1320.000000	0.0239214 	1320.000000	0.022155  	1320.000000	0.0217543 	1320.000000	0.0216486 	1320.000000	0.0221523 	1320.000000	2.62417e-06	
1340.000000	0.0238793 	1340.000000	0.0221193 	1340.000000	0.021714  	1340.000000	0.0216083 	1340.000000	0.0221167 	1340.000000	2.58785e-06	
1360.000000	0.0238399 	1360.000000	0.0220857 	1360.000000	0.0216756 	1360.000000	0.0215699 	1360.000000	0.0220831 	1360.000000	2.55255e-06	
1380.000000	0.0238033 	1380.000000	0.0220541 	1380.000000	0.0216392 	1380.000000	0.0215333 	1380.000000	0.0220516 	1380.000000	2.51824e-06	
1400.000000	0.0237692 	1400.000000	0.0220245 	1400.000000	0.0216044 	1400.000000	0.0214985 	1400.000000	0.022022  	1400.000000	2.48488e-06	
1420.000000	0.0237375 	1420.000000	0.0219967 	1420.000000	0.0215712 	1420.000000	0.0214652 	1420.000000	0.0219942 	1420.000000	2.45241e-06	
1440.000000	0.0237082 	1440.000000	0.0219707 	1440.000000	0.0215395 	1440.000000	0.0214336 	1440.000000	0.0219682 	1440.000000	2.42082e-06	
1460.000000	0.0236812 	1460.000000	0.0219464 	1460.000000	0.0215092 	1460.000000	0.0214034 	1460.000000	0.021944  	1460.000000	2.39005e-06	
1480.000000	0.0236564 	1480.000000	0.0219237 	1480.000000	0.0214802 	1480.000000	0.0213747 	1480.000000	0.0219214 	1480.000000	2.36009e-06	
1500.000000	0.0236337 	1500.000000	0.0219026 	1500.000000	0.0214525 	1500.000000	0.0213473 	1500.000000	0.0219003 	1500.000000	2.33089e-06	
1520.000000	0.0236131 	1520.000000	0.0218831 	1520.000000	0.0214261 	1520.000000	0.0213213 	1520.000000	0.0218808 	1520.000000	2.30243e-06	
1540.000000	0.0235943 	1540.000000	0.021865  	1540.000000	0.0214009 	1540.000000	0.0212965 	1540.000000	0.0218627 	1540.000000	2.27468e-06	
1560.000000	0.0235775 	1560.000000	0.0218482 	1560.000000	0.021377  	1560.000000	0.0212728 	1560.000000	0.021846  	1560.000000	2.24762e-06	
1580.000000	0.0235625 	1580.000000	0.0218329 	1580.000000	0.0213542 	1580.000000	0.0212504 	1580.000000	0.0218306 	1580.000000	2.22121e-06	
1600.000000	0.0235493 	1600.000000	0.0218188 	1600.000000	0.0213327 	1600.000000	0.021229  	1600.000000	0.0218166 	1600.000000	2.19544e-06	
1620.000000	0.0235378 	1620.000000	0.021806  	1620.000000	0.0213122 	1620.000000	0.0212087 	1620.000000	0.0218038 	1620.000000	2.17029e-06	
1640.000000	0.0235279 	1640.000000	0.0217944 	1640.000000	0.0212929 	1640.000000	0.0211893 	1640.000000	0.0217922 	1640.000000	2.14572e-06	
1660.000000	0.0235196 	1660.000000	0.0217839 	1660.000000	0.0212746 	1660.000000	0.021171  	1660.000000	0.0217818 	1660.000000	2.12172e-06	
1680.000000	0.0235129 	1680.000000	0.0217746 	1680.000000	0.0212572 	1680.000000	0.0211535 	1680.000000	0.0217725 	1680.000000	2.09827e-06	
1700.000000	0.0235076 	1700.000000	0.0217663 	1700.000000	0.0212407 	1700.000000	0.021137  	1700.000000	0.0217643 	1700.000000	2.07535e-06	
1750.000000	0.0235007 	1750.000000	0.0217502 	1750.000000	0.0212032 	1750.000000	0.0210993 	1750.000000	0.0217482 	1750.000000	2.02026e-06	
1800.000000	0.0235021 	1800.000000	0.02174   	1800.000000	0.0211702 	1800.000000	0.0210664 	1800.000000	0.0217381 	1800.000000	1.96811e-06	
1850.000000	0.0235113 	1850.000000	0.0217354 	1850.000000	0.0211413 	1850.000000	0.0210378 	1850.000000	0.0217335 	1850.000000	1.91867e-06	
1900.000000	0.0235276 	1900.000000	0.0217359 	1900.000000	0.0211163 	1900.000000	0.0210132 	1900.000000	0.021734  	1900.000000	1.87174e-06	
1950.000000	0.0235505 	1950.000000	0.021741  	1950.000000	0.0210947 	1950.000000	0.0209922 	1950.000000	0.0217392 	1950.000000	1.82713e-06	
2000.000000	0.0235798 	2000.000000	0.0217505 	2000.000000	0.0210765 	2000.000000	0.0209745 	2000.000000	0.0217487 	2000.000000	1.78466e-06	
2100.000000	0.0236553 	2100.000000	0.0217812 	2100.000000	0.0210492 	2100.000000	0.0209478 	2100.000000	0.0217795 	2100.000000	1.70558e-06	
2200.000000	0.0237512 	2200.000000	0.0218258 	2200.000000	0.0210322 	2200.000000	0.020931  	2200.000000	0.0218242 	2200.000000	1.63341e-06	
2300.000000	0.0238654 	2300.000000	0.0218826 	2300.000000	0.0210237 	2300.000000	0.0209225 	2300.000000	0.021881  	2300.000000	1.5673e-06	
2400.000000	0.0239956 	2400.000000	0.02195   	2400.000000	0.0210222 	2400.000000	0.0209211 	2400.000000	0.0219485 	2400.000000	1.5065e-06	
2500.000000	0.0241403 	2500.000000	0.0220266 	2500.000000	0.0210265 	2500.000000	0.0209256 	2500.000000	0.0220252 	2500.000000	1.45038e-06	
2600.000000	0.024298  	2600.000000	0.0221115 	2600.000000	0.0210358 	2600.000000	0.0209351 	2600.000000	0.0221101 	2600.000000	1.39842e-06	
2700.000000	0.0244676 	2700.000000	0.0222038 	2700.000000	0.0210493 	2700.000000	0.0209489 	2700.000000	0.0222024 	2700.000000	1.35018e-06	
2800.000000	0.0246479 	2800.000000	0.0223025 	2800.000000	0.0210663 	2800.000000	0.0209663 	2800.000000	0.0223012 	2800.000000	1.30525e-06	
2900.000000	0.0248381 	2900.000000	0.0224071 	2900.000000	0.0210864 	2900.000000	0.0209867 	2900.000000	0.0224058 	2900.000000	1.26331e-06	
3000.000000	0.0250373 	3000.000000	0.0225169 	3000.000000	0.0211092 	3000.000000	0.0210098 	3000.000000	0.0225156 	3000.000000	1.22407e-06	
3200.000000	0.0254602 	3200.000000	0.0227502 	3200.000000	0.021161  	3200.000000	0.0210622 	3200.000000	0.022749  	3200.000000	1.15268e-06	
3400.000000	0.025912  	3400.000000	0.022999  	3400.000000	0.0212193 	3400.000000	0.0211212 	3400.000000	0.0229979 	3400.000000	1.0894e-06	
3600.000000	0.0263889 	3600.000000	0.0232607 	3600.000000	0.0212825 	3600.000000	0.0211846 	3600.000000	0.0232596 	3600.000000	1.03291e-06	
3800.000000	0.0268882 	3800.000000	0.0235331 	3800.000000	0.021349  	3800.000000	0.0212513 	3800.000000	0.0235321 	3800.000000	9.82155e-07	
4000.000000	0.0274074 	4000.000000	0.0238145 	4000.000000	0.0214178 	4000.000000	0.0213202 	4000.000000	0.0238136 	4000.000000	9.36301e-07	
4200.000000	0.0279447 	4200.000000	0.0241037 	4200.000000	0.0214881 	4200.000000	0.0213905 	4200.000000	0.0241028 	4200.000000	8.94663e-07	
4400.000000	0.0284985 	4400.000000	0.0243994 	4400.000000	0.0215591 	4400.000000	0.0214615 	4400.000000	0.0243985 	4400.000000	8.56679e-07	
4600.000000	0.0290674 	4600.000000	0.0247007 	4600.000000	0.0216304 	4600.000000	0.0215329 	4600.000000	0.0246999 	4600.000000	8.21884e-07	
4800.000000	0.0296504 	4800.000000	0.025007  	4800.000000	0.0217017 	4800.000000	0.0216042 	4800.000000	0.0250062 	4800.000000	7.89888e-07	
5000.000000	0.0302466 	5000.000000	0.0253174 	5000.000000	0.0217727 	5000.000000	0.0216752 	5000.000000	0.0253167 	5000.000000	7.60364e-07	
5250.000000	0.0310091 	5250.000000	0.0257107 	5250.000000	0.0218606 	5250.000000	0.0217632 	5250.000000	0.0257099 	5250.000000	7.26515e-07	
5500.000000	0.0317896 	5500.000000	0.0261088 	5500.000000	0.0219474 	5500.000000	0.0218501 	5500.000000	0.0261081 	5500.000000	6.95637e-07	
6000.000000	0.0334005 	6000.000000	0.026917  	6000.000000	0.0221169 	6000.000000	0.0220198 	6000.000000	0.0269164 	6000.000000	6.41347e-07	
6500.000000	0.0350726 	6500.000000	0.0277376 	6500.000000	0.0222803 	6500.000000	0.0221834 	6500.000000	0.027737  	6500.000000	5.95137e-07	
7000.000000	0.0368011 	7000.000000	0.0285673 	7000.000000	0.0224372 	7000.000000	0.0223405 	7000.000000	0.0285668 	7000.000000	5.55314e-07	
7500.000000	0.0385823 	7500.000000	0.029404  	7500.000000	0.0225875 	7500.000000	0.0224911 	7500.000000	0.0294035 	7500.000000	5.20627e-07	
8000.000000	0.0404135 	8000.000000	0.0302459 	8000.000000	0.0227317 	8000.000000	0.0226353 	8000.000000	0.0302454 	8000.000000	4.90135e-07	
8500.000000	0.0422928 	8500.000000	0.0310917 	8500.000000	0.0228694 	8500.000000	0.0227733 	8500.000000	0.0310913 	8500.000000	4.63113e-07	
9000.000000	0.0442183 	9000.000000	0.0319406 	9000.000000	0.0230009 	9000.000000	0.0229056 	9000.000000	0.0319401 	9000.000000	4.38996e-07	
9500.000000	0.0461889 	9500.000000	0.0327916 	9500.000000	0.0231269 	9500.000000	0.0230323 	9500.000000	0.0327912 	9500.000000	4.17335e-07	
10000.000000	0.0482036 	10000.000000	0.0336443 	10000.000000	0.023248  	10000.000000	0.0231539 	10000.000000	0.0336439 	10000.000000	3.9777e-07	
11000.000000	0.052362  	11000.000000	0.0353529 	11000.000000	0.0234767 	11000.000000	0.0233829 	11000.000000	0.0353526 	11000.000000	3.63807e-07	
12000.000000	0.0566887 	12000.000000	0.0370637 	12000.000000	0.0236888 	12000.000000	0.0235949 	12000.000000	0.0370634 	12000.000000	3.3533e-07	
13000.000000	0.0611803 	13000.000000	0.0387749 	13000.000000	0.0238855 	13000.000000	0.0237919 	13000.000000	0.0387746 	13000.000000	3.11098e-07	
14000.000000	0.0658347 	14000.000000	0.0404855 	14000.000000	0.0240683 	14000.000000	0.0239756 	14000.000000	0.0404852 	14000.000000	2.90219e-07	
15000.000000	0.0706506 	15000.000000	0.0421945 	15000.000000	0.024239  	15000.000000	0.0241475 	15000.000000	0.0421942 	15000.000000	2.72038e-07	
16000.000000	0.0756268 	16000.000000	0.0439016 	16000.000000	0.0243993 	16000.000000	0.0243091 	16000.000000	0.0439013 	16000.000000	2.5606e-07	
17000.000000	0.080763  	17000.000000	0.0456063 	17000.000000	0.0245505 	17000.000000	0.0244612 	17000.000000	0.0456061 	17000.000000	2.41902e-07	
18000.000000	0.0860587 	18000.000000	0.0473085 	18000.000000	0.0246936 	18000.000000	0.0246049 	18000.000000	0.0473083 	18000.000000	2.29269e-07	
19000.000000	0.091514  	19000.000000	0.0490081 	19000.000000	0.0248293 	19000.000000	0.0247411 	19000.000000	0.0490079 	19000.000000	2.17924e-07	
20000.000000	0.0971289 	20000.000000	0.0507048 	20000.000000	0.0249583 	20000.000000	0.0248703 	20000.000000	0.0507046 	20000.000000	2.07679e-07	
21000.000000	0.102904  	21000.000000	0.0523988 	21000.000000	0.0250807 	21000.000000	0.0249934 	21000.000000	0.0523986 	21000.000000	1.98379e-07	
22000.000000	0.108839  	22000.000000	0.0540899 	22000.000000	0.0251963 	22000.000000	0.0251106 	22000.000000	0.0540898 	22000.000000	1.89898e-07	
23000.000000	0.114934  	23000.000000	0.0557783 	23000.000000	0.0253075 	23000.000000	0.0252227 	23000.000000	0.0557781 	23000.000000	1.82132e-07	
24000.000000	0.121191  	24000.000000	0.0574638 	24000.000000	0.0254144 	24000.000000	0.0253299 	24000.000000	0.0574637 	24000.000000	1.74993e-07	
25000.000000	0.12761   	25000.000000	0.0591467 	25000.000000	0.0255163 	25000.000000	0.0254327 	25000.000000	0.0591465 	25000.000000	1.68408e-07	
26000.000000	0.13419   	26000.000000	0.0608268 	26000.000000	0.0256137 	26000.000000	0.0255313 	26000.000000	0.0608266 	26000.000000	1.62313e-07	
27000.000000	0.140934  	27000.000000	0.0625042 	27000.000000	0.0257073 	27000.000000	0.0256262 	27000.000000	0.062504  	27000.000000	1.56656e-07	
28000.000000	0.147841  	28000.000000	0.064179  	28000.000000	0.0257973 	28000.000000	0.0257175 	28000.000000	0.0641789 	28000.000000	1.51391e-07	
29000.000000	0.154912  	29000.000000	0.0658513 	29000.000000	0.025884  	29000.000000	0.0258055 	29000.000000	0.0658512 	29000.000000	1.46478e-07	
30000.000000	0.162148  	30000.000000	0.0675211 	30000.000000	0.0259675 	30000.000000	0.0258905 	30000.000000	0.067521  	30000.000000	1.41882e-07	
32000.000000	0.177119  	32000.000000	0.0708534 	32000.000000	0.0261262 	32000.000000	0.0260519 	32000.000000	0.0708532 	32000.000000	1.33526e-07	
34000.000000	0.192759  	34000.000000	0.0741763 	34000.000000	0.0262747 	34000.000000	0.0262031 	34000.000000	0.0741761 	34000.000000	1.26124e-07	
36000.000000	0.209074  	36000.000000	0.0774902 	36000.000000	0.026414  	36000.000000	0.0263454 	36000.000000	0.0774901 	36000.000000	1.1952e-07	
38000.000000	0.226073  	38000.000000	0.0807956 	38000.000000	0.0265447 	38000.000000	0.0264796 	38000.000000	0.0807955 	38000.000000	1.1359e-07	
40000.000000	0.24376   	40000.000000	0.0840928 	40000.000000	0.0266681 	40000.000000	0.0266066 	40000.000000	0.0840927 	40000.000000	1.08236e-07	
42000.000000	0.262144  	42000.000000	0.0873822 	42000.000000	0.0267851 	42000.000000	0.026727  	42000.000000	0.0873821 	42000.000000	1.03377e-07	
44000.000000	0.281232  	44000.000000	0.0906641 	44000.000000	0.0268965 	44000.000000	0.0268416 	44000.000000	0.090664  	44000.000000	9.89461e-08	
46000.000000	0.301031  	46000.000000	0.0939387 	46000.000000	0.0270028 	46000.000000	0.0269508 	46000.000000	0.0939386 	46000.000000	9.48893e-08	
48000.000000	0.321549  	48000.000000	0.0972065 	48000.000000	0.0271044 	48000.000000	0.0270551 	48000.000000	0.0972064 	48000.000000	9.11606e-08	
50000.000000	0.342793  	50000.000000	0.100468  	50000.000000	0.0272012 	50000.000000	0.0271549 	50000.000000	0.100468  	50000.000000	8.77213e-08	
