*Energy (MeV/u)1	0 - [He-base] F.Hubert et al, AD&ND Tables 46(1990)1	Energy (MeV/u)2	1 - [H -base] J.F.Ziegler et al, Pergamon Press, NY (low energy)	Energy (MeV/u)3	2 - ATIMA 1.2  LS-theory (recommended for high energy)	Energy (MeV/u)4	3 - ATIMA 1.2  without LS-correction	Energy (MeV/u)5	4 - Range straggling - method [0] - LISE	Energy (MeV/u)6	5 - Range straggling - method [1] - Atima	Energy (MeV/u)7	6 - Lateral range - method [0] - LISE	Energy (MeV/u)8	7 - Lateral range - method [1] - Atima	Energy (MeV/u)9	8 - Lateral range - method [2] - PDG	
0.001000	0.0675604 	0.001000	0.0675604 	0.001000	0.0770272 	0.001000	0.0770272 	0.001000	0         	0.001000	0         	0.001000	0.000332185	0.001000	0.000508415	0.001000	0.000290517	
0.002000	0.143465  	0.002000	0.135121  	0.002000	0.154054  	0.002000	0.154054  	0.002000	0.0149451 	0.002000	0.0149451 	0.002000	0.000972936	0.002000	0.00143876	0.002000	0.000873524	
0.005000	0.312032  	0.005000	0.285156  	0.005000	0.323798  	0.005000	0.323798  	0.005000	0.0169307 	0.005000	0.0169307 	0.005000	0.00290245	0.005000	0.00419156	0.005000	0.00264869	
0.008000	0.44346   	0.008000	0.402136  	0.008000	0.454861  	0.008000	0.454861  	0.008000	0.0169831 	0.008000	0.0169831 	0.008000	0.00475496	0.008000	0.0067802 	0.008000	0.00437457	
0.010000	0.520065  	0.010000	0.47032   	0.010000	0.530761  	0.010000	0.530761  	0.010000	0.0171499 	0.010000	0.0171499 	0.010000	0.00596698	0.010000	0.00845893	0.010000	0.00550944	
0.015000	0.687642  	0.015000	0.619475  	0.015000	0.695634  	0.015000	0.695634  	0.015000	0.0179271 	0.015000	0.0179271 	0.015000	0.00894942	0.015000	0.0125595 	0.015000	0.0083135 	
0.020000	0.832562  	0.020000	0.748464  	0.020000	0.837048  	0.020000	0.837048  	0.020000	0.018904  	0.020000	0.018904  	0.020000	0.0118775 	0.020000	0.0164679 	0.020000	0.0110774 	
0.025000	0.962219  	0.025000	0.863867  	0.025000	0.962783  	0.025000	0.962783  	0.025000	0.0198891 	0.025000	0.0198891 	0.025000	0.0147727 	0.025000	0.0200519 	0.025000	0.0138176 	
0.030000	1.08026   	0.030000	0.968936  	0.030000	1.07136   	0.030000	1.07136   	0.030000	0.0206894 	0.030000	0.0206894 	0.030000	0.0175055 	0.030000	0.0232365 	0.030000	0.0164037 	
0.035000	1.18866   	0.035000	1.06542   	0.035000	1.16614   	0.035000	1.16614   	0.035000	0.0213197 	0.035000	0.0213197 	0.035000	0.0200825 	0.035000	0.0260793 	0.035000	0.0188415 	
0.040000	1.28898   	0.040000	1.1547    	0.040000	1.25337   	0.040000	1.25337   	0.040000	0.0218798 	0.040000	0.0218798 	0.040000	0.0226182 	0.040000	0.02873   	0.040000	0.0212433 	
0.045000	1.38277   	0.045000	1.23818   	0.045000	1.33553   	0.045000	1.33553   	0.045000	0.0223997 	0.045000	0.0223997 	0.045000	0.02516   	0.045000	0.031258  	0.045000	0.0236546 	
0.050000	1.47124   	0.050000	1.31693   	0.050000	1.41376   	0.050000	1.41376   	0.050000	0.0228887 	0.050000	0.022791  	0.050000	0.0277188 	0.050000	0.0336905 	0.050000	0.0260855 	
0.055000	1.55534   	0.055000	1.39178   	0.055000	1.4887    	0.055000	1.4887    	0.055000	0.0233506 	0.055000	0.0231031 	0.055000	0.0302618 	0.055000	0.036051  	0.055000	0.0285461 	
0.060000	1.63589   	0.060000	1.46348   	0.060000	1.56081   	0.060000	1.56081   	0.060000	0.0237881 	0.060000	0.0233968 	0.060000	0.0325704 	0.060000	0.0383499 	0.060000	0.0310381 	
0.070000	1.78874   	0.070000	1.59952   	0.070000	1.69794   	0.070000	1.69794   	0.070000	0.0246002 	0.070000	0.0239393 	0.070000	0.037123  	0.070000	0.0428081 	0.070000	0.0358864 	
0.080000	1.93301   	0.080000	1.72794   	0.080000	1.82749   	0.080000	1.82749   	0.080000	0.0253445 	0.080000	0.0244354 	0.080000	0.0415727 	0.080000	0.0471315 	0.080000	0.040338  	
0.090000	2.07084   	0.090000	1.85061   	0.090000	1.95119   	0.090000	1.95119   	0.090000	0.0260373 	0.090000	0.0248978 	0.090000	0.0458808 	0.090000	0.0513318 	0.090000	0.0446757 	
0.100000	2.20374   	0.100000	1.96891   	0.100000	2.07034   	0.100000	2.07034   	0.100000	0.0266916 	0.100000	0.0253359 	0.100000	0.0500027 	0.100000	0.0553802 	0.100000	0.0488346 	
0.120000	2.459     	0.120000	2.1961    	0.120000	2.29875   	0.120000	2.29875   	0.120000	0.027922  	0.120000	0.026165  	0.120000	0.0573517 	0.120000	0.0626489 	0.120000	0.0562557 	
0.140000	2.70493   	0.140000	2.415     	0.140000	2.51828   	0.140000	2.51828   	0.140000	0.0290908 	0.140000	0.0269599 	0.140000	0.0634489 	0.140000	0.068749  	0.140000	0.0624095 	
0.160000	2.94531   	0.160000	2.62895   	0.160000	2.73238   	0.160000	2.73238   	0.160000	0.030231  	0.160000	0.0277427 	0.160000	0.0688127 	0.160000	0.0741826 	0.160000	0.0678044 	
0.180000	3.18111   	0.180000	2.83883   	0.180000	2.94327   	0.180000	2.94327   	0.180000	0.0313629 	0.180000	0.0285267 	0.180000	0.0736412 	0.180000	0.0791486 	0.180000	0.0726496 	
0.200000	3.41289   	0.200000	3.04513   	0.200000	3.15243   	0.200000	3.15243   	0.200000	0.032499  	0.200000	0.0293201 	0.200000	0.0780442 	0.200000	0.0837328 	0.200000	0.0770615 	
0.250000	3.9831    	0.250000	3.55266   	0.250000	3.67338   	0.250000	3.67338   	0.250000	0.0354005 	0.250000	0.031372  	0.250000	0.0886021 	0.250000	0.0948327 	0.250000	0.0876389 	
0.300000	4.54765   	0.300000	4.05514   	0.300000	4.19732   	0.300000	4.19732   	0.300000	0.0384219 	0.300000	0.0335394 	0.300000	0.0984694 	0.300000	0.105287  	0.300000	0.0975048 	
0.350000	5.10738   	0.350000	4.55334   	0.350000	4.72674   	0.350000	4.72674   	0.350000	0.0415534 	0.350000	0.0358094 	0.350000	0.107548  	0.350000	0.114993  	0.350000	0.106578  	
0.400000	5.66515   	0.400000	5.04979   	0.400000	5.25943   	0.400000	5.25943   	0.400000	0.0447238 	0.400000	0.0381245 	0.400000	0.116373  	0.400000	0.124418  	0.400000	0.1154    	
0.450000	6.21887   	0.450000	5.54264   	0.450000	5.79699   	0.450000	5.79699   	0.450000	0.0479419 	0.450000	0.0404856 	0.450000	0.124788  	0.450000	0.133409  	0.450000	0.123809  	
0.500000	6.77215   	0.500000	6.0351    	0.500000	6.34077   	0.500000	6.34077   	0.500000	0.0512182 	0.500000	0.0428962 	0.500000	0.132961  	0.500000	0.142131  	0.500000	0.131979  	
0.600000	7.88984   	0.600000	7.02992   	0.600000	7.45226   	0.600000	7.45226   	0.600000	0.0579994 	0.600000	0.0478932 	0.600000	0.148471  	0.600000	0.158703  	0.600000	0.147482  	
0.700000	9.03442   	0.700000	8.04867   	0.700000	8.59877   	0.700000	8.59877   	0.700000	0.0650957 	0.700000	0.053117  	0.700000	0.163205  	0.700000	0.174435  	0.700000	0.162216  	
0.800000	10.2185   	0.800000	9.10257   	0.800000	9.78137   	0.800000	9.78137   	0.800000	0.072491  	0.800000	0.0585425 	0.800000	0.177397  	0.800000	0.189588  	0.800000	0.176413  	
0.900000	11.4499   	0.900000	10.1987   	0.900000	11.0007   	0.900000	11.0007   	0.900000	0.080177  	0.900000	0.0641538 	0.900000	0.191077  	0.900000	0.204197  	0.900000	0.190107  	
1.000000	12.73     	1.000000	11.338    	1.000000	12.2574   	1.000000	12.2574   	1.000000	0.0881505 	1.000000	0.0699416 	1.000000	0.204468  	1.000000	0.218491  	1.000000	0.203518  	
1.250000	16.1605   	1.250000	14.3913   	1.250000	15.5725   	1.250000	15.5725   	1.250000	0.109485  	1.250000	0.0852517 	1.250000	0.236253  	1.250000	0.252512  	1.250000	0.235377  	
1.500000	19.9337   	1.500000	17.7497   	1.500000	19.1434   	1.500000	19.1434   	1.500000	0.1329    	1.500000	0.101773  	1.500000	0.266265  	1.500000	0.28475   	1.500000	0.265501  	
1.750000	24.0352   	1.750000	21.4004   	1.750000	22.9651   	1.750000	22.9651   	1.750000	0.158264  	1.750000	0.11938   	1.750000	0.295963  	1.750000	0.316627  	1.750000	0.295356  	
2.000000	28.4686   	2.000000	25.3464   	2.000000	27.0366   	2.000000	27.0366   	2.000000	0.185563  	2.000000	0.138047  	2.000000	0.325974  	2.000000	0.348745  	2.000000	0.325569  	
2.250000	33.2636   	2.250000	29.6143   	2.250000	31.3582   	2.250000	31.3582   	2.250000	0.214817  	2.250000	0.157774  	2.250000	0.356604  	2.250000	0.381408  	2.250000	0.356449  	
2.500000	38.388    	2.500000	34.1791   	2.500000	35.9303   	2.500000	35.9303   	2.500000	0.246048  	2.500000	0.178561  	2.500000	0.388056  	2.500000	0.414808  	2.500000	0.388197  	
3.000000	48.4989   	3.000000	44.1287   	3.000000	45.8243   	3.000000	45.8243   	3.000000	0.314483  	3.000000	0.223291  	3.000000	0.454003  	3.000000	0.484342  	3.000000	0.454879  	
3.500000	59.5607   	3.500000	55.1054   	3.500000	56.7118   	3.500000	56.7118   	3.500000	0.390867  	3.500000	0.27219   	3.500000	0.524697  	3.500000	0.558147  	3.500000	0.526498  	
4.000000	71.5595   	4.000000	67.0621   	4.000000	68.5811   	4.000000	68.5811   	4.000000	0.475111  	4.000000	0.325171  	4.000000	0.600673  	4.000000	0.636685  	4.000000	0.603582  	
4.500000	84.4803   	4.500000	79.9679   	4.500000	81.4167   	4.500000	81.4167   	4.500000	0.567051  	4.500000	0.382074  	4.500000	0.682247  	4.500000	0.72021   	4.500000	0.686454  	
5.000000	98.3083   	5.000000	93.7982   	5.000000	95.2014   	5.000000	95.2014   	5.000000	0.666496  	5.000000	0.442739  	5.000000	0.769557  	5.000000	0.808799  	5.000000	0.775231  	
5.500000	113.029   	5.500000	108.532   	5.500000	109.918   	5.500000	109.918   	5.500000	0.773246  	5.500000	0.507029  	5.500000	0.862643  	5.500000	0.902458  	5.500000	0.869944  	
6.000000	128.63    	6.000000	124.15    	6.000000	125.548   	6.000000	125.548   	6.000000	0.88711   	6.000000	0.574814  	6.000000	0.961438  	6.000000	1.00111   	6.000000	0.970523  	
6.500000	145.097   	6.500000	140.636   	6.500000	142.075   	6.500000	142.075   	6.500000	1.00791   	6.500000	0.645973  	6.500000	1.06592   	6.500000	1.10472   	6.500000	1.07694   	
7.000000	162.419   	7.000000	157.972   	7.000000	159.484   	7.000000	159.484   	7.000000	1.13547   	7.000000	0.720394  	7.000000	1.17596   	7.000000	1.21315   	7.000000	1.18906   	
7.500000	180.585   	7.500000	176.145   	7.500000	177.76    	7.500000	177.76    	7.500000	1.26965   	7.500000	0.797979  	7.500000	1.29147   	7.500000	1.32631   	7.500000	1.30679   	
8.000000	199.583   	8.000000	195.139   	8.000000	196.889   	8.000000	196.889   	8.000000	1.4103    	8.000000	0.878642  	8.000000	1.41233   	8.000000	1.44408   	8.000000	1.43002   	
8.500000	219.405   	8.500000	214.943   	8.500000	216.857   	8.500000	216.857   	8.500000	1.5573    	8.500000	0.962312  	8.500000	1.53846   	8.500000	1.56636   	8.500000	1.55863   	
9.000000	240.039   	9.000000	235.545   	9.000000	237.653   	9.000000	237.653   	9.000000	1.71054   	9.000000	1.04892   	9.000000	1.66975   	9.000000	1.69306   	9.000000	1.69255   	
9.500000	261.478   	9.500000	256.932   	9.500000	259.266   	9.500000	259.266   	9.500000	1.8699    	9.500000	1.13837   	9.500000	1.8061    	9.500000	1.82406   	9.500000	1.83167   	
10.000000	283.712   	10.000000	279.089   	10.000000	281.684   	10.000000	281.684   	10.000000	2.03529   	10.000000	1.23061   	10.000000	1.94742   	10.000000	1.95927   	10.000000	1.97587   	
11.000000	330.535   	11.000000	325.233   	11.000000	328.826   	11.000000	328.814   	11.000000	2.38229   	11.000000	1.42327   	11.000000	2.24396   	11.000000	2.24139   	11.000000	2.27856   	
12.000000	380.448   	12.000000	374.081   	12.000000	378.932   	12.000000	378.887   	12.000000	2.74963   	12.000000	1.62862   	12.000000	2.55806   	12.000000	2.53819   	12.000000	2.59928   	
13.000000	433.393   	13.000000	425.638   	13.000000	431.939   	13.000000	431.844   	13.000000	3.13705   	13.000000	1.84625   	13.000000	2.88887   	13.000000	2.84897   	13.000000	2.93732   	
14.000000	489.319   	14.000000	479.899   	14.000000	487.787   	14.000000	487.627   	14.000000	3.54427   	14.000000	2.07508   	14.000000	3.23001   	14.000000	3.17323   	14.000000	3.28653   	
15.000000	548.18    	15.000000	536.853   	15.000000	546.424   	15.000000	546.186   	15.000000	3.97099   	15.000000	2.31447   	15.000000	3.58797   	15.000000	3.51054   	15.000000	3.65266   	
16.000000	609.929   	16.000000	596.488   	16.000000	607.801   	16.000000	607.476   	16.000000	4.41691   	16.000000	2.5639    	16.000000	3.96213   	16.000000	3.86052   	16.000000	4.03544   	
17.000000	674.525   	17.000000	658.789   	17.000000	671.872   	17.000000	671.453   	17.000000	4.88173   	17.000000	2.82277   	17.000000	4.35204   	17.000000	4.21875   	17.000000	4.43441   	
18.000000	741.928   	18.000000	723.739   	18.000000	738.595   	18.000000	738.076   	18.000000	5.36513   	18.000000	3.09068   	18.000000	4.7573    	18.000000	4.58821   	18.000000	4.84918   	
19.000000	812.103   	19.000000	791.32    	19.000000	807.931   	19.000000	807.309   	19.000000	5.86688   	19.000000	3.36734   	19.000000	5.17755   	19.000000	4.97002   	19.000000	5.27941   	
20.000000	885.013   	20.000000	861.515   	20.000000	879.848   	20.000000	879.117   	20.000000	6.38675   	20.000000	3.65253   	20.000000	5.61251   	20.000000	5.36389   	20.000000	5.72483   	
21.000000	960.625   	21.000000	934.306   	21.000000	954.313   	21.000000	953.468   	21.000000	6.92455   	21.000000	3.94605   	21.000000	6.06195   	21.000000	5.76955   	21.000000	6.18518   	
22.000000	1038.91   	22.000000	1009.67   	22.000000	1031.3    	22.000000	1030.34   	22.000000	7.48013   	22.000000	4.24775   	22.000000	6.52565   	22.000000	6.18681   	22.000000	6.66027   	
23.000000	1119.83   	23.000000	1087.6    	23.000000	1110.77   	23.000000	1109.69   	23.000000	8.05305   	23.000000	4.55734   	23.000000	7.00331   	23.000000	6.61539   	23.000000	7.14982   	
24.000000	1203.36   	24.000000	1168.07   	24.000000	1192.68   	24.000000	1191.5    	24.000000	8.64298   	24.000000	4.8746    	24.000000	7.49467   	24.000000	7.05502   	24.000000	7.65355   	
25.000000	1289.48   	25.000000	1251.06   	25.000000	1277.02   	25.000000	1275.73   	25.000000	9.24975   	25.000000	5.19941   	25.000000	7.99955   	25.000000	7.50553   	25.000000	8.17129   	
27.000000	1469.36   	27.000000	1424.53   	27.000000	1452.85   	27.000000	1451.36   	27.000000	10.513    	27.000000	5.87115   	27.000000	9.04908   	27.000000	8.4385    	27.000000	9.24807   	
29.000000	1659.27   	29.000000	1607.89   	29.000000	1638.05   	29.000000	1636.38   	29.000000	11.8409   	29.000000	6.57144   	29.000000	10.1503   	29.000000	9.41284   	29.000000	10.3786   	
31.000000	1859.02   	31.000000	1800.99   	31.000000	1832.49   	31.000000	1830.69   	31.000000	13.2332   	31.000000	7.30011   	31.000000	11.3026   	31.000000	10.4278   	31.000000	11.5623   	
33.000000	2068.44   	33.000000	2003.71   	33.000000	2036.44   	33.000000	2034.56   	33.000000	14.6973   	33.000000	8.06051   	33.000000	12.5083   	33.000000	11.4855   	33.000000	12.8017   	
35.000000	2287.36   	35.000000	2215.91   	35.000000	2249.83   	35.000000	2247.92   	35.000000	16.2329   	35.000000	8.85262   	35.000000	13.7678   	35.000000	12.5859   	35.000000	14.0972   	
38.000000	2633.22   	38.000000	2551.72   	38.000000	2587.32   	38.000000	2585.43   	38.000000	18.6664   	38.000000	10.0984   	38.000000	15.7562   	38.000000	14.3154   	38.000000	16.1443   	
41.000000	2999.63   	41.000000	2908.2    	41.000000	2945.24   	41.000000	2943.51   	41.000000	21.2498   	41.000000	11.4097   	41.000000	17.8612   	41.000000	16.1374   	41.000000	18.3135   	
44.000000	3386.13   	44.000000	3284.96   	44.000000	3323.22   	44.000000	3321.73   	44.000000	23.9794   	44.000000	12.7854   	44.000000	20.0804   	44.000000	18.0499   	44.000000	20.6029   	
47.000000	3792.32   	47.000000	3681.63   	47.000000	3720.87   	47.000000	3719.7    	47.000000	26.8506   	47.000000	14.2221   	47.000000	22.4113   	47.000000	20.0508   	47.000000	23.01     	
50.000000	4217.79   	50.000000	4097.86   	50.000000	4137.83   	50.000000	4137.06   	50.000000	29.8594   	50.000000	15.718    	50.000000	24.8512   	50.000000	22.1378   	50.000000	25.5326   	
55.000000	4968.78   	55.000000	4834.14   	55.000000	4874.66   	55.000000	4874.78   	55.000000	35.1688   	55.000000	18.338    	55.000000	29.153    	55.000000	25.8017   	55.000000	29.9866   	
60.000000	5770.75   	60.000000	5622.34   	60.000000	5662.51   	60.000000	5663.89   	60.000000	40.8321   	60.000000	21.1102   	60.000000	33.7384   	60.000000	29.6891   	60.000000	34.7435   	
65.000000	6622.25   	65.000000	6461.06   	65.000000	6500.24   	65.000000	6502.99   	65.000000	46.8402   	65.000000	24.0287   	65.000000	38.5994   	65.000000	33.7934   	65.000000	39.7959   	
70.000000	7521.96   	70.000000	7348.98   	70.000000	7386.44   	70.000000	7390.8    	70.000000	53.1776   	70.000000	27.0883   	70.000000	43.7253   	70.000000	38.1063   	70.000000	45.1342   	
75.000000	8468.62   	75.000000	8284.85   	75.000000	8319.89   	75.000000	8326.11   	75.000000	59.8315   	75.000000	30.2826   	75.000000	49.107    	75.000000	42.6205   	75.000000	50.75     	
80.000000	9461.11   	80.000000	9267.48   	80.000000	9299.43   	80.000000	9307.78   	80.000000	66.7906   	80.000000	33.6084   	80.000000	54.7358   	80.000000	47.3294   	80.000000	56.6356   	
85.000000	10498.3   	85.000000	10295.7   	85.000000	10324     	85.000000	10334.7   	85.000000	74.0437   	85.000000	37.0589   	85.000000	60.6035   	85.000000	52.2269   	85.000000	62.7836   	
90.000000	11579.3   	90.000000	11368.5   	90.000000	11392.6   	90.000000	11405.9   	90.000000	81.5833   	90.000000	40.6318   	90.000000	66.7035   	90.000000	57.3077   	90.000000	69.188    	
95.000000	12703     	95.000000	12484.8   	95.000000	12504.4   	95.000000	12520.4   	95.000000	89.399    	95.000000	44.3233   	95.000000	73.0284   	95.000000	62.5665   	95.000000	75.8422   	
100.000000	13868.7   	100.000000	13643.6   	100.000000	13658.2   	100.000000	13677.2   	100.000000	97.4793   	100.000000	48.129    	100.000000	79.5703   	100.000000	67.9973   	100.000000	82.7391   	
105.000000	15075.3   	105.000000	14844     	105.000000	14853.1   	105.000000	14875.5   	105.000000	105.815   	105.000000	52.0457   	105.000000	86.3223   	105.000000	73.5953   	105.000000	89.8724   	
110.000000	16322.2   	110.000000	16085     	110.000000	16088.5   	110.000000	16114.3   	110.000000	114.4     	110.000000	56.0716   	110.000000	93.279    	110.000000	79.3562   	110.000000	97.2373   	
115.000000	17608.5   	115.000000	17365.8   	115.000000	17363.5   	115.000000	17392.9   	115.000000	123.228   	115.000000	60.2033   	115.000000	100.435   	115.000000	85.276    	115.000000	104.829   	
120.000000	18933.5   	120.000000	18685.5   	120.000000	18677.1   	120.000000	18710.4   	120.000000	132.286   	120.000000	64.4341   	120.000000	107.782   	120.000000	91.3496   	120.000000	112.64    	
125.000000	20296.6   	125.000000	20043.3   	125.000000	20028.7   	125.000000	20066.1   	125.000000	141.568   	125.000000	68.7647   	125.000000	115.316   	125.000000	97.5728   	125.000000	120.666   	
130.000000	21696.9   	130.000000	21438.5   	130.000000	21417.6   	130.000000	21459.2   	130.000000	151.068   	130.000000	73.1914   	130.000000	123.031   	130.000000	103.942   	130.000000	128.903   	
135.000000	23134     	135.000000	22870.1   	135.000000	22843     	135.000000	22889.1   	135.000000	160.781   	135.000000	77.7122   	135.000000	130.923   	135.000000	110.455   	135.000000	137.346   	
140.000000	24607.1   	140.000000	24337.6   	140.000000	24304.2   	140.000000	24354.9   	140.000000	170.695   	140.000000	82.3255   	140.000000	138.985   	140.000000	117.105   	140.000000	145.988   	
145.000000	26115.7   	145.000000	25840.2   	145.000000	25800.4   	145.000000	25856.1   	145.000000	180.805   	145.000000	87.0261   	145.000000	147.212   	145.000000	123.89    	145.000000	154.827   	
150.000000	27659.2   	150.000000	27377.1   	150.000000	27331.1   	150.000000	27392     	150.000000	191.107   	150.000000	91.8127   	150.000000	155.6     	150.000000	130.807   	150.000000	163.857   	
155.000000	29259.3   	155.000000	28947.8   	155.000000	28895.8   	155.000000	28961.8   	155.000000	201.594   	155.000000	96.6837   	155.000000	164.145   	155.000000	137.853   	155.000000	173.076   	
160.000000	30892.7   	160.000000	30551.6   	160.000000	30493.6   	160.000000	30565.1   	160.000000	212.259   	160.000000	101.636   	160.000000	172.842   	160.000000	145.023   	160.000000	182.478   	
165.000000	32557.9   	165.000000	32187.9   	165.000000	32124.1   	165.000000	32201.2   	165.000000	223.097   	165.000000	106.668   	165.000000	181.686   	165.000000	152.316   	165.000000	192.059   	
170.000000	34254.4   	170.000000	33856     	170.000000	33786.7   	170.000000	33869.5   	170.000000	234.104   	170.000000	111.78    	170.000000	190.675   	170.000000	159.729   	170.000000	201.816   	
175.000000	35981.6   	175.000000	35555.3   	175.000000	35480.7   	175.000000	35569.5   	175.000000	245.272   	175.000000	116.967   	175.000000	199.802   	175.000000	167.257   	175.000000	211.745   	
180.000000	37739.1   	180.000000	37285.3   	180.000000	37205.5   	180.000000	37300.5   	180.000000	256.595   	180.000000	122.227   	180.000000	209.063   	180.000000	174.898   	180.000000	221.84    	
185.000000	39526.1   	185.000000	39045.4   	185.000000	38960.6   	185.000000	39062.1   	185.000000	268.068   	185.000000	127.555   	185.000000	218.456   	185.000000	182.65    	185.000000	232.099   	
190.000000	41342.3   	190.000000	40835.1   	190.000000	40745.7   	190.000000	40853.7   	190.000000	279.688   	190.000000	132.955   	190.000000	227.976   	190.000000	190.51    	190.000000	242.52    	
195.000000	43187.2   	195.000000	42653.8   	195.000000	42560.1   	195.000000	42674.7   	195.000000	291.452   	195.000000	138.426   	195.000000	237.621   	195.000000	198.475   	195.000000	253.098   	
200.000000	45060.2   	200.000000	44501.1   	200.000000	44403.3   	200.000000	44524.8   	200.000000	303.353   	200.000000	143.962   	200.000000	247.386   	200.000000	206.544   	200.000000	263.829   	
210.000000	48888.9   	210.000000	48279.1   	210.000000	48174.2   	210.000000	48309.9   	210.000000	327.546   	210.000000	155.227   	210.000000	267.262   	210.000000	222.979   	210.000000	285.74    	
220.000000	52824.9   	220.000000	52165.4   	220.000000	52054.7   	220.000000	52205.3   	220.000000	352.239   	220.000000	166.748   	220.000000	287.582   	220.000000	239.799   	220.000000	308.228   	
230.000000	56864.7   	230.000000	56156.1   	230.000000	56041.1   	230.000000	56207.2   	230.000000	377.393   	230.000000	178.502   	230.000000	308.316   	230.000000	256.983   	230.000000	331.268   	
240.000000	61005.1   	240.000000	60247.9   	240.000000	60130.2   	240.000000	60312.1   	240.000000	402.985   	240.000000	190.484   	240.000000	329.445   	240.000000	274.517   	240.000000	354.839   	
250.000000	65243.1   	250.000000	64437.4   	250.000000	64318.1   	250.000000	64516.9   	250.000000	428.976   	250.000000	202.679   	250.000000	350.942   	250.000000	292.382   	250.000000	378.915   	
260.000000	69575.7   	260.000000	68721.4   	260.000000	68601.8   	260.000000	68818.2   	260.000000	455.341   	260.000000	215.081   	260.000000	372.787   	260.000000	310.563   	260.000000	403.474   	
270.000000	74000.2   	270.000000	73096.9   	270.000000	72978.7   	270.000000	73213     	270.000000	482.062   	270.000000	227.684   	270.000000	394.962   	270.000000	329.047   	270.000000	428.501   	
280.000000	78513.8   	280.000000	77561     	280.000000	77445.5   	280.000000	77698.4   	280.000000	509.109   	280.000000	240.479   	280.000000	417.446   	280.000000	347.82    	280.000000	453.973   	
290.000000	83114     	290.000000	82110.9   	290.000000	81999.5   	290.000000	82271.6   	290.000000	536.46    	290.000000	253.459   	290.000000	440.221   	290.000000	366.867   	290.000000	479.872   	
300.000000	87798.4   	300.000000	86744     	300.000000	86638.3   	300.000000	86929.9   	300.000000	564.097   	300.000000	266.618   	300.000000	463.271   	300.000000	386.179   	300.000000	506.182   	
310.000000	92564.5   	310.000000	91457.7   	310.000000	91358.8   	310.000000	91670.7   	310.000000	591.993   	310.000000	279.934   	310.000000	486.578   	310.000000	405.739   	310.000000	532.883   	
320.000000	97410.3   	320.000000	96249.5   	320.000000	96158.9   	320.000000	96491.4   	320.000000	620.134   	320.000000	293.414   	320.000000	510.128   	320.000000	425.54    	320.000000	559.96    	
330.000000	102333    	330.000000	101117    	330.000000	101036    	330.000000	101390    	330.000000	648.501   	330.000000	307.053   	330.000000	533.906   	330.000000	445.569   	330.000000	587.4     	
340.000000	107332    	340.000000	106059    	340.000000	105988    	340.000000	106363    	340.000000	677.073   	340.000000	320.834   	340.000000	557.896   	340.000000	465.815   	340.000000	615.182   	
350.000000	112404    	350.000000	111071    	350.000000	111013    	350.000000	111410    	350.000000	705.835   	350.000000	334.751   	350.000000	582.086   	350.000000	486.268   	350.000000	643.296   	
360.000000	117547    	360.000000	116154    	360.000000	116108    	360.000000	116528    	360.000000	734.777   	360.000000	348.806   	360.000000	606.465   	360.000000	506.92    	360.000000	671.728   	
370.000000	122759    	370.000000	121303    	370.000000	121271    	370.000000	121714    	370.000000	763.876   	370.000000	362.997   	370.000000	631.018   	370.000000	527.759   	370.000000	700.461   	
380.000000	128039    	380.000000	126518    	380.000000	126501    	380.000000	126967    	380.000000	793.119   	380.000000	377.32    	380.000000	655.733   	380.000000	548.777   	380.000000	729.484   	
390.000000	133386    	390.000000	131797    	390.000000	131796    	390.000000	132285    	390.000000	822.499   	390.000000	391.765   	390.000000	680.601   	390.000000	569.967   	390.000000	758.787   	
400.000000	138796    	400.000000	137138    	400.000000	137153    	400.000000	137666    	400.000000	852       	400.000000	406.324   	400.000000	705.612   	400.000000	591.321   	400.000000	788.356   	
410.000000	144269    	410.000000	142538    	410.000000	142570    	410.000000	143109    	410.000000	881.606   	410.000000	420.993   	410.000000	730.753   	410.000000	612.827   	410.000000	818.178   	
420.000000	149803    	420.000000	147997    	420.000000	148047    	420.000000	148611    	420.000000	911.309   	420.000000	435.772   	420.000000	756.016   	420.000000	634.481   	420.000000	848.242   	
430.000000	155397    	430.000000	153513    	430.000000	153582    	430.000000	154170    	430.000000	941.102   	430.000000	450.658   	430.000000	781.394   	430.000000	656.276   	430.000000	878.542   	
440.000000	161049    	440.000000	159085    	440.000000	159172    	440.000000	159786    	440.000000	970.973   	440.000000	465.641   	440.000000	806.877   	440.000000	678.204   	440.000000	909.063   	
450.000000	166757    	450.000000	164710    	450.000000	164816    	450.000000	165457    	450.000000	1000.91   	450.000000	480.711   	450.000000	832.454   	450.000000	700.258   	450.000000	939.796   	
460.000000	172521    	460.000000	170388    	460.000000	170514    	460.000000	171180    	460.000000	1030.9    	460.000000	495.867   	460.000000	858.118   	460.000000	722.431   	460.000000	970.731   	
470.000000	178339    	470.000000	176117    	470.000000	176262    	470.000000	176956    	470.000000	1060.94   	470.000000	511.115   	470.000000	883.865   	470.000000	744.718   	470.000000	1001.86   	
480.000000	184209    	480.000000	181895    	480.000000	182061    	480.000000	182781    	480.000000	1091.02   	480.000000	526.456   	480.000000	909.686   	480.000000	767.115   	480.000000	1033.18   	
490.000000	190131    	490.000000	187722    	490.000000	187908    	490.000000	188655    	490.000000	1121.14   	490.000000	541.883   	490.000000	935.572   	490.000000	789.611   	490.000000	1064.67   	
500.000000	196103    	500.000000	193596    	500.000000	193801    	500.000000	194577    	500.000000	1151.27   	500.000000	557.391   	500.000000	961.514   	500.000000	812.202   	500.000000	1096.32   	
520.000000	208192    	520.000000	205480    	520.000000	205725    	520.000000	206557    	520.000000	1211.57   	520.000000	588.626   	520.000000	1013.55   	520.000000	857.65    	520.000000	1160.1    	
540.000000	220468    	540.000000	217539    	540.000000	217822    	540.000000	218711    	540.000000	1271.9    	540.000000	620.138   	540.000000	1065.76   	540.000000	903.421   	540.000000	1224.46   	
560.000000	232921    	560.000000	229763    	560.000000	230083    	560.000000	231030    	560.000000	1332.19   	560.000000	651.93    	560.000000	1118.08   	560.000000	949.474   	560.000000	1289.33   	
580.000000	245545    	580.000000	242145    	580.000000	242500    	580.000000	243507    	580.000000	1392.4    	580.000000	683.979   	580.000000	1170.49   	580.000000	995.779   	580.000000	1354.67   	
600.000000	258330    	600.000000	254677    	600.000000	255065    	600.000000	256132    	600.000000	1452.52   	600.000000	716.253   	600.000000	1222.95   	600.000000	1042.31   	600.000000	1420.44   	
620.000000	271270    	620.000000	267351    	620.000000	267769    	620.000000	268898    	620.000000	1512.5    	620.000000	748.739   	620.000000	1275.43   	620.000000	1089.02   	620.000000	1486.58   	
640.000000	284358    	640.000000	280160    	640.000000	280607    	640.000000	281798    	640.000000	1572.31   	640.000000	781.43    	640.000000	1327.9    	640.000000	1135.9    	640.000000	1553.05   	
660.000000	297586    	660.000000	293099    	660.000000	293571    	660.000000	294825    	660.000000	1631.93   	660.000000	814.319   	660.000000	1380.34   	660.000000	1182.92   	660.000000	1619.83   	
680.000000	310949    	680.000000	306160    	680.000000	306656    	680.000000	307973    	680.000000	1691.33   	680.000000	847.391   	680.000000	1432.71   	680.000000	1230.06   	680.000000	1686.86   	
700.000000	324440    	700.000000	319339    	700.000000	319854    	700.000000	321236    	700.000000	1750.49   	700.000000	880.636   	700.000000	1485      	700.000000	1277.29   	700.000000	1754.12   	
720.000000	338054    	720.000000	332629    	720.000000	333160    	720.000000	334608    	720.000000	1809.41   	720.000000	914.049   	720.000000	1537.19   	720.000000	1324.59   	720.000000	1821.58   	
740.000000	351785    	740.000000	346025    	740.000000	346571    	740.000000	348084    	740.000000	1868.05   	740.000000	947.626   	740.000000	1589.27   	740.000000	1371.96   	740.000000	1889.2    	
760.000000	365628    	760.000000	359523    	760.000000	360079    	760.000000	361659    	760.000000	1926.41   	760.000000	981.353   	760.000000	1641.22   	760.000000	1419.36   	760.000000	1956.97   	
780.000000	379577    	780.000000	373117    	780.000000	373680    	780.000000	375328    	780.000000	1984.47   	780.000000	1015.22   	780.000000	1693.01   	780.000000	1466.78   	780.000000	2024.84   	
800.000000	393629    	800.000000	386804    	800.000000	387370    	800.000000	389086    	800.000000	2042.22   	800.000000	1049.23   	800.000000	1744.64   	800.000000	1514.21   	800.000000	2092.81   	
820.000000	407777    	820.000000	400578    	820.000000	401144    	820.000000	402929    	820.000000	2099.65   	820.000000	1083.38   	820.000000	1796.1    	820.000000	1561.64   	820.000000	2160.85   	
840.000000	422019    	840.000000	414436    	840.000000	415000    	840.000000	416853    	840.000000	2156.77   	840.000000	1117.66   	840.000000	1847.38   	840.000000	1609.05   	840.000000	2228.93   	
860.000000	436349    	860.000000	428375    	860.000000	428932    	860.000000	430854    	860.000000	2213.54   	860.000000	1152.04   	860.000000	1898.46   	860.000000	1656.43   	860.000000	2297.05   	
880.000000	450764    	880.000000	442389    	880.000000	442936    	880.000000	444928    	880.000000	2269.97   	880.000000	1186.52   	880.000000	1949.34   	880.000000	1703.77   	880.000000	2365.17   	
900.000000	465259    	900.000000	456476    	900.000000	457010    	900.000000	459072    	900.000000	2326.06   	900.000000	1221.09   	900.000000	2000      	900.000000	1751.05   	900.000000	2433.29   	
920.000000	479832    	920.000000	470633    	920.000000	471150    	920.000000	473283    	920.000000	2381.79   	920.000000	1255.77   	920.000000	2050.45   	920.000000	1798.28   	920.000000	2501.38   	
940.000000	494477    	940.000000	484856    	940.000000	485353    	940.000000	487558    	940.000000	2437.18   	940.000000	1290.56   	940.000000	2100.68   	940.000000	1845.44   	940.000000	2569.44   	
960.000000	509193    	960.000000	499142    	960.000000	499617    	960.000000	501892    	960.000000	2492.21   	960.000000	1325.46   	960.000000	2150.69   	960.000000	1892.51   	960.000000	2637.45   	
980.000000	523975    	980.000000	513488    	980.000000	513937    	980.000000	516284    	980.000000	2546.88   	980.000000	1360.45   	980.000000	2200.45   	980.000000	1939.51   	980.000000	2705.39   	
1000.000000	538820    	1000.000000	527891    	1000.000000	528312    	1000.000000	530731    	1000.000000	2601.19   	1000.000000	1395.51   	1000.000000	2249.98   	1000.000000	1986.41   	1000.000000	2773.26   	
1020.000000	553725    	1020.000000	542350    	1020.000000	542739    	1020.000000	545231    	1020.000000	2655.13   	1020.000000	1430.65   	1020.000000	2299.27   	1020.000000	2033.21   	1020.000000	2841.04   	
1040.000000	568687    	1040.000000	556860    	1040.000000	557214    	1040.000000	559780    	1040.000000	2708.71   	1040.000000	1465.86   	1040.000000	2348.31   	1040.000000	2079.9    	1040.000000	2908.72   	
1060.000000	583704    	1060.000000	571420    	1060.000000	571737    	1060.000000	574376    	1060.000000	2761.93   	1060.000000	1501.14   	1060.000000	2397.1    	1060.000000	2126.48   	1060.000000	2976.3    	
1080.000000	598773    	1080.000000	586028    	1080.000000	586305    	1080.000000	589017    	1080.000000	2814.79   	1080.000000	1536.49   	1080.000000	2445.64   	1080.000000	2172.95   	1080.000000	3043.76   	
1100.000000	613890    	1100.000000	600680    	1100.000000	600917    	1100.000000	603702    	1100.000000	2867.29   	1100.000000	1571.91   	1100.000000	2493.94   	1100.000000	2219.29   	1100.000000	3111.1    	
1120.000000	629054    	1120.000000	615375    	1120.000000	615569    	1120.000000	618427    	1120.000000	2919.43   	1120.000000	1607.41   	1120.000000	2541.98   	1120.000000	2265.51   	1120.000000	3178.31   	
1140.000000	644262    	1140.000000	630111    	1140.000000	630260    	1140.000000	633192    	1140.000000	2971.21   	1140.000000	1642.98   	1140.000000	2589.76   	1140.000000	2311.6    	1140.000000	3245.37   	
1160.000000	659511    	1160.000000	644886    	1160.000000	644987    	1160.000000	647993    	1160.000000	3022.62   	1160.000000	1678.63   	1160.000000	2637.29   	1160.000000	2357.56   	1160.000000	3312.29   	
1180.000000	674799    	1180.000000	659698    	1180.000000	659749    	1180.000000	662830    	1180.000000	3073.68   	1180.000000	1714.35   	1180.000000	2684.56   	1180.000000	2403.38   	1180.000000	3379.06   	
1200.000000	690125    	1200.000000	674545    	1200.000000	674545    	1200.000000	677701    	1200.000000	3124.38   	1200.000000	1750.14   	1200.000000	2731.57   	1200.000000	2449.06   	1200.000000	3445.66   	
1220.000000	705485    	1220.000000	689425    	1220.000000	689373    	1220.000000	692604    	1220.000000	3174.72   	1220.000000	1785.99   	1220.000000	2778.32   	1220.000000	2494.59   	1220.000000	3512.1    	
1240.000000	720879    	1240.000000	704337    	1240.000000	704231    	1240.000000	707537    	1240.000000	3224.72   	1240.000000	1821.91   	1240.000000	2824.81   	1240.000000	2539.98   	1240.000000	3578.37   	
1260.000000	736303    	1260.000000	719278    	1260.000000	719118    	1260.000000	722499    	1260.000000	3274.37   	1260.000000	1857.89   	1260.000000	2871.05   	1260.000000	2585.22   	1260.000000	3644.47   	
1280.000000	751756    	1280.000000	734248    	1280.000000	734032    	1280.000000	737489    	1280.000000	3323.67   	1280.000000	1893.93   	1280.000000	2917.04   	1280.000000	2630.31   	1280.000000	3710.39   	
1300.000000	767236    	1300.000000	749245    	1300.000000	748973    	1300.000000	752505    	1300.000000	3372.63   	1300.000000	1930.02   	1300.000000	2962.76   	1300.000000	2675.25   	1300.000000	3776.13   	
1320.000000	782741    	1320.000000	764267    	1320.000000	763939    	1320.000000	767546    	1320.000000	3421.26   	1320.000000	1966.16   	1320.000000	3008.24   	1320.000000	2720.04   	1320.000000	3841.69   	
1340.000000	798270    	1340.000000	779313    	1340.000000	778929    	1340.000000	782610    	1340.000000	3469.54   	1340.000000	2002.35   	1340.000000	3053.45   	1340.000000	2764.67   	1340.000000	3907.05   	
1360.000000	813821    	1360.000000	794381    	1360.000000	793941    	1360.000000	797698    	1360.000000	3517.49   	1360.000000	2038.58   	1360.000000	3098.41   	1360.000000	2809.14   	1360.000000	3972.23   	
1380.000000	829392    	1380.000000	809471    	1380.000000	808974    	1380.000000	812806    	1380.000000	3565.1    	1380.000000	2074.87   	1380.000000	3143.12   	1380.000000	2853.45   	1380.000000	4037.2    	
1400.000000	844981    	1400.000000	824581    	1400.000000	824027    	1400.000000	827935    	1400.000000	3612.38   	1400.000000	2111.21   	1400.000000	3187.57   	1400.000000	2897.6    	1400.000000	4101.98   	
1420.000000	860588    	1420.000000	839709    	1420.000000	839098    	1420.000000	843083    	1420.000000	3659.34   	1420.000000	2147.59   	1420.000000	3231.78   	1420.000000	2941.59   	1420.000000	4166.55   	
1440.000000	876211    	1440.000000	854855    	1440.000000	854188    	1440.000000	858249    	1440.000000	3705.97   	1440.000000	2184.03   	1440.000000	3275.73   	1440.000000	2985.42   	1440.000000	4230.93   	
1460.000000	891848    	1460.000000	870018    	1460.000000	869295    	1460.000000	873433    	1460.000000	3752.27   	1460.000000	2220.51   	1460.000000	3319.44   	1460.000000	3029.09   	1460.000000	4295.09   	
1480.000000	907497    	1480.000000	885196    	1480.000000	884419    	1480.000000	888633    	1480.000000	3798.27   	1480.000000	2257.05   	1480.000000	3362.89   	1480.000000	3072.59   	1480.000000	4359.05   	
1500.000000	923158    	1500.000000	900388    	1500.000000	899558    	1500.000000	903848    	1500.000000	3843.95   	1500.000000	2293.63   	1500.000000	3406.11   	1500.000000	3115.93   	1500.000000	4422.81   	
1520.000000	938830    	1520.000000	915594    	1520.000000	914712    	1520.000000	919078    	1520.000000	3889.32   	1520.000000	2330.26   	1520.000000	3449.08   	1520.000000	3159.1    	1520.000000	4486.35   	
1540.000000	954510    	1540.000000	930812    	1540.000000	929879    	1540.000000	934322    	1540.000000	3934.38   	1540.000000	2366.94   	1540.000000	3491.81   	1540.000000	3202.11   	1540.000000	4549.69   	
1560.000000	970199    	1560.000000	946041    	1560.000000	945060    	1560.000000	949579    	1560.000000	3979.14   	1560.000000	2403.66   	1560.000000	3534.3    	1560.000000	3244.96   	1560.000000	4612.81   	
1580.000000	985894    	1580.000000	961281    	1580.000000	960253    	1580.000000	964848    	1580.000000	4023.61   	1580.000000	2440.43   	1580.000000	3576.55   	1580.000000	3287.64   	1580.000000	4675.73   	
1600.000000	1.00159e+06	1600.000000	976531    	1600.000000	975458    	1600.000000	980128    	1600.000000	4067.77   	1600.000000	2477.25   	1600.000000	3618.56   	1600.000000	3330.16   	1600.000000	4738.42   	
1620.000000	1.0173e+06	1620.000000	991789    	1620.000000	990673    	1620.000000	995420    	1620.000000	4111.64   	1620.000000	2514.1    	1620.000000	3660.34   	1620.000000	3372.51   	1620.000000	4800.91   	
1640.000000	1.03301e+06	1640.000000	1.00706e+06	1640.000000	1.0059e+06	1640.000000	1.01072e+06	1640.000000	4155.22   	1640.000000	2550.98   	1640.000000	3701.89   	1640.000000	3414.7    	1640.000000	4863.18   	
1660.000000	1.04872e+06	1660.000000	1.02233e+06	1660.000000	1.02113e+06	1660.000000	1.02603e+06	1660.000000	4198.51   	1660.000000	2587.91   	1660.000000	3743.2    	1660.000000	3456.72   	1660.000000	4925.23   	
1680.000000	1.06443e+06	1680.000000	1.03761e+06	1680.000000	1.03638e+06	1680.000000	1.04135e+06	1680.000000	4241.52   	1680.000000	2624.87   	1680.000000	3784.29   	1680.000000	3498.57   	1680.000000	4987.07   	
1700.000000	1.08014e+06	1700.000000	1.05289e+06	1700.000000	1.05163e+06	1700.000000	1.05668e+06	1700.000000	4284.24   	1700.000000	2661.86   	1700.000000	3825.14   	1700.000000	3540.26   	1700.000000	5048.69   	
1750.000000	1.11942e+06	1750.000000	1.09113e+06	1750.000000	1.08979e+06	1750.000000	1.09504e+06	1750.000000	4389.82   	1750.000000	2754.49   	1750.000000	3926.3    	1750.000000	3643.77   	1750.000000	5201.79   	
1800.000000	1.15868e+06	1800.000000	1.12938e+06	1800.000000	1.12799e+06	1800.000000	1.13343e+06	1800.000000	4493.71   	1800.000000	2847.34   	1800.000000	4026.07   	1800.000000	3746.26   	1800.000000	5353.54   	
1850.000000	1.19791e+06	1850.000000	1.16764e+06	1850.000000	1.16623e+06	1850.000000	1.17186e+06	1850.000000	4595.96   	1850.000000	2940.43   	1850.000000	4124.49   	1850.000000	3847.72   	1850.000000	5503.94   	
1900.000000	1.23709e+06	1900.000000	1.2059e+06	1900.000000	1.20449e+06	1900.000000	1.21031e+06	1900.000000	4696.61   	1900.000000	3033.76   	1900.000000	4221.59   	1900.000000	3948.19   	1900.000000	5653      	
1950.000000	1.27623e+06	1950.000000	1.24416e+06	1950.000000	1.24278e+06	1950.000000	1.24878e+06	1950.000000	4795.71   	1950.000000	3127.36   	1950.000000	4317.41   	1950.000000	4047.66   	1950.000000	5800.72   	
2000.000000	1.3153e+06	2000.000000	1.2824e+06	2000.000000	1.28107e+06	2000.000000	1.28727e+06	2000.000000	4893.31   	2000.000000	3221.21   	2000.000000	4411.96   	2000.000000	4146.15   	2000.000000	5947.12   	
2100.000000	1.39322e+06	2100.000000	1.3588e+06	2100.000000	1.35769e+06	2100.000000	1.36427e+06	2100.000000	5084.15   	2100.000000	3409.68   	2100.000000	4597.4    	2100.000000	4340.22   	2100.000000	6235.97   	
2200.000000	1.47078e+06	2200.000000	1.43507e+06	2200.000000	1.43432e+06	2200.000000	1.44127e+06	2200.000000	5269.47   	2200.000000	3599.15   	2200.000000	4778.14   	2200.000000	4530.49   	2200.000000	6519.66   	
2300.000000	1.54793e+06	2300.000000	1.51115e+06	2300.000000	1.51092e+06	2300.000000	1.51825e+06	2300.000000	5449.55   	2300.000000	3789.58   	2300.000000	4954.41   	2300.000000	4717.08   	2300.000000	6798.29   	
2400.000000	1.62462e+06	2400.000000	1.58702e+06	2400.000000	1.58747e+06	2400.000000	1.59517e+06	2400.000000	5624.68   	2400.000000	3980.94   	2400.000000	5126.41   	2400.000000	4900.09   	2400.000000	7071.99   	
2500.000000	1.7008e+06	2500.000000	1.66263e+06	2500.000000	1.66394e+06	2500.000000	1.67202e+06	2500.000000	5795.15   	2500.000000	4173.19   	2500.000000	5294.35   	2500.000000	5079.63   	2500.000000	7340.89   	
2600.000000	1.77645e+06	2600.000000	1.73796e+06	2600.000000	1.74033e+06	2600.000000	1.74878e+06	2600.000000	5961.15   	2600.000000	4366.28   	2600.000000	5458.4    	2600.000000	5255.8    	2600.000000	7605.1    	
2700.000000	1.85153e+06	2700.000000	1.81298e+06	2700.000000	1.81661e+06	2700.000000	1.82543e+06	2700.000000	6122.92   	2700.000000	4560.16   	2700.000000	5618.74   	2700.000000	5428.7    	2700.000000	7864.74   	
2800.000000	1.92602e+06	2800.000000	1.88768e+06	2800.000000	1.89276e+06	2800.000000	1.90195e+06	2800.000000	6280.67   	2800.000000	4754.85   	2800.000000	5775.54   	2800.000000	5598.44   	2800.000000	8119.96   	
2900.000000	1.99989e+06	2900.000000	1.96204e+06	2900.000000	1.96879e+06	2900.000000	1.97835e+06	2900.000000	6434.62   	2900.000000	4950.33   	2900.000000	5928.96   	2900.000000	5765.13   	2900.000000	8370.88   	
3000.000000	2.07313e+06	3000.000000	2.03605e+06	3000.000000	2.04469e+06	3000.000000	2.0546e+06	3000.000000	6584.95   	3000.000000	5146.62   	3000.000000	6079.16   	3000.000000	5928.87   	3000.000000	8617.64   	
3200.000000	2.21766e+06	3200.000000	2.18294e+06	3200.000000	2.19604e+06	3200.000000	2.20668e+06	3200.000000	6875.48   	3200.000000	5541.66   	3200.000000	6370.47   	3200.000000	6247.9    	3200.000000	9099.21   	
3400.000000	2.35952e+06	3400.000000	2.32829e+06	3400.000000	2.3468e+06	3400.000000	2.35814e+06	3400.000000	7153.55   	3400.000000	5940.01   	3400.000000	6650.54   	3400.000000	6556.3    	3400.000000	9565.68   	
3600.000000	2.49867e+06	3600.000000	2.47204e+06	3600.000000	2.49694e+06	3600.000000	2.50898e+06	3600.000000	7420.29   	3600.000000	6341.71   	3600.000000	6920.3    	3600.000000	6854.78   	3600.000000	10018     	
3800.000000	2.63508e+06	3800.000000	2.61415e+06	3800.000000	2.64645e+06	3800.000000	2.65918e+06	3800.000000	7676.68   	3800.000000	6746.8    	3800.000000	7180.62   	3800.000000	7144      	3800.000000	10457     	
4000.000000	2.76875e+06	4000.000000	2.75461e+06	4000.000000	2.79532e+06	4000.000000	2.80873e+06	4000.000000	7923.59   	4000.000000	7155.3    	4000.000000	7432.25   	4000.000000	7424.55   	4000.000000	10883.6   	
4200.000000	2.8997e+06	4200.000000	2.8934e+06	4200.000000	2.94356e+06	4200.000000	2.95765e+06	4200.000000	8161.77   	4200.000000	7567.2    	4200.000000	7675.85   	4200.000000	7696.99   	4200.000000	11298.5   	
4400.000000	3.02794e+06	4400.000000	3.03052e+06	4400.000000	3.09117e+06	4400.000000	3.10593e+06	4400.000000	8391.9    	4400.000000	7982.51   	4400.000000	7912.05   	4400.000000	7961.83   	4400.000000	11702.4   	
4600.000000	3.15353e+06	4600.000000	3.16599e+06	4600.000000	3.23816e+06	4600.000000	3.2536e+06	4600.000000	8614.6    	4600.000000	8401.18   	4600.000000	8141.39   	4600.000000	8219.55   	4600.000000	12095.9   	
4800.000000	3.27649e+06	4800.000000	3.29981e+06	4800.000000	3.38455e+06	4800.000000	3.40064e+06	4800.000000	8830.39   	4800.000000	8823.21   	4800.000000	8364.37   	4800.000000	8470.57   	4800.000000	12479.7   	
5000.000000	3.39688e+06	5000.000000	3.43201e+06	5000.000000	3.53034e+06	5000.000000	3.54709e+06	5000.000000	9039.77   	5000.000000	9248.55   	5000.000000	8581.42   	5000.000000	8715.29   	5000.000000	12854.4   	
5250.000000	3.54383e+06	5250.000000	3.59499e+06	5250.000000	3.71176e+06	5250.000000	3.72932e+06	5250.000000	9293.13   	5250.000000	9784.83   	5250.000000	8845.04   	5250.000000	9012.9    	5250.000000	13310.6   	
5500.000000	3.68695e+06	5500.000000	3.75549e+06	5500.000000	3.8923e+06	5500.000000	3.91067e+06	5500.000000	9537.89   	5500.000000	10326.2   	5500.000000	9100.76   	5500.000000	9301.91   	5500.000000	13754.1   	
6000.000000	3.96213e+06	6000.000000	4.06928e+06	6000.000000	4.25084e+06	6000.000000	4.27079e+06	6000.000000	10004.2   	6000.000000	11423.9   	6000.000000	9590.98   	6000.000000	9856.41   	6000.000000	14606.8   	
6500.000000	4.22332e+06	6500.000000	4.37378e+06	6500.000000	4.60617e+06	6500.000000	4.62766e+06	6500.000000	10443.3   	6500.000000	12541.1   	6500.000000	10056.4   	6500.000000	10383     	6500.000000	15418.2   	
7000.000000	4.47142e+06	7000.000000	4.66942e+06	7000.000000	4.95848e+06	7000.000000	4.9815e+06	7000.000000	10858.8   	7000.000000	13677.6   	7000.000000	10500.6   	7000.000000	10885     	7000.000000	16193.4   	
7500.000000	4.70728e+06	7500.000000	4.95661e+06	7500.000000	5.30798e+06	7500.000000	5.33248e+06	7500.000000	11253.4   	7500.000000	14832.9   	7500.000000	10926.3   	7500.000000	11365.4   	7500.000000	16936.4   	
8000.000000	4.9317e+06	8000.000000	5.23578e+06	8000.000000	5.65483e+06	8000.000000	5.6808e+06	8000.000000	11629.7   	8000.000000	16006.7   	8000.000000	11336     	8000.000000	11826.6   	8000.000000	17650.9   	
8500.000000	5.14545e+06	8500.000000	5.50732e+06	8500.000000	5.99919e+06	8500.000000	6.02661e+06	8500.000000	11989.7   	8500.000000	17198.6   	8500.000000	11731.7   	8500.000000	12270.7   	8500.000000	18339.7   	
9000.000000	5.34923e+06	9000.000000	5.77161e+06	9000.000000	6.34122e+06	9000.000000	6.37005e+06	9000.000000	12335     	9000.000000	18407.6   	9000.000000	12115     	9000.000000	12699.5   	9000.000000	19005.7   	
9500.000000	5.54369e+06	9500.000000	6.02901e+06	9500.000000	6.68106e+06	9500.000000	6.71128e+06	9500.000000	12667.2   	9500.000000	19633.2   	9500.000000	12487.4   	9500.000000	13114.6   	9500.000000	19651     	
10000.000000	5.72943e+06	10000.000000	6.27985e+06	10000.000000	7.01882e+06	10000.000000	7.0504e+06	10000.000000	12987.3   	10000.000000	20875.7   	10000.000000	12850     	10000.000000	13517.3   	10000.000000	20277.7   	
11000.000000	6.07695e+06	11000.000000	6.76311e+06	11000.000000	7.68855e+06	11000.000000	7.7228e+06	11000.000000	13595.7   	11000.000000	23410.8   	11000.000000	13550.1   	11000.000000	14289.9   	11000.000000	21481.5   	
12000.000000	6.39576e+06	12000.000000	7.22368e+06	12000.000000	8.35119e+06	12000.000000	8.38804e+06	12000.000000	14167     	12000.000000	26009.2   	12000.000000	14222.2   	12000.000000	15025.1   	12000.000000	22628.7   	
13000.000000	6.6892e+06	13000.000000	7.6636e+06	13000.000000	9.0074e+06	13000.000000	9.0468e+06	13000.000000	14706.7   	13000.000000	28668     	13000.000000	14871.2   	13000.000000	15728.9   	13000.000000	23728.3   	
14000.000000	6.96017e+06	14000.000000	8.08463e+06	14000.000000	9.65777e+06	14000.000000	9.69966e+06	14000.000000	15219     	14000.000000	31387.2   	14000.000000	15501.2   	14000.000000	16406.3   	14000.000000	24787.5   	
15000.000000	7.21111e+06	15000.000000	8.48834e+06	15000.000000	1.03028e+07	15000.000000	1.03471e+07	15000.000000	15707.3   	15000.000000	34166.7   	15000.000000	16115.2   	15000.000000	17061.1   	15000.000000	25812.2   	
16000.000000	7.44416e+06	16000.000000	8.87612e+06	16000.000000	1.09429e+07	16000.000000	1.09896e+07	16000.000000	16174.5   	16000.000000	37004.5   	16000.000000	16715.8   	16000.000000	17696.4   	16000.000000	26807.2   	
17000.000000	7.66113e+06	17000.000000	9.2492e+06	17000.000000	1.15785e+07	17000.000000	1.16275e+07	17000.000000	16622.8   	17000.000000	39897     	17000.000000	17304.7   	17000.000000	18314.8   	17000.000000	27776.2   	
18000.000000	7.86363e+06	18000.000000	9.60866e+06	18000.000000	1.22099e+07	18000.000000	1.22611e+07	18000.000000	17054.2   	18000.000000	42840.7   	18000.000000	17883.4   	18000.000000	18918.3   	18000.000000	28722.6   	
19000.000000	8.05305e+06	19000.000000	9.9555e+06	19000.000000	1.28373e+07	19000.000000	1.28907e+07	19000.000000	17470.2   	19000.000000	45832.4   	19000.000000	18453.3   	19000.000000	19508.8   	19000.000000	29648.9   	
20000.000000	8.23058e+06	20000.000000	1.02906e+07	20000.000000	1.3461e+07	20000.000000	1.35166e+07	20000.000000	17872.2   	20000.000000	48869.4   	20000.000000	19015.3   	20000.000000	20087.7   	20000.000000	30557.5   	
21000.000000	8.39731e+06	21000.000000	1.06147e+07	21000.000000	1.40813e+07	21000.000000	1.4139e+07	21000.000000	18261.5   	21000.000000	51949.9   	21000.000000	19570.1   	21000.000000	20656.3   	21000.000000	31450.3   	
22000.000000	8.55418e+06	22000.000000	1.09285e+07	22000.000000	1.46983e+07	22000.000000	1.47581e+07	22000.000000	18639.1   	22000.000000	55076.2   	22000.000000	20118.4   	22000.000000	21215.5   	22000.000000	32328.8   	
23000.000000	8.70203e+06	23000.000000	1.12328e+07	23000.000000	1.53122e+07	23000.000000	1.5374e+07	23000.000000	19006     	23000.000000	58248.7   	23000.000000	20660.8   	23000.000000	21766.2   	23000.000000	33194.6   	
24000.000000	8.8416e+06	24000.000000	1.1528e+07	24000.000000	1.59233e+07	24000.000000	1.59871e+07	24000.000000	19362.9   	24000.000000	61464.8   	24000.000000	21197.6   	24000.000000	22309.3   	24000.000000	34048.5   	
25000.000000	8.97355e+06	25000.000000	1.18147e+07	25000.000000	1.65316e+07	25000.000000	1.65974e+07	25000.000000	19710.6   	25000.000000	64723.8   	25000.000000	21729.2   	25000.000000	22845.3   	25000.000000	34891.8   	
26000.000000	9.09848e+06	26000.000000	1.20934e+07	26000.000000	1.71373e+07	26000.000000	1.7205e+07	26000.000000	20049.6   	26000.000000	68025.5   	26000.000000	22255.8   	26000.000000	23374.7   	26000.000000	35725.3   	
27000.000000	9.21692e+06	27000.000000	1.23646e+07	27000.000000	1.77405e+07	27000.000000	1.78101e+07	27000.000000	20380.7   	27000.000000	71368.7   	27000.000000	22777.8   	27000.000000	23898.2   	27000.000000	36549.7   	
28000.000000	9.32936e+06	28000.000000	1.26286e+07	28000.000000	1.83414e+07	28000.000000	1.84128e+07	28000.000000	20704.2   	28000.000000	74752.2   	28000.000000	23295.3   	28000.000000	24416     	28000.000000	37365.7   	
29000.000000	9.43624e+06	29000.000000	1.28859e+07	29000.000000	1.894e+07 	29000.000000	1.90132e+07	29000.000000	21020.6   	29000.000000	78175     	29000.000000	23808.5   	29000.000000	24928.5   	29000.000000	38173.8   	
30000.000000	9.53793e+06	30000.000000	1.31367e+07	30000.000000	1.95365e+07	30000.000000	1.96114e+07	30000.000000	21330.4   	30000.000000	81636.8   	30000.000000	24317.5   	30000.000000	25436.1   	30000.000000	38974.5   	
32000.000000	9.7272e+06	32000.000000	1.36203e+07	32000.000000	2.07233e+07	32000.000000	2.08016e+07	32000.000000	21931.6   	32000.000000	88673.8   	32000.000000	25323.5   	32000.000000	26437.3   	32000.000000	40555.4   	
34000.000000	9.89965e+06	34000.000000	1.40819e+07	34000.000000	2.19026e+07	34000.000000	2.19841e+07	34000.000000	22510.3   	34000.000000	95855.8   	34000.000000	26313.9   	34000.000000	27421.4   	34000.000000	42111.2   	
36000.000000	1.00574e+07	36000.000000	1.45232e+07	36000.000000	2.30749e+07	36000.000000	2.31594e+07	36000.000000	23068.7   	36000.000000	103176    	36000.000000	27289.4   	36000.000000	28389.9   	36000.000000	43643.9   	
38000.000000	1.02021e+07	38000.000000	1.49462e+07	38000.000000	2.42407e+07	38000.000000	2.43281e+07	38000.000000	23608.9   	38000.000000	110628    	38000.000000	28250.3   	38000.000000	29343.6   	38000.000000	45155.4   	
40000.000000	1.03354e+07	40000.000000	1.53523e+07	40000.000000	2.54004e+07	40000.000000	2.54905e+07	40000.000000	24132.3   	40000.000000	118208    	40000.000000	29197.1   	40000.000000	30283.5   	40000.000000	46646.8   	
42000.000000	1.04584e+07	42000.000000	1.57429e+07	42000.000000	2.65545e+07	42000.000000	2.66471e+07	42000.000000	24640.4   	42000.000000	125910    	42000.000000	30129.9   	42000.000000	31210.2   	42000.000000	48119.2   	
44000.000000	1.05723e+07	44000.000000	1.6119e+07	44000.000000	2.77033e+07	44000.000000	2.77982e+07	44000.000000	25134.4   	44000.000000	133733    	44000.000000	31049.2   	44000.000000	32124.3   	44000.000000	49573.5   	
46000.000000	1.06781e+07	46000.000000	1.64819e+07	46000.000000	2.8847e+07	46000.000000	2.89442e+07	46000.000000	25615.4   	46000.000000	141671    	46000.000000	31955     	46000.000000	33026.3   	46000.000000	51010.3   	
48000.000000	1.07764e+07	48000.000000	1.68323e+07	48000.000000	2.9986e+07	48000.000000	3.00853e+07	48000.000000	26084.2   	48000.000000	149723    	48000.000000	32847.7   	48000.000000	33916.4   	48000.000000	52430.2   	
50000.000000	1.08681e+07	50000.000000	1.71712e+07	50000.000000	3.11206e+07	50000.000000	3.12218e+07	50000.000000	26541.8   	50000.000000	157884    	50000.000000	33727.5   	50000.000000	34795.2   	50000.000000	53833.7   	
