*Energy (MeV/u)1	0 - [He-base] F.Hubert et al, AD&ND Tables 46(1990)1	Energy (MeV/u)2	1 - [H -base] J.F.Ziegler et al, Pergamon Press, NY (low energy)	Energy (MeV/u)3	2 - ATIMA 1.2  LS-theory (recommended for high energy)	Energy (MeV/u)4	3 - ATIMA 1.2  without LS-correction	Energy (MeV/u)5	4 - electrical component of [1] - J.F.Ziegler et al	Energy (MeV/u)6	5 - nuclear component of [1] - J.F.Ziegler et al	
0.001000	1.23761   	0.001000	0.16654   	0.001000	0.1466    	0.001000	0.1466    	0.001000	0.115911  	0.001000	0.0506291 	
0.002000	1.37129   	0.002000	0.21024   	0.002000	0.185413  	0.002000	0.185413  	0.002000	0.16055   	0.002000	0.0496899 	
0.005000	1.69055   	0.005000	0.289251  	0.005000	0.25688   	0.005000	0.25688   	0.005000	0.246968  	0.005000	0.042283  	
0.008000	1.93701   	0.008000	0.344526  	0.008000	0.307952  	0.008000	0.307952  	0.008000	0.308019  	0.008000	0.0365068 	
0.010000	2.07694   	0.010000	0.375627  	0.010000	0.337034  	0.010000	0.337034  	0.010000	0.342078  	0.010000	0.0335489 	
0.015000	2.42707   	0.015000	0.44202   	0.015000	0.399818  	0.015000	0.399818  	0.015000	0.413893  	0.015000	0.0281262 	
0.020000	2.70393   	0.020000	0.503288  	0.020000	0.462515  	0.020000	0.462515  	0.020000	0.478875  	0.020000	0.024413  	
0.025000	3.00726   	0.025000	0.562794  	0.025000	0.528038  	0.025000	0.528038  	0.025000	0.541108  	0.025000	0.0216864 	
0.030000	3.26248   	0.030000	0.618968  	0.030000	0.576497  	0.030000	0.576497  	0.030000	0.599383  	0.030000	0.0195849 	
0.035000	3.44372   	0.035000	0.672136  	0.035000	0.622844  	0.035000	0.622844  	0.035000	0.654229  	0.035000	0.017907  	
0.040000	3.57832   	0.040000	0.716057  	0.040000	0.667184  	0.040000	0.667184  	0.040000	0.699526  	0.040000	0.0165311 	
0.045000	3.67209   	0.045000	0.756951  	0.045000	0.709586  	0.045000	0.709586  	0.045000	0.741572  	0.045000	0.0153789 	
0.050000	3.72825   	0.050000	0.795671  	0.050000	0.750104  	0.050000	0.750104  	0.050000	0.781273  	0.050000	0.0143975 	
0.055000	3.86783   	0.055000	0.832327  	0.055000	0.788782  	0.055000	0.788782  	0.055000	0.818777  	0.055000	0.01355   	
0.060000	3.98436   	0.060000	0.867012  	0.060000	0.825667  	0.060000	0.825667  	0.060000	0.854203  	0.060000	0.0128094 	
0.070000	4.15597   	0.070000	0.93079   	0.070000	0.894234  	0.070000	0.894234  	0.070000	0.919216  	0.070000	0.0115741 	
0.080000	4.34644   	0.080000	0.987603  	0.080000	0.956189  	0.080000	0.956189  	0.080000	0.977022  	0.080000	0.0105818 	
0.090000	4.48855   	0.090000	1.03803   	0.090000	1.01195   	0.090000	1.01195   	0.090000	1.02826   	0.090000	0.00976461	
0.100000	4.59516   	0.100000	1.08257   	0.100000	1.06188   	0.100000	1.06188   	0.100000	1.07355   	0.100000	0.00902138	
0.120000	4.63215   	0.120000	1.15648   	0.120000	1.14635   	0.120000	1.14635   	0.120000	1.14854   	0.120000	0.00793783	
0.140000	4.65769   	0.140000	1.22051   	0.140000	1.21299   	0.140000	1.21299   	0.140000	1.2134    	0.140000	0.00710909	
0.160000	4.66862   	0.160000	1.27014   	0.160000	1.26498   	0.160000	1.26498   	0.160000	1.26369   	0.160000	0.00645227	
0.180000	4.68021   	0.180000	1.3074    	0.180000	1.30506   	0.180000	1.30506   	0.180000	1.3015    	0.180000	0.00589881	
0.200000	4.69754   	0.200000	1.33513   	0.200000	1.33561   	0.200000	1.33561   	0.200000	1.32967   	0.200000	0.00545552	
0.250000	4.64212   	0.250000	1.38402   	0.250000	1.38194   	0.250000	1.38194   	0.250000	1.3794    	0.250000	0.00461279	
0.300000	4.62404   	0.300000	1.41294   	0.300000	1.40094   	0.300000	1.40094   	0.300000	1.40893   	0.300000	0.0040131 	
0.350000	4.61124   	0.350000	1.43021   	0.350000	1.40546   	0.350000	1.40546   	0.350000	1.42665   	0.350000	0.00356236	
0.400000	4.63375   	0.400000	1.45094   	0.400000	1.41369   	0.400000	1.41369   	0.400000	1.44773   	0.400000	0.00320995	
0.450000	4.64311   	0.450000	1.46762   	0.450000	1.4131    	0.450000	1.4131    	0.450000	1.46469   	0.450000	0.00292612	
0.500000	4.63725   	0.500000	1.47779   	0.500000	1.40713   	0.500000	1.40713   	0.500000	1.4751    	0.500000	0.00269215	
0.600000	4.44849   	0.600000	1.49421   	0.600000	1.38498   	0.600000	1.38498   	0.600000	1.49188   	0.600000	0.00232801	
0.700000	4.17706   	0.700000	1.47999   	0.700000	1.35542   	0.700000	1.35542   	0.700000	1.47793   	0.700000	0.00205672	
0.800000	4.02156   	0.800000	1.44271   	0.800000	1.32528   	0.800000	1.32528   	0.800000	1.44087   	0.800000	0.00184607	
0.900000	3.86701   	0.900000	1.4045    	0.900000	1.29543   	0.900000	1.29543   	0.900000	1.40282   	0.900000	0.00167737	
1.000000	3.71509   	1.000000	1.36557   	1.000000	1.26622   	1.000000	1.26622   	1.000000	1.36403   	1.000000	0.00153895	
1.250000	3.3601    	1.250000	1.27319   	1.250000	1.19316   	1.250000	1.19316   	1.250000	1.27191   	1.250000	0.00128084	
1.500000	3.0493    	1.500000	1.18714   	1.500000	1.12544   	1.500000	1.12544   	1.500000	1.18604   	1.500000	0.00110119	
1.750000	2.77916   	1.750000	1.10789   	1.750000	1.06597   	1.750000	1.06597   	1.750000	1.10692   	1.750000	0.000968384	
2.000000	2.55561   	2.000000	1.04142   	2.000000	1.01268   	2.000000	1.01268   	2.000000	1.04056   	2.000000	0.000865914	
2.250000	2.37056   	2.250000	0.984254  	2.250000	0.964486  	2.250000	0.964486  	2.250000	0.98347   	2.250000	0.000784268	
2.500000	2.17328   	2.500000	0.933924  	2.500000	0.9207    	2.500000	0.9207    	2.500000	0.933206  	2.500000	0.000717569	
3.000000	1.92752   	3.000000	0.845776  	3.000000	0.844326  	3.000000	0.844326  	3.000000	0.845161  	3.000000	0.000614885	
3.500000	1.73424   	3.500000	0.777247  	3.500000	0.780231  	3.500000	0.780231  	3.500000	0.776708  	3.500000	0.0005393 	
4.000000	1.57815   	4.000000	0.721352  	4.000000	0.725884  	4.000000	0.725884  	4.000000	0.720871  	4.000000	0.000481177	
4.500000	1.44935   	4.500000	0.674409  	4.500000	0.679325  	4.500000	0.679325  	4.500000	0.673974  	4.500000	0.000434996	
5.000000	1.34118   	5.000000	0.634205  	5.000000	0.639046  	5.000000	0.639046  	5.000000	0.633808  	5.000000	0.00039736	
5.500000	1.249     	5.500000	0.599278  	5.500000	0.60386   	5.500000	0.60386   	5.500000	0.598912  	5.500000	0.000366058	
6.000000	1.16946   	6.000000	0.568595  	6.000000	0.57286   	6.000000	0.57286   	6.000000	0.568255  	6.000000	0.000339589	
6.500000	1.10009   	6.500000	0.541389  	6.500000	0.545333  	6.500000	0.545333  	6.500000	0.541072  	6.500000	0.000316893	
7.000000	1.03903   	7.000000	0.517078  	7.000000	0.520717  	7.000000	0.520717  	7.000000	0.51678   	7.000000	0.000297204	
7.500000	0.984858  	7.500000	0.495204  	7.500000	0.498562  	7.500000	0.498562  	7.500000	0.494924  	7.500000	0.00027995	
8.000000	0.936448  	8.000000	0.475404  	8.000000	0.478506  	8.000000	0.478506  	8.000000	0.47514   	8.000000	0.000264698	
8.500000	0.892915  	8.500000	0.457387  	8.500000	0.460255  	8.500000	0.460255  	8.500000	0.457135  	8.500000	0.000251112	
9.000000	0.853548  	9.000000	0.440911  	9.000000	0.443568  	9.000000	0.443568  	9.000000	0.440672  	9.000000	0.000238929	
9.500000	0.817767  	9.500000	0.42578   	9.500000	0.428243  	9.500000	0.428243  	9.500000	0.425552  	9.500000	0.000227937	
10.000000	0.785095  	10.000000	0.414778  	10.000000	0.414116  	10.000000	0.414116  	10.000000	0.41456   	10.000000	0.000217968	
11.000000	0.727568  	11.000000	0.393027  	11.000000	0.389933  	11.000000	0.390245  	11.000000	0.392826  	11.000000	0.000200563	
12.000000	0.67851   	12.000000	0.373203  	12.000000	0.368734  	12.000000	0.369246  	12.000000	0.373017  	12.000000	0.000185867	
13.000000	0.636155  	13.000000	0.355176  	13.000000	0.349969  	13.000000	0.350609  	13.000000	0.355003  	13.000000	0.000173283	
14.000000	0.599198  	14.000000	0.338779  	14.000000	0.333228  	14.000000	0.33395   	14.000000	0.338617  	14.000000	0.000162379	
15.000000	0.566654  	15.000000	0.323839  	15.000000	0.318196  	15.000000	0.318965  	15.000000	0.323686  	15.000000	0.000152834	
16.000000	0.537766  	16.000000	0.310195  	16.000000	0.304615  	16.000000	0.305409  	16.000000	0.31005   	16.000000	0.000144404	
17.000000	0.511941  	17.000000	0.297699  	17.000000	0.292279  	17.000000	0.293082  	17.000000	0.297563  	17.000000	0.000136902	
18.000000	0.488711  	18.000000	0.286224  	18.000000	0.281029  	18.000000	0.281821  	18.000000	0.286094  	18.000000	0.00013018	
19.000000	0.467695  	19.000000	0.275655  	19.000000	0.270724  	19.000000	0.271492  	19.000000	0.275531  	19.000000	0.00012412	
20.000000	0.448588  	20.000000	0.265893  	20.000000	0.261198  	20.000000	0.261942  	20.000000	0.265775  	20.000000	0.000118628	
21.000000	0.431136  	21.000000	0.256853  	21.000000	0.25243   	21.000000	0.253148  	21.000000	0.256739  	21.000000	0.000113625	
22.000000	0.41513   	22.000000	0.248459  	22.000000	0.24431   	22.000000	0.244992  	22.000000	0.24835   	22.000000	0.000109049	
23.000000	0.400395  	23.000000	0.240645  	23.000000	0.236763  	23.000000	0.237403  	23.000000	0.24054   	23.000000	0.000104845	
24.000000	0.386782  	24.000000	0.233355  	24.000000	0.229719  	24.000000	0.230322  	24.000000	0.233254  	24.000000	0.00010097	
25.000000	0.374165  	25.000000	0.226538  	25.000000	0.223126  	25.000000	0.223696  	25.000000	0.22644   	25.000000	9.73859e-05	
27.000000	0.351508  	27.000000	0.21415   	27.000000	0.21114   	27.000000	0.211641  	27.000000	0.214059  	27.000000	9.09653e-05	
29.000000	0.331728  	29.000000	0.203188  	29.000000	0.200529  	29.000000	0.200942  	29.000000	0.203103  	29.000000	8.53775e-05	
31.000000	0.314302  	31.000000	0.193419  	31.000000	0.191039  	31.000000	0.191358  	31.000000	0.193338  	31.000000	8.04679e-05	
33.000000	0.298826  	33.000000	0.184657  	33.000000	0.1825    	33.000000	0.182743  	33.000000	0.184581  	33.000000	7.61182e-05	
35.000000	0.284986  	35.000000	0.176755  	35.000000	0.17487   	35.000000	0.175018  	35.000000	0.176683  	35.000000	7.22364e-05	
38.000000	0.266757  	38.000000	0.166253  	38.000000	0.164724  	38.000000	0.164777  	38.000000	0.166185  	38.000000	6.71357e-05	
41.000000	0.251003  	41.000000	0.157094  	41.000000	0.155877  	41.000000	0.15586   	41.000000	0.157031  	41.000000	6.27391e-05	
44.000000	0.237245  	44.000000	0.149034  	44.000000	0.148067  	44.000000	0.148017  	44.000000	0.148975  	44.000000	5.8908e-05	
47.000000	0.225119  	47.000000	0.141885  	47.000000	0.141148  	47.000000	0.141059  	47.000000	0.14183   	47.000000	5.55384e-05	
50.000000	0.214346  	50.000000	0.1355    	50.000000	0.134977  	50.000000	0.13484   	50.000000	0.135448  	50.000000	5.25505e-05	
55.000000	0.198825  	55.000000	0.126247  	55.000000	0.125986  	55.000000	0.125816  	55.000000	0.126198  	55.000000	4.82554e-05	
60.000000	0.185717  	60.000000	0.118385  	60.000000	0.118325  	60.000000	0.118133  	60.000000	0.118341  	60.000000	4.46376e-05	
65.000000	0.17449   	65.000000	0.111621  	65.000000	0.11173   	65.000000	0.111506  	65.000000	0.11158   	65.000000	4.15466e-05	
70.000000	0.164759  	70.000000	0.105738  	70.000000	0.105955  	70.000000	0.105727  	70.000000	0.105699  	70.000000	3.88736e-05	
75.000000	0.156238  	75.000000	0.100572  	75.000000	0.100895  	75.000000	0.10064   	75.000000	0.100535  	75.000000	3.6538e-05	
80.000000	0.14871   	80.000000	0.0959978 	80.000000	0.096387  	80.000000	0.0961255 	80.000000	0.0959633 	80.000000	3.44789e-05	
85.000000	0.142008  	85.000000	0.0919192 	85.000000	0.0923554 	85.000000	0.0920901 	85.000000	0.0918865 	85.000000	3.26492e-05	
90.000000	0.135999  	90.000000	0.0882587 	90.000000	0.0887285 	90.000000	0.0884602 	90.000000	0.0882277 	90.000000	3.1012e-05	
95.000000	0.13058   	95.000000	0.0849546 	95.000000	0.0854474 	95.000000	0.0851768 	95.000000	0.0849251 	95.000000	2.95382e-05	
100.000000	0.125666  	100.000000	0.0819568 	100.000000	0.0824641 	100.000000	0.0821917 	100.000000	0.0819286 	100.000000	2.8204e-05	
105.000000	0.121187  	105.000000	0.0792242 	105.000000	0.0797393 	105.000000	0.0794655 	105.000000	0.0791973 	105.000000	2.69903e-05	
110.000000	0.117087  	110.000000	0.0767229 	110.000000	0.07724   	110.000000	0.0769656 	110.000000	0.076697  	110.000000	2.58811e-05	
115.000000	0.113319  	115.000000	0.0744243 	115.000000	0.0749414 	115.000000	0.0746646 	115.000000	0.0743995 	115.000000	2.48634e-05	
120.000000	0.109843  	120.000000	0.0723047 	120.000000	0.0728107 	120.000000	0.0725394 	120.000000	0.0722808 	120.000000	2.39261e-05	
125.000000	0.106625  	125.000000	0.0703437 	125.000000	0.0708337 	125.000000	0.0705704 	125.000000	0.0703207 	125.000000	2.306e-05 	
130.000000	0.103638  	130.000000	0.0685241 	130.000000	0.0690055 	130.000000	0.0687409 	130.000000	0.0685019 	130.000000	2.2257e-05	
135.000000	0.100856  	135.000000	0.0668311 	135.000000	0.0673016 	135.000000	0.0670365 	135.000000	0.0668095 	135.000000	2.15104e-05	
140.000000	0.0982581 	140.000000	0.0652517 	140.000000	0.0657097 	140.000000	0.0654446 	140.000000	0.0652308 	140.000000	2.08145e-05	
145.000000	0.0958268 	145.000000	0.0637748 	145.000000	0.0642196 	145.000000	0.0639545 	145.000000	0.0637546 	145.000000	2.01641e-05	
150.000000	0.093546  	150.000000	0.0623907 	150.000000	0.0628214 	150.000000	0.0625566 	150.000000	0.0623712 	150.000000	1.95549e-05	
155.000000	0.0903345 	155.000000	0.061091  	155.000000	0.0615085 	155.000000	0.0612426 	155.000000	0.061072  	155.000000	1.89829e-05	
160.000000	0.0884521 	160.000000	0.059868  	160.000000	0.0602689 	160.000000	0.0600051 	160.000000	0.0598495 	160.000000	1.84449e-05	
165.000000	0.086677  	165.000000	0.0587151 	165.000000	0.0590946 	165.000000	0.0588377 	165.000000	0.0586972 	165.000000	1.79379e-05	
170.000000	0.0850002 	170.000000	0.0576266 	170.000000	0.0579884 	170.000000	0.0577346 	170.000000	0.0576091 	170.000000	1.74592e-05	
175.000000	0.0834135 	175.000000	0.056597  	175.000000	0.0569452 	175.000000	0.0566906 	175.000000	0.05658   	175.000000	1.70064e-05	
180.000000	0.0819098 	180.000000	0.0556218 	180.000000	0.0559554 	180.000000	0.055701  	180.000000	0.0556052 	180.000000	1.65776e-05	
185.000000	0.0804828 	185.000000	0.0546968 	185.000000	0.0550162 	185.000000	0.0547618 	185.000000	0.0546806 	185.000000	1.61707e-05	
190.000000	0.0791265 	190.000000	0.0538181 	190.000000	0.054124  	190.000000	0.0538693 	190.000000	0.0538023 	190.000000	1.57842e-05	
195.000000	0.0778358 	195.000000	0.0529823 	195.000000	0.0532718 	195.000000	0.05302   	195.000000	0.0529669 	195.000000	1.54166e-05	
200.000000	0.076606  	200.000000	0.0521865 	200.000000	0.0524574 	200.000000	0.0522109 	200.000000	0.0521714 	200.000000	1.50664e-05	
210.000000	0.0743124 	210.000000	0.0507036 	210.000000	0.0509466 	210.000000	0.0507024 	210.000000	0.0506892 	210.000000	1.44136e-05	
220.000000	0.0722162 	220.000000	0.04935   	220.000000	0.0495685 	220.000000	0.0493247 	220.000000	0.0493362 	220.000000	1.38173e-05	
230.000000	0.0702927 	230.000000	0.0481096 	230.000000	0.0483056 	230.000000	0.0480616 	230.000000	0.0480963 	230.000000	1.32703e-05	
240.000000	0.0685214 	240.000000	0.0469687 	240.000000	0.0471374 	240.000000	0.0468996 	240.000000	0.046956  	240.000000	1.27667e-05	
250.000000	0.0668846 	250.000000	0.045916  	250.000000	0.0460613 	250.000000	0.0458271 	250.000000	0.0459037 	250.000000	1.23015e-05	
260.000000	0.0653677 	260.000000	0.0449417 	260.000000	0.045069  	260.000000	0.0448345 	260.000000	0.0449298 	260.000000	1.18703e-05	
270.000000	0.0639578 	270.000000	0.0440374 	270.000000	0.0441469 	270.000000	0.0439132 	270.000000	0.0440259 	270.000000	1.14696e-05	
280.000000	0.0626441 	280.000000	0.0431959 	280.000000	0.043288  	280.000000	0.043056  	280.000000	0.0431848 	280.000000	1.10961e-05	
290.000000	0.061417  	290.000000	0.042411  	290.000000	0.0424842 	290.000000	0.0422567 	290.000000	0.0424002 	290.000000	1.07471e-05	
300.000000	0.0602683 	300.000000	0.0416772 	300.000000	0.0417346 	300.000000	0.0415096 	300.000000	0.0416668 	300.000000	1.04204e-05	
310.000000	0.0591907 	310.000000	0.0409898 	310.000000	0.0410354 	310.000000	0.0408101 	310.000000	0.0409797 	310.000000	1.01136e-05	
320.000000	0.0581779 	320.000000	0.0403447 	320.000000	0.040379  	320.000000	0.0401537 	320.000000	0.0403348 	320.000000	9.8252e-06	
330.000000	0.0572243 	330.000000	0.039738  	330.000000	0.0397586 	330.000000	0.0395369 	330.000000	0.0397284 	330.000000	9.55341e-06	
340.000000	0.0563249 	340.000000	0.0391666 	340.000000	0.0391739 	340.000000	0.0389563 	340.000000	0.0391573 	340.000000	9.29686e-06	
350.000000	0.0554752 	350.000000	0.0386275 	350.000000	0.0386257 	350.000000	0.0384088 	350.000000	0.0386184 	350.000000	9.05428e-06	
360.000000	0.0546713 	360.000000	0.0381181 	360.000000	0.0381093 	360.000000	0.0378919 	360.000000	0.0381093 	360.000000	8.82455e-06	
370.000000	0.0539097 	370.000000	0.0376361 	370.000000	0.0376202 	370.000000	0.0374031 	370.000000	0.0376275 	370.000000	8.60666e-06	
380.000000	0.0531872 	380.000000	0.0371795 	380.000000	0.0371545 	380.000000	0.0369404 	380.000000	0.0371711 	380.000000	8.39969e-06	
390.000000	0.052501  	390.000000	0.0367463 	390.000000	0.0367125 	390.000000	0.0365018 	390.000000	0.0367381 	390.000000	8.20285e-06	
400.000000	0.0518483 	400.000000	0.0363349 	400.000000	0.036295  	400.000000	0.0360856 	400.000000	0.0363269 	400.000000	8.01539e-06	
410.000000	0.051227  	410.000000	0.0359437 	410.000000	0.0358998 	410.000000	0.0356901 	410.000000	0.0359358 	410.000000	7.83665e-06	
420.000000	0.0506349 	420.000000	0.0355713 	420.000000	0.0355241 	420.000000	0.035314  	420.000000	0.0355636 	420.000000	7.66603e-06	
430.000000	0.0500699 	430.000000	0.0352164 	430.000000	0.0351653 	430.000000	0.034956  	430.000000	0.0352089 	430.000000	7.50298e-06	
440.000000	0.0495305 	440.000000	0.034878  	440.000000	0.0348215 	440.000000	0.0346149 	440.000000	0.0348706 	440.000000	7.347e-06 	
450.000000	0.0490149 	450.000000	0.0345549 	450.000000	0.0344934 	450.000000	0.0342895 	450.000000	0.0345477 	450.000000	7.19763e-06	
460.000000	0.0485217 	460.000000	0.0342462 	460.000000	0.0341819 	460.000000	0.0339789 	460.000000	0.0342391 	460.000000	7.05445e-06	
470.000000	0.0480496 	470.000000	0.0339509 	470.000000	0.0338853 	470.000000	0.0336822 	470.000000	0.033944  	470.000000	6.91709e-06	
480.000000	0.0475971 	480.000000	0.0336683 	480.000000	0.0336007 	480.000000	0.0333985 	480.000000	0.0336616 	480.000000	6.78519e-06	
490.000000	0.0471634 	490.000000	0.0333977 	490.000000	0.033327  	490.000000	0.0331271 	490.000000	0.033391  	490.000000	6.65842e-06	
500.000000	0.0467471 	500.000000	0.0331383 	500.000000	0.0330649 	500.000000	0.0328672 	500.000000	0.0331318 	500.000000	6.5365e-06	
520.000000	0.0459635 	520.000000	0.0326507 	520.000000	0.0325759 	520.000000	0.0323794 	520.000000	0.0326444 	520.000000	6.30608e-06	
540.000000	0.0452393 	540.000000	0.0322009 	540.000000	0.0321275 	540.000000	0.0319305 	540.000000	0.0321948 	540.000000	6.09197e-06	
560.000000	0.0445684 	560.000000	0.031785  	560.000000	0.031712  	560.000000	0.0315163 	560.000000	0.0317791 	560.000000	5.89247e-06	
580.000000	0.0439457 	580.000000	0.0313997 	580.000000	0.0313256 	580.000000	0.0311334 	580.000000	0.031394  	580.000000	5.70612e-06	
600.000000	0.0433664 	600.000000	0.0310419 	600.000000	0.030969  	600.000000	0.0307786 	600.000000	0.0310364 	600.000000	5.53164e-06	
620.000000	0.0428267 	620.000000	0.0307091 	620.000000	0.0306399 	620.000000	0.0304493 	620.000000	0.0307038 	620.000000	5.36791e-06	
640.000000	0.042323  	640.000000	0.030399  	640.000000	0.0303339 	640.000000	0.0301431 	640.000000	0.0303938 	640.000000	5.21397e-06	
660.000000	0.0418522 	660.000000	0.0301096 	660.000000	0.0300476 	660.000000	0.029858  	660.000000	0.0301046 	660.000000	5.06895e-06	
680.000000	0.0414116 	680.000000	0.0298392 	680.000000	0.0297791 	680.000000	0.029592  	680.000000	0.0298342 	680.000000	4.93207e-06	
700.000000	0.0409986 	700.000000	0.0295861 	700.000000	0.0295287 	700.000000	0.0293436 	700.000000	0.0295813 	700.000000	4.80268e-06	
720.000000	0.0406112 	720.000000	0.0293489 	720.000000	0.0292958 	720.000000	0.0291113 	720.000000	0.0293442 	720.000000	4.68016e-06	
740.000000	0.0402474 	740.000000	0.0291264 	740.000000	0.0290786 	740.000000	0.0288938 	740.000000	0.0291218 	740.000000	4.56397e-06	
760.000000	0.0399054 	760.000000	0.0289175 	760.000000	0.0288748 	760.000000	0.0286899 	760.000000	0.028913  	760.000000	4.45363e-06	
780.000000	0.0395836 	780.000000	0.0287211 	780.000000	0.028683  	780.000000	0.0284985 	780.000000	0.0287168 	780.000000	4.3487e-06	
800.000000	0.0392806 	800.000000	0.0285364 	800.000000	0.0285017 	800.000000	0.0283188 	800.000000	0.0285321 	800.000000	4.24879e-06	
820.000000	0.038995  	820.000000	0.0283624 	820.000000	0.0283307 	820.000000	0.0281498 	820.000000	0.0283583 	820.000000	4.15354e-06	
840.000000	0.0387258 	840.000000	0.0281985 	840.000000	0.0281705 	840.000000	0.0279908 	840.000000	0.0281945 	840.000000	4.06263e-06	
860.000000	0.0384718 	860.000000	0.028044  	860.000000	0.0280205 	860.000000	0.027841  	860.000000	0.02804   	860.000000	3.97577e-06	
880.000000	0.038232  	880.000000	0.0278982 	880.000000	0.0278794 	880.000000	0.0276999 	880.000000	0.0278943 	880.000000	3.89268e-06	
900.000000	0.0380057 	900.000000	0.0277606 	900.000000	0.0277457 	900.000000	0.0275667 	900.000000	0.0277568 	900.000000	3.81312e-06	
920.000000	0.0377918 	920.000000	0.0276307 	920.000000	0.0276188 	920.000000	0.0274411 	920.000000	0.027627  	920.000000	3.73687e-06	
940.000000	0.0375897 	940.000000	0.0275079 	940.000000	0.0274987 	940.000000	0.0273225 	940.000000	0.0275043 	940.000000	3.66373e-06	
960.000000	0.0373988 	960.000000	0.0273919 	960.000000	0.0273854 	960.000000	0.0272104 	960.000000	0.0273883 	960.000000	3.59351e-06	
980.000000	0.0372182 	980.000000	0.0272823 	980.000000	0.0272789 	980.000000	0.0271044 	980.000000	0.0272787 	980.000000	3.52603e-06	
1000.000000	0.0370476 	1000.000000	0.0271785 	1000.000000	0.0271786 	1000.000000	0.0270042 	1000.000000	0.0271751 	1000.000000	3.46113e-06	
1020.000000	0.0368862 	1020.000000	0.0270805 	1020.000000	0.0270839 	1020.000000	0.0269093 	1020.000000	0.0270771 	1020.000000	3.39866e-06	
1040.000000	0.0367337 	1040.000000	0.0269877 	1040.000000	0.0269943 	1040.000000	0.0268195 	1040.000000	0.0269844 	1040.000000	3.3385e-06	
1060.000000	0.0365895 	1060.000000	0.0268999 	1060.000000	0.0269093 	1060.000000	0.0267345 	1060.000000	0.0268967 	1060.000000	3.28051e-06	
1080.000000	0.0364532 	1080.000000	0.0268169 	1080.000000	0.0268287 	1080.000000	0.026654  	1080.000000	0.0268137 	1080.000000	3.22458e-06	
1100.000000	0.0363244 	1100.000000	0.0267384 	1100.000000	0.0267521 	1100.000000	0.0265777 	1100.000000	0.0267352 	1100.000000	3.17059e-06	
1120.000000	0.0362027 	1120.000000	0.0266641 	1120.000000	0.0266799 	1120.000000	0.0265061 	1120.000000	0.026661  	1120.000000	3.11845e-06	
1140.000000	0.0360878 	1140.000000	0.0265939 	1140.000000	0.0266113 	1140.000000	0.0264385 	1140.000000	0.0265908 	1140.000000	3.06806e-06	
1160.000000	0.0359793 	1160.000000	0.0265275 	1160.000000	0.0265462 	1160.000000	0.0263743 	1160.000000	0.0265245 	1160.000000	3.01933e-06	
1180.000000	0.035877  	1180.000000	0.0264647 	1180.000000	0.0264846 	1180.000000	0.0263136 	1180.000000	0.0264618 	1180.000000	2.97219e-06	
1200.000000	0.0357806 	1200.000000	0.0264054 	1200.000000	0.0264264 	1200.000000	0.026256  	1200.000000	0.0264025 	1200.000000	2.92655e-06	
1220.000000	0.0356897 	1220.000000	0.0263494 	1220.000000	0.0263715 	1220.000000	0.0262014 	1220.000000	0.0263465 	1220.000000	2.88234e-06	
1240.000000	0.0356041 	1240.000000	0.0262966 	1240.000000	0.0263196 	1240.000000	0.0261497 	1240.000000	0.0262937 	1240.000000	2.8395e-06	
1260.000000	0.0355237 	1260.000000	0.0262467 	1260.000000	0.0262706 	1260.000000	0.0261006 	1260.000000	0.0262439 	1260.000000	2.79797e-06	
1280.000000	0.0354481 	1280.000000	0.0261997 	1280.000000	0.0262242 	1280.000000	0.0260542 	1280.000000	0.0261969 	1280.000000	2.75767e-06	
1300.000000	0.0353772 	1300.000000	0.0261554 	1300.000000	0.02618   	1300.000000	0.0260101 	1300.000000	0.0261527 	1300.000000	2.71856e-06	
1320.000000	0.0353107 	1320.000000	0.0261137 	1320.000000	0.026138  	1320.000000	0.0259684 	1320.000000	0.026111  	1320.000000	2.68059e-06	
1340.000000	0.0352486 	1340.000000	0.0260745 	1340.000000	0.026098  	1340.000000	0.0259288 	1340.000000	0.0260718 	1340.000000	2.64371e-06	
1360.000000	0.0351905 	1360.000000	0.0260377 	1360.000000	0.0260599 	1360.000000	0.0258914 	1360.000000	0.0260351 	1360.000000	2.60786e-06	
1380.000000	0.0351364 	1380.000000	0.0260031 	1380.000000	0.0260238 	1380.000000	0.0258559 	1380.000000	0.0260005 	1380.000000	2.57301e-06	
1400.000000	0.035086  	1400.000000	0.0259708 	1400.000000	0.0259896 	1400.000000	0.0258224 	1400.000000	0.0259682 	1400.000000	2.53911e-06	
1420.000000	0.0350393 	1420.000000	0.0259405 	1420.000000	0.0259573 	1420.000000	0.0257906 	1420.000000	0.025938  	1420.000000	2.50613e-06	
1440.000000	0.0349961 	1440.000000	0.0259122 	1440.000000	0.0259267 	1440.000000	0.0257606 	1440.000000	0.0259098 	1440.000000	2.47402e-06	
1460.000000	0.0349562 	1460.000000	0.0258859 	1460.000000	0.025898  	1460.000000	0.0257322 	1460.000000	0.0258835 	1460.000000	2.44276e-06	
1480.000000	0.0349196 	1480.000000	0.0258614 	1480.000000	0.0258708 	1480.000000	0.0257052 	1480.000000	0.025859  	1480.000000	2.41231e-06	
1500.000000	0.0348861 	1500.000000	0.0258387 	1500.000000	0.025846  	1500.000000	0.0256806 	1500.000000	0.0258363 	1500.000000	2.38264e-06	
1520.000000	0.0348556 	1520.000000	0.0258177 	1520.000000	0.0258227 	1520.000000	0.0256574 	1520.000000	0.0258154 	1520.000000	2.35371e-06	
1540.000000	0.034828  	1540.000000	0.0257984 	1540.000000	0.0258009 	1540.000000	0.0256355 	1540.000000	0.025796  	1540.000000	2.3255e-06	
1560.000000	0.0348032 	1560.000000	0.0257806 	1560.000000	0.0257804 	1560.000000	0.025615  	1560.000000	0.0257783 	1560.000000	2.29799e-06	
1580.000000	0.034781  	1580.000000	0.0257643 	1580.000000	0.0257611 	1580.000000	0.0255957 	1580.000000	0.0257621 	1580.000000	2.27115e-06	
1600.000000	0.0347615 	1600.000000	0.0257495 	1600.000000	0.0257431 	1600.000000	0.0255775 	1600.000000	0.0257473 	1600.000000	2.24494e-06	
1620.000000	0.0347445 	1620.000000	0.0257361 	1620.000000	0.0257262 	1620.000000	0.0255605 	1620.000000	0.0257339 	1620.000000	2.21936e-06	
1640.000000	0.0347299 	1640.000000	0.0257241 	1640.000000	0.0257103 	1640.000000	0.0255446 	1640.000000	0.0257219 	1640.000000	2.19438e-06	
1660.000000	0.0347177 	1660.000000	0.0257134 	1660.000000	0.0256955 	1660.000000	0.0255298 	1660.000000	0.0257112 	1660.000000	2.16997e-06	
1680.000000	0.0347077 	1680.000000	0.0257039 	1680.000000	0.0256817 	1680.000000	0.0255159 	1680.000000	0.0257018 	1680.000000	2.14612e-06	
1700.000000	0.0347    	1700.000000	0.0256957 	1700.000000	0.0256688 	1700.000000	0.025503  	1700.000000	0.0256936 	1700.000000	2.12281e-06	
1750.000000	0.0346897 	1750.000000	0.0256802 	1750.000000	0.0256402 	1750.000000	0.0254747 	1750.000000	0.0256781 	1750.000000	2.06677e-06	
1800.000000	0.0346918 	1800.000000	0.0256715 	1800.000000	0.0256166 	1800.000000	0.0254516 	1800.000000	0.0256694 	1800.000000	2.01371e-06	
1850.000000	0.0347053 	1850.000000	0.0256689 	1850.000000	0.0255974 	1850.000000	0.0254331 	1850.000000	0.025667  	1850.000000	1.96341e-06	
1900.000000	0.0347294 	1900.000000	0.0256721 	1900.000000	0.0255824 	1900.000000	0.0254189 	1900.000000	0.0256702 	1900.000000	1.91565e-06	
1950.000000	0.0347633 	1950.000000	0.0256806 	1950.000000	0.0255712 	1950.000000	0.0254085 	1950.000000	0.0256787 	1950.000000	1.87024e-06	
2000.000000	0.0348064 	2000.000000	0.025694  	2000.000000	0.0255636 	2000.000000	0.0254016 	2000.000000	0.0256922 	2000.000000	1.827e-06 	
2100.000000	0.0349179 	2100.000000	0.0257341 	2100.000000	0.0255583 	2100.000000	0.0253969 	2100.000000	0.0257323 	2100.000000	1.74647e-06	
2200.000000	0.0350596 	2200.000000	0.0257899 	2200.000000	0.025564  	2200.000000	0.0254026 	2200.000000	0.0257882 	2200.000000	1.67297e-06	
2300.000000	0.035228  	2300.000000	0.0258593 	2300.000000	0.0255785 	2300.000000	0.0254171 	2300.000000	0.0258577 	2300.000000	1.60561e-06	
2400.000000	0.0354203 	2400.000000	0.0259407 	2400.000000	0.0255999 	2400.000000	0.0254388 	2400.000000	0.0259392 	2400.000000	1.54364e-06	
2500.000000	0.0356339 	2500.000000	0.0260326 	2500.000000	0.025627  	2500.000000	0.0254665 	2500.000000	0.0260312 	2500.000000	1.48644e-06	
2600.000000	0.0358667 	2600.000000	0.0261339 	2600.000000	0.0256589 	2600.000000	0.0254993 	2600.000000	0.0261324 	2600.000000	1.43347e-06	
2700.000000	0.036117  	2700.000000	0.0262433 	2700.000000	0.0256951 	2700.000000	0.0255363 	2700.000000	0.0262419 	2700.000000	1.38426e-06	
2800.000000	0.0363832 	2800.000000	0.0263601 	2800.000000	0.025735  	2800.000000	0.0255768 	2800.000000	0.0263588 	2800.000000	1.33844e-06	
2900.000000	0.0366639 	2900.000000	0.0264835 	2900.000000	0.025778  	2900.000000	0.0256202 	2900.000000	0.0264822 	2900.000000	1.29565e-06	
3000.000000	0.036958  	3000.000000	0.0266128 	3000.000000	0.0258237 	3000.000000	0.0256661 	3000.000000	0.0266116 	3000.000000	1.25561e-06	
3200.000000	0.0375822 	3200.000000	0.0268869 	3200.000000	0.025921  	3200.000000	0.0257635 	3200.000000	0.0268857 	3200.000000	1.18275e-06	
3400.000000	0.038249  	3400.000000	0.0271784 	3400.000000	0.026024  	3400.000000	0.0258665 	3400.000000	0.0271773 	3400.000000	1.11813e-06	
3600.000000	0.0389531 	3600.000000	0.0274845 	3600.000000	0.0261305 	3600.000000	0.0259729 	3600.000000	0.0274834 	3600.000000	1.06043e-06	
3800.000000	0.0396901 	3800.000000	0.0278026 	3800.000000	0.0262389 	3800.000000	0.0260816 	3800.000000	0.0278016 	3800.000000	1.00858e-06	
4000.000000	0.0404565 	4000.000000	0.0281309 	4000.000000	0.0263482 	4000.000000	0.0261912 	4000.000000	0.02813   	4000.000000	9.6172e-07	
4200.000000	0.0412496 	4200.000000	0.0284679 	4200.000000	0.0264578 	4200.000000	0.0263012 	4200.000000	0.028467  	4200.000000	9.19157e-07	
4400.000000	0.042067  	4400.000000	0.0288123 	4400.000000	0.026567  	4400.000000	0.0264108 	4400.000000	0.0288115 	4400.000000	8.80319e-07	
4600.000000	0.0429069 	4600.000000	0.0291631 	4600.000000	0.0266754 	4600.000000	0.0265197 	4600.000000	0.0291623 	4600.000000	8.44733e-07	
4800.000000	0.0437674 	4800.000000	0.0295194 	4800.000000	0.0267829 	4800.000000	0.0266275 	4800.000000	0.0295185 	4800.000000	8.12003e-07	
5000.000000	0.0446474 	5000.000000	0.0298804 	5000.000000	0.026889  	5000.000000	0.026734  	5000.000000	0.0298796 	5000.000000	7.81795e-07	
5250.000000	0.045773  	5250.000000	0.0303374 	5250.000000	0.0270196 	5250.000000	0.0268649 	5250.000000	0.0303367 	5250.000000	7.47153e-07	
5500.000000	0.0469251 	5500.000000	0.0308    	5500.000000	0.0271477 	5500.000000	0.0269933 	5500.000000	0.0307993 	5500.000000	7.15545e-07	
6000.000000	0.049303  	6000.000000	0.0317386 	6000.000000	0.0273959 	6000.000000	0.027242  	6000.000000	0.0317379 	6000.000000	6.59951e-07	
6500.000000	0.0517712 	6500.000000	0.0326909 	6500.000000	0.027633  	6500.000000	0.0274795 	6500.000000	0.0326903 	6500.000000	6.12612e-07	
7000.000000	0.0543226 	7000.000000	0.0336536 	7000.000000	0.0278591 	7000.000000	0.0277059 	7000.000000	0.0336531 	7000.000000	5.718e-07 	
7500.000000	0.0569519 	7500.000000	0.034624  	7500.000000	0.0280747 	7500.000000	0.0279217 	7500.000000	0.0346235 	7500.000000	5.3624e-07	
8000.000000	0.059655  	8000.000000	0.0356002 	8000.000000	0.0282802 	8000.000000	0.0281274 	8000.000000	0.0355997 	8000.000000	5.0497e-07	
8500.000000	0.062429  	8500.000000	0.0365808 	8500.000000	0.0284762 	8500.000000	0.0283236 	8500.000000	0.0365803 	8500.000000	4.7725e-07	
9000.000000	0.0652713 	9000.000000	0.0375647 	9000.000000	0.0286631 	9000.000000	0.0285109 	9000.000000	0.0375643 	9000.000000	4.52504e-07	
9500.000000	0.0681802 	9500.000000	0.038551  	9500.000000	0.0288419 	9500.000000	0.02869   	9500.000000	0.0385506 	9500.000000	4.30271e-07	
10000.000000	0.0711541 	10000.000000	0.0395392 	10000.000000	0.0290131 	10000.000000	0.0288614 	10000.000000	0.0395388 	10000.000000	4.10185e-07	
11000.000000	0.0772924 	11000.000000	0.0415189 	11000.000000	0.0293347 	11000.000000	0.0291832 	11000.000000	0.0415185 	11000.000000	3.75307e-07	
12000.000000	0.083679  	12000.000000	0.0435008 	12000.000000	0.0296311 	12000.000000	0.02948   	12000.000000	0.0435004 	12000.000000	3.46049e-07	
13000.000000	0.0903092 	13000.000000	0.045483  	13000.000000	0.0299049 	13000.000000	0.029755  	13000.000000	0.0454827 	13000.000000	3.21143e-07	
14000.000000	0.0971797 	14000.000000	0.0474642 	14000.000000	0.0301591 	14000.000000	0.0300109 	14000.000000	0.0474639 	14000.000000	2.99677e-07	
15000.000000	0.104288  	15000.000000	0.0494435 	15000.000000	0.0303962 	15000.000000	0.03025   	15000.000000	0.0494432 	15000.000000	2.80979e-07	
16000.000000	0.111634  	16000.000000	0.0514205 	16000.000000	0.0306187 	16000.000000	0.0304742 	16000.000000	0.0514202 	16000.000000	2.6454e-07	
17000.000000	0.119215  	17000.000000	0.0533946 	17000.000000	0.0308283 	17000.000000	0.030685  	17000.000000	0.0533944 	17000.000000	2.49971e-07	
18000.000000	0.127033  	18000.000000	0.0553657 	18000.000000	0.0310264 	18000.000000	0.0308839 	18000.000000	0.0553655 	18000.000000	2.36967e-07	
19000.000000	0.135085  	19000.000000	0.0573337 	19000.000000	0.0312141 	19000.000000	0.0310721 	19000.000000	0.0573335 	19000.000000	2.25287e-07	
20000.000000	0.143373  	20000.000000	0.0592984 	20000.000000	0.0313924 	20000.000000	0.0312505 	20000.000000	0.0592982 	20000.000000	2.14736e-07	
21000.000000	0.151898  	21000.000000	0.0612598 	21000.000000	0.0315615 	21000.000000	0.0314201 	21000.000000	0.0612596 	21000.000000	2.05157e-07	
22000.000000	0.160659  	22000.000000	0.0632179 	22000.000000	0.0317211 	22000.000000	0.0315817 	22000.000000	0.0632177 	22000.000000	1.9642e-07	
23000.000000	0.169656  	23000.000000	0.0651727 	23000.000000	0.0318734 	23000.000000	0.0317359 	23000.000000	0.0651725 	23000.000000	1.88418e-07	
24000.000000	0.178892  	24000.000000	0.0671242 	24000.000000	0.0320193 	24000.000000	0.0318834 	24000.000000	0.0671241 	24000.000000	1.81061e-07	
25000.000000	0.188366  	25000.000000	0.0690726 	25000.000000	0.0321588 	25000.000000	0.0320246 	25000.000000	0.0690724 	25000.000000	1.74273e-07	
26000.000000	0.19808   	26000.000000	0.0710178 	26000.000000	0.0322928 	26000.000000	0.0321601 	26000.000000	0.0710176 	26000.000000	1.6799e-07	
27000.000000	0.208034  	27000.000000	0.0729599 	27000.000000	0.0324217 	27000.000000	0.0322902 	27000.000000	0.0729597 	27000.000000	1.62157e-07	
28000.000000	0.21823   	28000.000000	0.0748989 	28000.000000	0.0325457 	28000.000000	0.0324155 	28000.000000	0.0748987 	28000.000000	1.56727e-07	
29000.000000	0.228668  	29000.000000	0.076835  	29000.000000	0.0326649 	29000.000000	0.0325361 	29000.000000	0.0768348 	29000.000000	1.51659e-07	
30000.000000	0.23935   	30000.000000	0.0787681 	30000.000000	0.0327795 	30000.000000	0.0326524 	30000.000000	0.078768  	30000.000000	1.46919e-07	
32000.000000	0.261448  	32000.000000	0.0826259 	32000.000000	0.0329964 	32000.000000	0.0328733 	32000.000000	0.0826258 	32000.000000	1.38297e-07	
34000.000000	0.284534  	34000.000000	0.0864729 	34000.000000	0.0331986 	34000.000000	0.03308   	34000.000000	0.0864727 	34000.000000	1.30658e-07	
36000.000000	0.308618  	36000.000000	0.0903094 	36000.000000	0.0333881 	36000.000000	0.0332742 	36000.000000	0.0903093 	36000.000000	1.23841e-07	
38000.000000	0.333709  	38000.000000	0.094136  	38000.000000	0.0335667 	38000.000000	0.0334573 	38000.000000	0.0941359 	38000.000000	1.17719e-07	
40000.000000	0.359818  	40000.000000	0.0979531 	40000.000000	0.0337352 	40000.000000	0.0336304 	40000.000000	0.0979529 	40000.000000	1.1219e-07	
42000.000000	0.386955  	42000.000000	0.101761  	42000.000000	0.0338945 	42000.000000	0.0337944 	42000.000000	0.101761  	42000.000000	1.07171e-07	
44000.000000	0.415131  	44000.000000	0.10556   	44000.000000	0.0340454 	44000.000000	0.0339503 	44000.000000	0.10556   	44000.000000	1.02594e-07	
46000.000000	0.444357  	46000.000000	0.109351  	46000.000000	0.0341885 	46000.000000	0.0340988 	46000.000000	0.109351  	46000.000000	9.84021e-08	
48000.000000	0.474643  	48000.000000	0.113134  	48000.000000	0.0343247 	48000.000000	0.0342405 	48000.000000	0.113134  	48000.000000	9.45488e-08	
50000.000000	0.506002  	50000.000000	0.116909  	50000.000000	0.0344544 	50000.000000	0.034376  	50000.000000	0.116909  	50000.000000	9.0994e-08	
