*Energy (MeV/u)1	0 - [He-base] F.Hubert et al, AD&ND Tables 46(1990)1	Energy (MeV/u)2	1 - [H -base] J.F.Ziegler et al, Pergamon Press, NY (low energy)	Energy (MeV/u)3	2 - ATIMA 1.2  LS-theory (recommended for high energy)	Energy (MeV/u)4	3 - ATIMA 1.2  without LS-correction	Energy (MeV/u)5	4 - Range straggling - method [0] - LISE	Energy (MeV/u)6	5 - Range straggling - method [1] - Atima	Energy (MeV/u)7	6 - Lateral range - method [0] - LISE	Energy (MeV/u)8	7 - Lateral range - method [1] - Atima	Energy (MeV/u)9	8 - Lateral range - method [2] - PDG	
0.001000	0.106626  	0.001000	0.106626  	0.001000	0.116833  	0.001000	0.116833  	0.001000	0         	0.001000	0         	0.001000	0.000635485	0.001000	0.000949999	0.001000	0.000563255	
0.002000	0.214849  	0.002000	0.213252  	0.002000	0.233667  	0.002000	0.233667  	0.002000	0.0335012 	0.002000	0.0335012 	0.002000	0.00186154	0.002000	0.00268911	0.002000	0.00169017	
0.005000	0.402268  	0.005000	0.397906  	0.005000	0.43754   	0.005000	0.43754   	0.005000	0.0361205 	0.005000	0.0361205 	0.005000	0.00457215	0.005000	0.00653647	0.005000	0.00418047	
0.008000	0.524681  	0.008000	0.518512  	0.008000	0.571259  	0.008000	0.571259  	0.008000	0.0361534 	0.008000	0.0361534 	0.008000	0.00664091	0.008000	0.00943371	0.008000	0.00609728	
0.010000	0.591024  	0.010000	0.583876  	0.010000	0.643832  	0.010000	0.643832  	0.010000	0.0362458 	0.010000	0.0362458 	0.010000	0.00789639	0.010000	0.0111823 	0.010000	0.00726454	
0.015000	0.726952  	0.015000	0.717798  	0.015000	0.794111  	0.015000	0.794111  	0.015000	0.0366259 	0.015000	0.0366259 	0.015000	0.0108898 	0.015000	0.0153022 	0.015000	0.0100566 	
0.020000	0.839707  	0.020000	0.828889  	0.020000	0.917786  	0.020000	0.917786  	0.020000	0.0370671 	0.020000	0.0370671 	0.020000	0.0137967 	0.020000	0.0188809 	0.020000	0.0127763 	
0.025000	0.9386    	0.025000	0.926323  	0.025000	1.0251    	0.025000	1.0251    	0.025000	0.0374982 	0.025000	0.0374982 	0.025000	0.0167088 	0.025000	0.0221731 	0.025000	0.0155077 	
0.030000	1.02745   	0.030000	1.01386   	0.030000	1.11659   	0.030000	1.11659   	0.030000	0.0378473 	0.030000	0.0378473 	0.030000	0.019562  	0.030000	0.0251722 	0.030000	0.0181849 	
0.035000	1.10876   	0.035000	1.09397   	0.035000	1.19605   	0.035000	1.19605   	0.035000	0.0381251 	0.035000	0.0381251 	0.035000	0.0223662 	0.035000	0.0279561 	0.035000	0.0208173 	
0.040000	1.18432   	0.040000	1.16841   	0.040000	1.26914   	0.040000	1.26914   	0.040000	0.0383769 	0.040000	0.0383769 	0.040000	0.0252117 	0.040000	0.0306519 	0.040000	0.0234933 	
0.045000	1.2554    	0.045000	1.23845   	0.045000	1.33815   	0.045000	1.33815   	0.045000	0.0386167 	0.045000	0.0386167 	0.045000	0.0281439 	0.045000	0.0333163 	0.045000	0.0262565 	
0.050000	1.32294   	0.050000	1.30499   	0.050000	1.40413   	0.050000	1.40413   	0.050000	0.0388488 	0.050000	0.0388928 	0.050000	0.0311477 	0.050000	0.0359383 	0.050000	0.029092  	
0.055000	1.38762   	0.055000	1.36872   	0.055000	1.46766   	0.055000	1.46766   	0.055000	0.0390748 	0.055000	0.0391797 	0.055000	0.0342434 	0.055000	0.0385513 	0.055000	0.0320196 	
0.060000	1.44997   	0.060000	1.43015   	0.060000	1.52914   	0.060000	1.52914   	0.060000	0.0392955 	0.060000	0.0394529 	0.060000	0.0369163 	0.060000	0.041154  	0.060000	0.0350339 	
0.070000	1.56919   	0.070000	1.54761   	0.070000	1.6471    	0.070000	1.6471    	0.070000	0.039724  	0.070000	0.0399668 	0.070000	0.0422112 	0.070000	0.0463382 	0.070000	0.0412975 	
0.080000	1.68293   	0.080000	1.65967   	0.080000	1.75987   	0.080000	1.75987   	0.080000	0.0401394 	0.080000	0.0404489 	0.080000	0.047506  	0.080000	0.0515176 	0.080000	0.0465735 	
0.090000	1.79271   	0.090000	1.76783   	0.090000	1.86876   	0.090000	1.86876   	0.090000	0.0405468 	0.090000	0.040909  	0.090000	0.0526076 	0.090000	0.0565353 	0.090000	0.0516831 	
0.100000	1.89962   	0.100000	1.87316   	0.100000	1.97477   	0.100000	1.97477   	0.100000	0.0409503 	0.100000	0.0413548 	0.100000	0.0573356 	0.100000	0.0612235 	0.100000	0.0564314 	
0.120000	2.10778   	0.120000	2.07825   	0.120000	2.18095   	0.120000	2.18095   	0.120000	0.0417592 	0.120000	0.0422242 	0.120000	0.0662635 	0.120000	0.0701654 	0.120000	0.0653947 	
0.140000	2.31176   	0.140000	2.27922   	0.140000	2.38263   	0.140000	2.38263   	0.140000	0.0425884 	0.140000	0.0430888 	0.140000	0.0740475 	0.140000	0.0780114 	0.140000	0.073209  	
0.160000	2.51425   	0.160000	2.47872   	0.160000	2.5825    	0.160000	2.5825    	0.160000	0.0434541 	0.160000	0.0439689 	0.160000	0.0806238 	0.160000	0.084689  	0.160000	0.079805  	
0.180000	2.71705   	0.180000	2.67853   	0.180000	2.78234   	0.180000	2.78234   	0.180000	0.0443685 	0.180000	0.0448784 	0.180000	0.0862037 	0.180000	0.0904268 	0.180000	0.0853881 	
0.200000	2.92136   	0.200000	2.87983   	0.200000	2.9834    	0.200000	2.9834    	0.200000	0.0453408 	0.200000	0.0458273 	0.200000	0.0908805 	0.200000	0.095316  	0.200000	0.0900559 	
0.250000	3.44377   	0.250000	3.39452   	0.250000	3.49641   	0.250000	3.49641   	0.250000	0.0480703 	0.250000	0.0484139 	0.250000	0.102748  	0.250000	0.107805  	0.250000	0.101906  	
0.300000	3.98822   	0.300000	3.93094   	0.300000	4.02985   	0.300000	4.02985   	0.300000	0.0512808 	0.300000	0.0513536 	0.300000	0.113957  	0.300000	0.119777  	0.300000	0.113082  	
0.350000	4.55822   	0.350000	4.49253   	0.350000	4.58738   	0.350000	4.58738   	0.350000	0.0550093 	0.350000	0.0546736 	0.350000	0.123887  	0.350000	0.130612  	0.350000	0.122966  	
0.400000	5.15533   	0.400000	5.08082   	0.400000	5.17069   	0.400000	5.17069   	0.400000	0.0592674 	0.400000	0.0583787 	0.400000	0.13391   	0.400000	0.141589  	0.400000	0.132941  	
0.450000	5.78017   	0.450000	5.69645   	0.450000	5.78055   	0.450000	5.78055   	0.450000	0.0640505 	0.450000	0.0624612 	0.450000	0.143582  	0.450000	0.152285  	0.450000	0.142567  	
0.500000	6.43292   	0.500000	6.33956   	0.500000	6.41721   	0.500000	6.41721   	0.500000	0.0693442 	0.500000	0.0669062 	0.500000	0.153199  	0.500000	0.162955  	0.500000	0.152139  	
0.600000	7.82156   	0.600000	7.70772   	0.600000	7.77076   	0.600000	7.77076   	0.600000	0.081381  	0.600000	0.0768085 	0.600000	0.172048  	0.600000	0.184038  	0.600000	0.170901  	
0.700000	9.31908   	0.700000	9.18314   	0.700000	9.22976   	0.700000	9.22976   	0.700000	0.0952007 	0.700000	0.0879285 	0.700000	0.190915  	0.700000	0.205202  	0.700000	0.189694  	
0.800000	10.9224   	0.800000	10.7628   	0.800000	10.7917   	0.800000	10.7917   	0.800000	0.110633  	0.800000	0.100118  	0.800000	0.210156  	0.800000	0.226799  	0.800000	0.208883  	
0.900000	12.6284   	0.900000	12.4436   	0.900000	12.4537   	0.900000	12.4537   	0.900000	0.127533  	0.900000	0.113251  	0.900000	0.229801  	0.900000	0.248834  	0.900000	0.228499  	
1.000000	14.434    	1.000000	14.2226   	1.000000	14.213    	1.000000	14.213    	1.000000	0.145784  	1.000000	0.127229  	1.000000	0.250111  	1.000000	0.27153   	1.000000	0.248807  	
1.250000	19.3665   	1.250000	19.0823   	1.250000	19.0218   	1.250000	19.0218   	1.250000	0.196777  	1.250000	0.165398  	1.250000	0.30342   	1.250000	0.330725  	1.250000	0.302223  	
1.500000	24.87     	1.500000	24.5046   	1.500000	24.3922   	1.500000	24.3922   	1.500000	0.254747  	1.500000	0.20761   	1.500000	0.360919  	1.500000	0.39385   	1.500000	0.359997  	
1.750000	30.9186   	1.750000	30.464    	1.750000	30.3006   	1.750000	30.3006   	1.750000	0.319179  	1.750000	0.253432  	1.750000	0.423505  	1.750000	0.461597  	1.750000	0.423018  	
2.000000	37.4929   	2.000000	36.9412   	2.000000	36.7292   	2.000000	36.7292   	2.000000	0.389768  	2.000000	0.302597  	2.000000	0.491321  	2.000000	0.534061  	2.000000	0.491416  	
2.250000	44.5774   	2.250000	43.9212   	2.250000	43.6638   	2.250000	43.6638   	2.250000	0.466317  	2.250000	0.354938  	2.250000	0.564314  	2.250000	0.611149  	2.250000	0.565126  	
2.500000	52.1666   	2.500000	51.391    	2.500000	51.0926   	2.500000	51.0926   	2.500000	0.548676  	2.500000	0.410346  	2.500000	0.642374  	2.500000	0.692733  	2.500000	0.644032  	
3.000000	69.0181   	3.000000	67.7568   	3.000000	67.3918   	3.000000	67.3918   	3.000000	0.730333  	3.000000	0.530038  	3.000000	0.813245  	3.000000	0.868921  	3.000000	0.816942  	
3.500000	87.6119   	3.500000	85.9611   	3.500000	85.5542   	3.500000	85.5542   	3.500000	0.933854  	3.500000	0.660998  	3.500000	1.0031    	3.500000	1.06176   	3.500000	1.00926   	
4.000000	107.895   	4.000000	105.938   	4.000000	105.517   	4.000000	105.517   	4.000000	1.15844   	4.000000	0.802607  	4.000000	1.21115   	4.000000	1.27045   	4.000000	1.22016   	
4.500000	129.823   	4.500000	127.628   	4.500000	127.226   	4.500000	127.226   	4.500000	1.40336   	4.500000	0.954374  	4.500000	1.4367    	4.500000	1.49428   	4.500000	1.44892   	
5.000000	153.356   	5.000000	150.979   	5.000000	150.629   	5.000000	150.629   	5.000000	1.66794   	5.000000	1.11586   	5.000000	1.6791    	5.000000	1.73259   	5.000000	1.69486   	
5.500000	178.462   	5.500000	175.945   	5.500000	175.684   	5.500000	175.684   	5.500000	1.95156   	5.500000	1.28668   	5.500000	1.93776   	5.500000	1.98479   	5.500000	1.95739   	
6.000000	205.109   	6.000000	202.483   	6.000000	202.349   	6.000000	202.349   	6.000000	2.25367   	6.000000	1.46647   	6.000000	2.21217   	6.000000	2.25036   	6.000000	2.23597   	
6.500000	233.269   	6.500000	230.555   	6.500000	230.588   	6.500000	230.588   	6.500000	2.5738    	6.500000	1.65492   	6.500000	2.50187   	6.500000	2.52884   	6.500000	2.53014   	
7.000000	262.92    	7.000000	260.127   	7.000000	260.369   	7.000000	260.369   	7.000000	2.91148   	7.000000	1.85177   	7.000000	2.80644   	7.000000	2.81979   	7.000000	2.83945   	
7.500000	294.037   	7.500000	291.168   	7.500000	291.66    	7.500000	291.66    	7.500000	3.26634   	7.500000	2.05677   	7.500000	3.12549   	7.500000	3.12286   	7.500000	3.16352   	
8.000000	326.6     	8.000000	323.649   	8.000000	324.435   	8.000000	324.435   	8.000000	3.638     	8.000000	2.2697    	8.000000	3.45869   	8.000000	3.4377    	8.000000	3.50202   	
8.500000	360.589   	8.500000	357.543   	8.500000	358.669   	8.500000	358.669   	8.500000	4.02615   	8.500000	2.49039   	8.500000	3.80575   	8.500000	3.764     	8.500000	3.85463   	
9.000000	395.986   	9.000000	392.827   	9.000000	394.338   	9.000000	394.338   	9.000000	4.4305    	9.000000	2.71867   	9.000000	4.16638   	9.000000	4.10151   	9.000000	4.22107   	
9.500000	432.775   	9.500000	429.479   	9.500000	431.421   	9.500000	431.421   	9.500000	4.85077   	9.500000	2.95433   	9.500000	4.54033   	9.500000	4.44996   	9.500000	4.60109   	
10.000000	470.938   	10.000000	467.469   	10.000000	469.898   	10.000000	469.898   	10.000000	5.28673   	10.000000	3.19718   	10.000000	4.92737   	10.000000	4.80912   	10.000000	4.99444   	
11.000000	551.333   	11.000000	546.632   	11.000000	550.86    	11.000000	550.856   	11.000000	6.2015    	11.000000	3.70452   	11.000000	5.73834   	11.000000	5.55745   	11.000000	5.81878   	
12.000000	637.057   	12.000000	630.482   	12.000000	636.987   	12.000000	636.972   	12.000000	7.17046   	12.000000	4.2456    	12.000000	6.59609   	12.000000	6.34355   	12.000000	6.69082   	
13.000000	728.012   	13.000000	719.017   	13.000000	728.159   	13.000000	728.127   	13.000000	8.19276   	13.000000	4.8193    	13.000000	7.49902   	13.000000	7.16588   	13.000000	7.60896   	
14.000000	824.104   	14.000000	812.221   	14.000000	824.266   	14.000000	824.215   	14.000000	9.26748   	14.000000	5.42263   	14.000000	8.44583   	14.000000	8.02323   	14.000000	8.5719    	
15.000000	925.249   	15.000000	910.073   	15.000000	925.214   	15.000000	925.144   	15.000000	10.3938   	15.000000	6.05358   	15.000000	9.43546   	15.000000	8.91459   	15.000000	9.57857   	
16.000000	1031.37   	16.000000	1012.55   	16.000000	1030.92   	16.000000	1030.83   	16.000000	11.571    	16.000000	6.71084   	16.000000	10.467    	16.000000	9.83915   	16.000000	10.6281   	
17.000000	1142.39   	17.000000	1119.61   	17.000000	1141.29   	17.000000	1141.18   	17.000000	12.7982   	17.000000	7.39343   	17.000000	11.5397   	17.000000	10.7961   	17.000000	11.7197   	
18.000000	1258.24   	18.000000	1231.24   	18.000000	1256.27   	18.000000	1256.14   	18.000000	14.0746   	18.000000	8.10026   	18.000000	12.6528   	18.000000	11.7849   	18.000000	12.8526   	
19.000000	1378.86   	19.000000	1347.4    	19.000000	1375.77   	19.000000	1375.62   	19.000000	15.3994   	19.000000	8.83022   	19.000000	13.8055   	19.000000	12.8047   	19.000000	14.026    	
20.000000	1504.19   	20.000000	1468.06   	20.000000	1499.74   	20.000000	1499.58   	20.000000	16.7721   	20.000000	9.5826    	20.000000	14.9973   	20.000000	13.8552   	20.000000	15.2396   	
21.000000	1634.16   	21.000000	1593.19   	21.000000	1628.12   	21.000000	1627.95   	21.000000	18.1921   	21.000000	10.357    	21.000000	16.2276   	21.000000	14.9357   	21.000000	16.4926   	
22.000000	1768.73   	22.000000	1722.75   	22.000000	1760.87   	22.000000	1760.67   	22.000000	19.6589   	22.000000	11.1528   	22.000000	17.496    	22.000000	16.046    	22.000000	17.7848   	
23.000000	1907.84   	23.000000	1856.71   	23.000000	1897.91   	23.000000	1897.7    	23.000000	21.1716   	23.000000	11.9695   	23.000000	18.8019   	23.000000	17.1853   	23.000000	19.1153   	
24.000000	2051.44   	24.000000	1995.04   	24.000000	2039.18   	24.000000	2038.98   	24.000000	22.7292   	24.000000	12.8065   	24.000000	20.1446   	24.000000	18.3532   	24.000000	20.4838   	
25.000000	2199.48   	25.000000	2137.71   	25.000000	2184.65   	25.000000	2184.46   	25.000000	24.3314   	25.000000	13.6635   	25.000000	21.5237   	25.000000	19.5494   	25.000000	21.8896   	
27.000000	2508.71   	27.000000	2435.94   	27.000000	2487.96   	27.000000	2487.83   	27.000000	27.6665   	27.000000	15.4352   	27.000000	24.3888   	27.000000	22.0244   	27.000000	24.8114   	
29.000000	2835.19   	29.000000	2751.16   	29.000000	2807.47   	29.000000	2807.46   	29.000000	31.1723   	29.000000	17.281    	29.000000	27.3936   	29.000000	24.6072   	29.000000	27.8773   	
31.000000	3178.59   	31.000000	3083.14   	31.000000	3143      	31.000000	3143.13   	31.000000	34.8495   	31.000000	19.2022   	31.000000	30.5367   	31.000000	27.2965   	31.000000	31.086    	
33.000000	3538.61   	33.000000	3431.65   	33.000000	3494.9    	33.000000	3495.22   	33.000000	38.714    	33.000000	21.2061   	33.000000	33.8241   	33.000000	30.0971   	33.000000	34.4439   	
35.000000	3914.97   	35.000000	3796.46   	35.000000	3863.02   	35.000000	3863.56   	35.000000	42.7643   	35.000000	23.2921   	35.000000	37.2546   	35.000000	33.0086   	35.000000	37.9508   	
38.000000	4509.57   	38.000000	4373.8    	38.000000	4445.13   	38.000000	4446.04   	38.000000	49.1787   	38.000000	26.5711   	38.000000	42.6674   	38.000000	37.5807   	38.000000	43.4869   	
41.000000	5139.49   	41.000000	4986.66   	41.000000	5062.38   	41.000000	5063.79   	41.000000	55.9851   	41.000000	30.0198   	41.000000	48.3939   	41.000000	42.3921   	41.000000	49.349    	
44.000000	5803.97   	44.000000	5634.39   	44.000000	5714.17   	44.000000	5716.08   	44.000000	63.1747   	44.000000	33.6352   	44.000000	54.4285   	44.000000	47.4398   	44.000000	55.5323   	
47.000000	6502.29   	47.000000	6316.35   	47.000000	6399.8    	47.000000	6402.26   	47.000000	70.7348   	47.000000	37.4128   	47.000000	60.7638   	47.000000	52.718    	47.000000	62.03     	
50.000000	7233.76   	50.000000	7031.95   	50.000000	7118.55   	50.000000	7121.69   	50.000000	78.6529   	50.000000	41.3441   	50.000000	67.3923   	50.000000	58.2206   	50.000000	68.8352   	
55.000000	8524.86   	55.000000	8297.77   	55.000000	8388.66   	55.000000	8393.05   	55.000000	92.6253   	55.000000	48.2272   	55.000000	79.0751   	55.000000	67.8772   	55.000000	80.8458   	
60.000000	9903.6    	60.000000	9652.86   	60.000000	9746.7    	60.000000	9752.6    	60.000000	107.53    	60.000000	55.5055   	60.000000	91.5257   	60.000000	78.1201   	60.000000	93.6683   	
65.000000	11367.5   	65.000000	11094.8   	65.000000	11190.5   	65.000000	11198     	65.000000	123.337   	65.000000	63.1718   	65.000000	104.72    	65.000000	88.9303   	65.000000	107.281   	
70.000000	12914.3   	70.000000	12621.3   	70.000000	12717.6   	70.000000	12727     	70.000000	140.004   	70.000000	71.2019   	70.000000	118.628   	70.000000	100.286   	70.000000	121.657   	
75.000000	14541.8   	75.000000	14230.3   	75.000000	14326.2   	75.000000	14337.5   	75.000000	157.509   	75.000000	79.5915   	75.000000	133.23    	75.000000	112.171   	75.000000	136.779   	
80.000000	16248.1   	80.000000	15919.7   	80.000000	16014.1   	80.000000	16027.7   	80.000000	175.816   	80.000000	88.3195   	80.000000	148.501   	80.000000	124.567   	80.000000	152.624   	
85.000000	18031.3   	85.000000	17687.4   	85.000000	17779.6   	85.000000	17795.6   	85.000000	194.896   	85.000000	97.3757   	85.000000	164.419   	85.000000	137.458   	85.000000	169.172   	
90.000000	19889.6   	90.000000	19531.8   	90.000000	19621     	90.000000	19639.5   	90.000000	214.73    	90.000000	106.753   	90.000000	180.966   	90.000000	150.832   	90.000000	186.409   	
95.000000	21821.6   	95.000000	21451     	95.000000	21536.5   	95.000000	21557.8   	95.000000	235.285   	95.000000	116.44    	95.000000	198.121   	95.000000	164.671   	95.000000	204.313   	
100.000000	23825.5   	100.000000	23443.2   	100.000000	23524.4   	100.000000	23548.7   	100.000000	256.536   	100.000000	126.426   	100.000000	215.863   	100.000000	178.962   	100.000000	222.868   	
105.000000	25900     	105.000000	25506.9   	105.000000	25583.4   	105.000000	25610.9   	105.000000	278.468   	105.000000	136.709   	105.000000	234.178   	105.000000	193.695   	105.000000	242.06    	
110.000000	28043.6   	110.000000	27640.5   	110.000000	27712.1   	110.000000	27742.7   	110.000000	301.056   	110.000000	147.274   	110.000000	253.048   	110.000000	208.857   	110.000000	261.874   	
115.000000	30255     	115.000000	29842.5   	115.000000	29908.9   	115.000000	29942.8   	115.000000	324.277   	115.000000	158.109   	115.000000	272.456   	115.000000	224.436   	115.000000	282.294   	
120.000000	32533     	120.000000	32111.3   	120.000000	32172.3   	120.000000	32209.9   	120.000000	348.103   	120.000000	169.212   	120.000000	292.383   	120.000000	240.418   	120.000000	303.303   	
125.000000	34876.3   	125.000000	34445.7   	125.000000	34501.1   	125.000000	34542.5   	125.000000	372.522   	125.000000	180.571   	125.000000	312.817   	125.000000	256.795   	125.000000	324.89    	
130.000000	37283.9   	130.000000	36844.2   	130.000000	36894.1   	130.000000	36939.4   	130.000000	397.518   	130.000000	192.188   	130.000000	333.743   	130.000000	273.557   	130.000000	347.043   	
135.000000	39754.4   	135.000000	39305.5   	135.000000	39350     	135.000000	39399.4   	135.000000	423.065   	135.000000	204.051   	135.000000	355.146   	135.000000	290.694   	135.000000	369.747   	
140.000000	42287     	140.000000	41828.4   	140.000000	41867.4   	140.000000	41921.2   	140.000000	449.143   	140.000000	216.147   	140.000000	377.009   	140.000000	308.193   	140.000000	392.986   	
145.000000	44880.6   	145.000000	44411.7   	145.000000	44445.4   	145.000000	44503.7   	145.000000	475.741   	145.000000	228.474   	145.000000	399.322   	145.000000	326.048   	145.000000	416.753   	
150.000000	47534.1   	150.000000	47054.1   	150.000000	47082.9   	150.000000	47145.8   	150.000000	502.844   	150.000000	241.028   	150.000000	422.074   	150.000000	344.25    	150.000000	441.036   	
155.000000	50285.1   	155.000000	49754.4   	155.000000	49778.8   	155.000000	49846.4   	155.000000	530.436   	155.000000	253.803   	155.000000	445.25    	155.000000	362.791   	155.000000	465.822   	
160.000000	53093.2   	160.000000	52511.7   	160.000000	52532.1   	160.000000	52604.4   	160.000000	558.5     	160.000000	266.794   	160.000000	468.84    	160.000000	381.663   	160.000000	491.103   	
165.000000	55956.1   	165.000000	55324.8   	165.000000	55341.4   	165.000000	55418.7   	165.000000	587.014   	165.000000	279.993   	165.000000	492.828   	165.000000	400.854   	165.000000	516.862   	
170.000000	58872.7   	170.000000	58192.6   	170.000000	58205.7   	170.000000	58288.4   	170.000000	615.964   	170.000000	293.395   	170.000000	517.203   	170.000000	420.358   	170.000000	543.091   	
175.000000	61842.2   	175.000000	61114.1   	175.000000	61124.3   	175.000000	61212.4   	175.000000	645.341   	175.000000	306.999   	175.000000	541.956   	175.000000	440.168   	175.000000	569.78    	
180.000000	64863.5   	180.000000	64088.3   	180.000000	64096.3   	180.000000	64189.9   	180.000000	675.133   	180.000000	320.796   	180.000000	567.076   	180.000000	460.277   	180.000000	596.92    	
185.000000	67935.8   	185.000000	67114.4   	185.000000	67120.6   	185.000000	67219.8   	185.000000	705.326   	185.000000	334.776   	185.000000	592.554   	185.000000	480.678   	185.000000	624.503   	
190.000000	71058.2   	190.000000	70191.2   	190.000000	70196.5   	190.000000	70301.3   	190.000000	735.909   	190.000000	348.943   	190.000000	618.379   	190.000000	501.365   	190.000000	652.517   	
195.000000	74229.9   	195.000000	73318     	195.000000	73322.9   	195.000000	73433.5   	195.000000	766.865   	195.000000	363.294   	195.000000	644.541   	195.000000	522.329   	195.000000	680.954   	
200.000000	77450     	200.000000	76493.8   	200.000000	76498.9   	200.000000	76615.5   	200.000000	798.177   	200.000000	377.818   	200.000000	671.028   	200.000000	543.563   	200.000000	709.801   	
210.000000	84032.3   	210.000000	82989     	210.000000	82996.1   	210.000000	83125.6   	210.000000	861.83    	210.000000	407.353   	210.000000	724.94    	210.000000	586.816   	210.000000	768.694   	
220.000000	90799     	220.000000	89670.3   	220.000000	89682.5   	220.000000	89825     	220.000000	926.798   	220.000000	437.549   	220.000000	780.054   	220.000000	631.08    	220.000000	829.138   	
230.000000	97744.2   	230.000000	96531.3   	230.000000	96551.7   	230.000000	96707.5   	230.000000	992.998   	230.000000	468.39    	230.000000	836.301   	230.000000	676.308   	230.000000	891.067   	
240.000000	104862    	240.000000	103566    	240.000000	103597    	240.000000	103767    	240.000000	1060.34   	240.000000	499.821   	240.000000	893.614   	240.000000	722.455   	240.000000	954.417   	
250.000000	112148    	250.000000	110769    	250.000000	110814    	250.000000	110998    	250.000000	1128.73   	250.000000	531.811   	250.000000	951.926   	250.000000	769.472   	250.000000	1019.12   	
260.000000	119597    	260.000000	118134    	260.000000	118195    	260.000000	118395    	260.000000	1198.12   	260.000000	564.349   	260.000000	1011.19   	260.000000	817.327   	260.000000	1085.13   	
270.000000	127204    	270.000000	125656    	270.000000	125738    	270.000000	125953    	270.000000	1268.44   	270.000000	597.417   	270.000000	1071.35   	270.000000	865.98    	270.000000	1152.39   	
280.000000	134963    	280.000000	133331    	280.000000	133435    	280.000000	133666    	280.000000	1339.64   	280.000000	630.968   	280.000000	1132.35   	280.000000	915.397   	280.000000	1220.85   	
290.000000	142872    	290.000000	141153    	290.000000	141283    	290.000000	141531    	290.000000	1411.63   	290.000000	664.985   	290.000000	1194.14   	290.000000	965.536   	290.000000	1290.45   	
300.000000	150925    	300.000000	149118    	300.000000	149277    	300.000000	149541    	300.000000	1484.35   	300.000000	699.46    	300.000000	1256.67   	300.000000	1016.36   	300.000000	1361.15   	
310.000000	159119    	310.000000	157222    	310.000000	157411    	310.000000	157693    	310.000000	1557.77   	310.000000	734.358   	310.000000	1319.9    	310.000000	1067.85   	310.000000	1432.9    	
320.000000	167450    	320.000000	165460    	320.000000	165683    	320.000000	165983    	320.000000	1631.84   	320.000000	769.683   	320.000000	1383.79   	320.000000	1119.97   	320.000000	1505.67   	
330.000000	175914    	330.000000	173829    	330.000000	174088    	330.000000	174406    	330.000000	1706.5    	330.000000	805.429   	330.000000	1448.3    	330.000000	1172.7    	330.000000	1579.4    	
340.000000	184507    	340.000000	182324    	340.000000	182622    	340.000000	182959    	340.000000	1781.72   	340.000000	841.555   	340.000000	1513.39   	340.000000	1226      	340.000000	1654.06   	
350.000000	193227    	350.000000	190942    	350.000000	191281    	350.000000	191636    	350.000000	1857.43   	350.000000	878.031   	350.000000	1579.03   	350.000000	1279.84   	350.000000	1729.61   	
360.000000	202069    	360.000000	199680    	360.000000	200061    	360.000000	200436    	360.000000	1933.58   	360.000000	914.856   	360.000000	1645.16   	360.000000	1334.2    	360.000000	1805.99   	
370.000000	211030    	370.000000	208533    	370.000000	208959    	370.000000	209354    	370.000000	2010.16   	370.000000	952.045   	370.000000	1711.78   	370.000000	1389.06   	370.000000	1883.2    	
380.000000	220108    	380.000000	217499    	380.000000	217972    	380.000000	218387    	380.000000	2087.14   	380.000000	989.584   	380.000000	1778.83   	380.000000	1444.39   	380.000000	1961.18   	
390.000000	229299    	390.000000	226574    	390.000000	227096    	390.000000	227532    	390.000000	2164.47   	390.000000	1027.44   	390.000000	1846.31   	390.000000	1500.17   	390.000000	2039.91   	
400.000000	238601    	400.000000	235755    	400.000000	236328    	400.000000	236784    	400.000000	2242.12   	400.000000	1065.6    	400.000000	1914.17   	400.000000	1556.38   	400.000000	2119.35   	
410.000000	248010    	410.000000	245040    	410.000000	245665    	410.000000	246142    	410.000000	2320.07   	410.000000	1104.06   	410.000000	1982.39   	410.000000	1613      	410.000000	2199.48   	
420.000000	257524    	420.000000	254426    	420.000000	255105    	420.000000	255603    	420.000000	2398.26   	420.000000	1142.79   	420.000000	2050.94   	420.000000	1670.01   	420.000000	2280.26   	
430.000000	267141    	430.000000	263909    	430.000000	264642    	430.000000	265162    	430.000000	2476.67   	430.000000	1181.76   	430.000000	2119.79   	430.000000	1727.39   	430.000000	2361.66   	
440.000000	276858    	440.000000	273487    	440.000000	274276    	440.000000	274818    	440.000000	2555.28   	440.000000	1220.97   	440.000000	2188.92   	440.000000	1785.11   	440.000000	2443.65   	
450.000000	286672    	450.000000	283158    	450.000000	284003    	450.000000	284568    	450.000000	2634.07   	450.000000	1260.44   	450.000000	2258.32   	450.000000	1843.17   	450.000000	2526.21   	
460.000000	296581    	460.000000	292920    	460.000000	293822    	460.000000	294410    	460.000000	2713.01   	460.000000	1300.17   	460.000000	2327.96   	460.000000	1901.54   	460.000000	2609.32   	
470.000000	306583    	470.000000	302768    	470.000000	303729    	470.000000	304340    	470.000000	2792.09   	470.000000	1340.14   	470.000000	2397.82   	470.000000	1960.22   	470.000000	2692.95   	
480.000000	316675    	480.000000	312703    	480.000000	313722    	480.000000	314357    	480.000000	2871.28   	480.000000	1380.35   	480.000000	2467.88   	480.000000	2019.18   	480.000000	2777.07   	
490.000000	326855    	490.000000	322720    	490.000000	323799    	490.000000	324457    	490.000000	2950.55   	490.000000	1420.76   	490.000000	2538.12   	490.000000	2078.4    	490.000000	2861.67   	
500.000000	337122    	500.000000	332819    	500.000000	333957    	500.000000	334638    	500.000000	3029.88   	500.000000	1461.37   	500.000000	2608.52   	500.000000	2137.88   	500.000000	2946.71   	
520.000000	357906    	520.000000	353250    	520.000000	354507    	520.000000	355236    	520.000000	3188.64   	520.000000	1543.16   	520.000000	2749.72   	520.000000	2257.54   	520.000000	3118.04   	
540.000000	379010    	540.000000	373982    	540.000000	375354    	540.000000	376134    	540.000000	3347.4    	540.000000	1625.72   	540.000000	2891.36   	540.000000	2378.03   	540.000000	3290.9    	
560.000000	400421    	560.000000	394998    	560.000000	396485    	560.000000	397316    	560.000000	3506.1    	560.000000	1708.96   	560.000000	3033.34   	560.000000	2499.28   	560.000000	3465.16   	
580.000000	422123    	580.000000	416285    	580.000000	417885    	580.000000	418767    	580.000000	3664.63   	580.000000	1792.83   	580.000000	3175.55   	580.000000	2621.19   	580.000000	3640.67   	
600.000000	444103    	600.000000	437830    	600.000000	439540    	600.000000	440474    	600.000000	3822.89   	600.000000	1877.31   	600.000000	3317.91   	600.000000	2743.69   	600.000000	3817.32   	
620.000000	466350    	620.000000	459619    	620.000000	461438    	620.000000	462423    	620.000000	3980.8    	620.000000	1962.35   	620.000000	3460.32   	620.000000	2866.69   	620.000000	3994.98   	
640.000000	488850    	640.000000	481641    	640.000000	483565    	640.000000	484603    	640.000000	4138.26   	640.000000	2047.93   	640.000000	3602.7    	640.000000	2990.12   	640.000000	4173.53   	
660.000000	511592    	660.000000	503885    	660.000000	505908    	660.000000	507001    	660.000000	4295.18   	660.000000	2133.99   	660.000000	3744.97   	660.000000	3113.92   	660.000000	4352.86   	
680.000000	534565    	680.000000	526340    	680.000000	528458    	680.000000	529607    	680.000000	4451.54   	680.000000	2220.54   	680.000000	3887.08   	680.000000	3238.01   	680.000000	4532.88   	
700.000000	557760    	700.000000	548997    	700.000000	551205    	700.000000	552410    	700.000000	4607.29   	700.000000	2307.55   	700.000000	4028.98   	700.000000	3362.36   	700.000000	4713.52   	
720.000000	581164    	720.000000	571845    	720.000000	574139    	720.000000	575401    	720.000000	4762.38   	720.000000	2395.01   	720.000000	4170.61   	720.000000	3486.91   	720.000000	4894.68   	
740.000000	604771    	740.000000	594876    	740.000000	597252    	740.000000	598571    	740.000000	4916.76   	740.000000	2482.88   	740.000000	4311.92   	740.000000	3611.62   	740.000000	5076.29   	
760.000000	628569    	760.000000	618082    	760.000000	620534    	760.000000	621910    	760.000000	5070.41   	760.000000	2571.16   	760.000000	4452.87   	760.000000	3736.43   	760.000000	5258.28   	
780.000000	652551    	780.000000	641453    	780.000000	643978    	780.000000	645410    	780.000000	5223.28   	780.000000	2659.84   	780.000000	4593.43   	780.000000	3861.3    	780.000000	5440.57   	
800.000000	676709    	800.000000	664983    	800.000000	667575    	800.000000	669064    	800.000000	5375.33   	800.000000	2748.85   	800.000000	4733.55   	800.000000	3986.19   	800.000000	5623.11   	
820.000000	701033    	820.000000	688664    	820.000000	691316    	820.000000	692865    	820.000000	5526.53   	820.000000	2838.14   	820.000000	4873.18   	820.000000	4111.07   	820.000000	5805.81   	
840.000000	725517    	840.000000	712489    	840.000000	715195    	840.000000	716804    	840.000000	5676.85   	840.000000	2927.7    	840.000000	5012.32   	840.000000	4235.89   	840.000000	5988.63   	
860.000000	750154    	860.000000	736452    	860.000000	739206    	860.000000	740876    	860.000000	5826.29   	860.000000	3017.57   	860.000000	5150.92   	860.000000	4360.63   	860.000000	6171.52   	
880.000000	774936    	880.000000	760546    	880.000000	763343    	880.000000	765074    	880.000000	5974.84   	880.000000	3107.75   	880.000000	5288.98   	880.000000	4485.27   	880.000000	6354.44   	
900.000000	799856    	900.000000	784765    	900.000000	787600    	900.000000	789392    	900.000000	6122.49   	900.000000	3198.23   	900.000000	5426.47   	900.000000	4609.77   	900.000000	6537.34   	
920.000000	824909    	920.000000	809103    	920.000000	811971    	920.000000	813824    	920.000000	6269.22   	920.000000	3288.98   	920.000000	5563.37   	920.000000	4734.11   	920.000000	6720.18   	
940.000000	850088    	940.000000	833555    	940.000000	836451    	940.000000	838366    	940.000000	6415.03   	940.000000	3379.94   	940.000000	5699.67   	940.000000	4858.27   	940.000000	6902.92   	
960.000000	875386    	960.000000	858115    	960.000000	861035    	960.000000	863011    	960.000000	6559.9    	960.000000	3471.14   	960.000000	5835.35   	960.000000	4982.23   	960.000000	7085.53   	
980.000000	900799    	980.000000	882779    	980.000000	885718    	980.000000	887755    	980.000000	6703.83   	980.000000	3562.57   	980.000000	5970.4    	980.000000	5105.96   	980.000000	7267.96   	
1000.000000	926321    	1000.000000	907542    	1000.000000	910495    	1000.000000	912593    	1000.000000	6846.81   	1000.000000	3654.25   	1000.000000	6104.8    	1000.000000	5229.45   	1000.000000	7450.18   	
1020.000000	951946    	1020.000000	932399    	1020.000000	935361    	1020.000000	937521    	1020.000000	6988.84   	1020.000000	3746.19   	1020.000000	6238.55   	1020.000000	5352.67   	1020.000000	7632.18   	
1040.000000	977670    	1040.000000	957345    	1040.000000	960313    	1040.000000	962535    	1040.000000	7129.92   	1040.000000	3838.35   	1040.000000	6371.64   	1040.000000	5475.63   	1040.000000	7813.91   	
1060.000000	1.00349e+06	1060.000000	982377    	1060.000000	985346    	1060.000000	987630    	1060.000000	7270.05   	1060.000000	3930.73   	1060.000000	6504.05   	1060.000000	5598.29   	1060.000000	7995.36   	
1080.000000	1.02939e+06	1080.000000	1.00749e+06	1080.000000	1.01046e+06	1080.000000	1.0128e+06	1080.000000	7409.23   	1080.000000	4023.29   	1080.000000	6635.79   	1080.000000	5720.65   	1080.000000	8176.5    	
1100.000000	1.05538e+06	1100.000000	1.03268e+06	1100.000000	1.03564e+06	1100.000000	1.03805e+06	1100.000000	7547.46   	1100.000000	4116.02   	1100.000000	6766.85   	1100.000000	5842.69   	1100.000000	8357.3    	
1120.000000	1.08145e+06	1120.000000	1.05794e+06	1120.000000	1.0609e+06	1120.000000	1.06337e+06	1120.000000	7684.74   	1120.000000	4208.91   	1120.000000	6897.22   	1120.000000	5964.39   	1120.000000	8537.74   	
1140.000000	1.1076e+06	1140.000000	1.08328e+06	1140.000000	1.08622e+06	1140.000000	1.08875e+06	1140.000000	7821.06   	1140.000000	4301.97   	1140.000000	7026.89   	1140.000000	6085.76   	1140.000000	8717.8    	
1160.000000	1.13381e+06	1160.000000	1.10868e+06	1160.000000	1.1116e+06	1160.000000	1.1142e+06	1160.000000	7956.42   	1160.000000	4395.18   	1160.000000	7155.86   	1160.000000	6206.77   	1160.000000	8897.46   	
1180.000000	1.1601e+06	1180.000000	1.13414e+06	1180.000000	1.13705e+06	1180.000000	1.13971e+06	1180.000000	8090.84   	1180.000000	4488.55   	1180.000000	7284.13   	1180.000000	6327.41   	1180.000000	9076.71   	
1200.000000	1.18644e+06	1200.000000	1.15967e+06	1200.000000	1.16255e+06	1200.000000	1.16527e+06	1200.000000	8224.31   	1200.000000	4582.07   	1200.000000	7411.7    	1200.000000	6447.68   	1200.000000	9255.51   	
1220.000000	1.21285e+06	1220.000000	1.18525e+06	1220.000000	1.18811e+06	1220.000000	1.19089e+06	1220.000000	8356.85   	1220.000000	4675.75   	1220.000000	7538.57   	1220.000000	6567.58   	1220.000000	9433.88   	
1240.000000	1.23932e+06	1240.000000	1.21089e+06	1240.000000	1.21372e+06	1240.000000	1.21657e+06	1240.000000	8488.46   	1240.000000	4769.57   	1240.000000	7664.74   	1240.000000	6687.09   	1240.000000	9611.78   	
1260.000000	1.26583e+06	1260.000000	1.23657e+06	1260.000000	1.23937e+06	1260.000000	1.24229e+06	1260.000000	8619.15   	1260.000000	4863.54   	1260.000000	7790.21   	1260.000000	6806.2    	1260.000000	9789.22   	
1280.000000	1.2924e+06	1280.000000	1.26231e+06	1280.000000	1.26508e+06	1280.000000	1.26806e+06	1280.000000	8748.94   	1280.000000	4957.66   	1280.000000	7914.98   	1280.000000	6924.93   	1280.000000	9966.17   	
1300.000000	1.31901e+06	1300.000000	1.28809e+06	1300.000000	1.29083e+06	1300.000000	1.29388e+06	1300.000000	8877.82   	1300.000000	5051.92   	1300.000000	8039.06   	1300.000000	7043.25   	1300.000000	10142.6   	
1320.000000	1.34567e+06	1320.000000	1.31392e+06	1320.000000	1.31663e+06	1320.000000	1.31974e+06	1320.000000	9005.81   	1320.000000	5146.33   	1320.000000	8162.44   	1320.000000	7161.17   	1320.000000	10318.6   	
1340.000000	1.37237e+06	1340.000000	1.33979e+06	1340.000000	1.34246e+06	1340.000000	1.34564e+06	1340.000000	9132.91   	1340.000000	5240.87   	1340.000000	8285.13   	1340.000000	7278.67   	1340.000000	10494.1   	
1360.000000	1.3991e+06	1360.000000	1.36569e+06	1360.000000	1.36834e+06	1360.000000	1.37158e+06	1360.000000	9259.13   	1360.000000	5335.55   	1360.000000	8407.13   	1360.000000	7395.76   	1360.000000	10669     	
1380.000000	1.42587e+06	1380.000000	1.39163e+06	1380.000000	1.39425e+06	1380.000000	1.39755e+06	1380.000000	9384.47   	1380.000000	5430.36   	1380.000000	8528.45   	1380.000000	7512.44   	1380.000000	10843.4   	
1400.000000	1.45267e+06	1400.000000	1.41761e+06	1400.000000	1.42019e+06	1400.000000	1.42356e+06	1400.000000	9508.95   	1400.000000	5525.3    	1400.000000	8649.08   	1400.000000	7628.69   	1400.000000	11017.3   	
1420.000000	1.47951e+06	1420.000000	1.44362e+06	1420.000000	1.44617e+06	1420.000000	1.4496e+06	1420.000000	9632.57   	1420.000000	5620.38   	1420.000000	8769.03   	1420.000000	7744.52   	1420.000000	11190.6   	
1440.000000	1.50636e+06	1440.000000	1.46966e+06	1440.000000	1.47218e+06	1440.000000	1.47568e+06	1440.000000	9755.34   	1440.000000	5715.58   	1440.000000	8888.3    	1440.000000	7859.93   	1440.000000	11363.4   	
1460.000000	1.53325e+06	1460.000000	1.49573e+06	1460.000000	1.49822e+06	1460.000000	1.50178e+06	1460.000000	9877.26   	1460.000000	5810.9    	1460.000000	9006.9    	1460.000000	7974.9    	1460.000000	11535.7   	
1480.000000	1.56015e+06	1480.000000	1.52182e+06	1480.000000	1.52429e+06	1480.000000	1.52791e+06	1480.000000	9998.36   	1480.000000	5906.35   	1480.000000	9124.83   	1480.000000	8089.45   	1480.000000	11707.4   	
1500.000000	1.58708e+06	1500.000000	1.54794e+06	1500.000000	1.55038e+06	1500.000000	1.55407e+06	1500.000000	10118.6   	1500.000000	6001.92   	1500.000000	9242.1    	1500.000000	8203.57   	1500.000000	11878.5   	
1520.000000	1.61402e+06	1520.000000	1.57408e+06	1520.000000	1.5765e+06	1520.000000	1.58026e+06	1520.000000	10238.1   	1520.000000	6097.61   	1520.000000	9358.71   	1520.000000	8317.25   	1520.000000	12049.1   	
1540.000000	1.64098e+06	1540.000000	1.60024e+06	1540.000000	1.60265e+06	1540.000000	1.60647e+06	1540.000000	10356.7   	1540.000000	6193.42   	1540.000000	9474.66   	1540.000000	8430.51   	1540.000000	12219.1   	
1560.000000	1.66795e+06	1560.000000	1.62643e+06	1560.000000	1.62881e+06	1560.000000	1.6327e+06	1560.000000	10474.6   	1560.000000	6289.35   	1560.000000	9589.96   	1560.000000	8543.32   	1560.000000	12388.5   	
1580.000000	1.69493e+06	1580.000000	1.65263e+06	1580.000000	1.655e+06 	1580.000000	1.65895e+06	1580.000000	10591.6   	1580.000000	6385.39   	1580.000000	9704.61   	1580.000000	8655.71   	1580.000000	12557.3   	
1600.000000	1.72192e+06	1600.000000	1.67884e+06	1600.000000	1.68121e+06	1600.000000	1.68522e+06	1600.000000	10707.9   	1600.000000	6481.55   	1600.000000	9818.62   	1600.000000	8767.66   	1600.000000	12725.6   	
1620.000000	1.74892e+06	1620.000000	1.70508e+06	1620.000000	1.70743e+06	1620.000000	1.71151e+06	1620.000000	10823.4   	1620.000000	6577.83   	1620.000000	9931.98   	1620.000000	8879.17   	1620.000000	12893.3   	
1640.000000	1.77593e+06	1640.000000	1.73132e+06	1640.000000	1.73368e+06	1640.000000	1.73781e+06	1640.000000	10938.1   	1640.000000	6674.22   	1640.000000	10044.7   	1640.000000	8990.24   	1640.000000	13060.5   	
1660.000000	1.80294e+06	1660.000000	1.75758e+06	1660.000000	1.75994e+06	1660.000000	1.76414e+06	1660.000000	11052.1   	1660.000000	6770.73   	1660.000000	10156.8   	1660.000000	9100.88   	1660.000000	13227     	
1680.000000	1.82995e+06	1680.000000	1.78385e+06	1680.000000	1.78621e+06	1680.000000	1.79048e+06	1680.000000	11165.3   	1680.000000	6867.35   	1680.000000	10268.3   	1680.000000	9211.09   	1680.000000	13393     	
1700.000000	1.85696e+06	1700.000000	1.81013e+06	1700.000000	1.8125e+06	1700.000000	1.81683e+06	1700.000000	11277.7   	1700.000000	6964.08   	1700.000000	10379.2   	1700.000000	9320.86   	1700.000000	13558.3   	
1750.000000	1.92449e+06	1750.000000	1.87586e+06	1750.000000	1.87827e+06	1750.000000	1.88277e+06	1750.000000	11555.7   	1750.000000	7206.36   	1750.000000	10653.6   	1750.000000	9593.38   	1750.000000	13969.2   	
1800.000000	1.99198e+06	1800.000000	1.94162e+06	1800.000000	1.94412e+06	1800.000000	1.94878e+06	1800.000000	11829.1   	1800.000000	7449.28   	1800.000000	10924.4   	1800.000000	9863.2    	1800.000000	14376.4   	
1850.000000	2.05942e+06	1850.000000	2.0074e+06	1850.000000	2.01002e+06	1850.000000	2.01484e+06	1850.000000	12098.3   	1850.000000	7692.79   	1850.000000	11191.4   	1850.000000	10130.4   	1850.000000	14780     	
1900.000000	2.12679e+06	1900.000000	2.07318e+06	1900.000000	2.07596e+06	1900.000000	2.08095e+06	1900.000000	12363.2   	1900.000000	7936.87   	1900.000000	11454.8   	1900.000000	10394.8   	1900.000000	15180     	
1950.000000	2.19407e+06	1950.000000	2.13895e+06	1950.000000	2.14194e+06	1950.000000	2.1471e+06	1950.000000	12624     	1950.000000	8181.49   	1950.000000	11714.8   	1950.000000	10656.7   	1950.000000	15576.4   	
2000.000000	2.26124e+06	2000.000000	2.20469e+06	2000.000000	2.20795e+06	2000.000000	2.21327e+06	2000.000000	12880.9   	2000.000000	8426.68   	2000.000000	11971.3   	2000.000000	10916     	2000.000000	15969.2   	
2100.000000	2.3952e+06	2100.000000	2.33605e+06	2100.000000	2.34e+06  	2100.000000	2.34564e+06	2100.000000	13383.1   	2100.000000	8918.8    	2100.000000	12474.4   	2100.000000	11426.9   	2100.000000	16744.2   	
2200.000000	2.52854e+06	2200.000000	2.46717e+06	2200.000000	2.47206e+06	2200.000000	2.47803e+06	2200.000000	13870.9   	2200.000000	9413.42   	2200.000000	12964.8   	2200.000000	11927.8   	2200.000000	17505.3   	
2300.000000	2.66118e+06	2300.000000	2.59797e+06	2300.000000	2.60407e+06	2300.000000	2.61036e+06	2300.000000	14344.8   	2300.000000	9910.58   	2300.000000	13443     	2300.000000	12419     	2300.000000	18252.8   	
2400.000000	2.79302e+06	2400.000000	2.72839e+06	2400.000000	2.736e+06 	2400.000000	2.74261e+06	2400.000000	14805.8   	2400.000000	10410.3   	2400.000000	13909.6   	2400.000000	12900.8   	2400.000000	18987.1   	
2500.000000	2.924e+06 	2500.000000	2.85838e+06	2500.000000	2.86781e+06	2500.000000	2.87473e+06	2500.000000	15254.5   	2500.000000	10912.3   	2500.000000	14365.2   	2500.000000	13373.5   	2500.000000	19708.4   	
2600.000000	3.05406e+06	2600.000000	2.98789e+06	2600.000000	2.99946e+06	2600.000000	3.0067e+06	2600.000000	15691.4   	2600.000000	11416.6   	2600.000000	14810.3   	2600.000000	13837.2   	2600.000000	20417.2   	
2700.000000	3.18313e+06	2700.000000	3.11687e+06	2700.000000	3.13092e+06	2700.000000	3.13847e+06	2700.000000	16117.2   	2700.000000	11922.9   	2700.000000	15245.3   	2700.000000	14292.4   	2700.000000	21113.7   	
2800.000000	3.31119e+06	2800.000000	3.2453e+06	2800.000000	3.26217e+06	2800.000000	3.27003e+06	2800.000000	16532.4   	2800.000000	12431.3   	2800.000000	15670.7   	2800.000000	14739.2   	2800.000000	21798.3   	
2900.000000	3.43819e+06	2900.000000	3.37314e+06	2900.000000	3.3932e+06	2900.000000	3.40137e+06	2900.000000	16937.5   	2900.000000	12941.8   	2900.000000	16086.9   	2900.000000	15178     	2900.000000	22471.3   	
3000.000000	3.5641e+06	3000.000000	3.50037e+06	3000.000000	3.524e+06 	3000.000000	3.53247e+06	3000.000000	17333.2   	3000.000000	13454.3   	3000.000000	16494.3   	3000.000000	15609     	3000.000000	23133.1   	
3200.000000	3.81258e+06	3200.000000	3.75291e+06	3200.000000	3.78483e+06	3200.000000	3.79392e+06	3200.000000	18097.7   	3200.000000	14485.5   	3200.000000	17284.5   	3200.000000	16448.8   	3200.000000	24424.6   	
3400.000000	4.05647e+06	3400.000000	4.00279e+06	3400.000000	4.04462e+06	3400.000000	4.05432e+06	3400.000000	18829.3   	3400.000000	15525.2   	3400.000000	18044.1   	3400.000000	17260.5   	3400.000000	25675.4   	
3600.000000	4.29569e+06	3600.000000	4.24992e+06	3600.000000	4.30333e+06	3600.000000	4.31364e+06	3600.000000	19530.9   	3600.000000	16573.6   	3600.000000	18775.7   	3600.000000	18046     	3600.000000	26888.1   	
3800.000000	4.53021e+06	3800.000000	4.49424e+06	3800.000000	4.56094e+06	3800.000000	4.57186e+06	3800.000000	20205.4   	3800.000000	17630.8   	3800.000000	19481.7   	3800.000000	18807.1   	3800.000000	28065.1   	
4000.000000	4.76001e+06	4000.000000	4.73571e+06	4000.000000	4.81746e+06	4000.000000	4.82898e+06	4000.000000	20854.8   	4000.000000	18696.9   	4000.000000	20164     	4000.000000	19545.3   	4000.000000	29208.6   	
4200.000000	4.98514e+06	4200.000000	4.97432e+06	4200.000000	5.07288e+06	4200.000000	5.085e+06 	4200.000000	21481.3   	4200.000000	19772.1   	4200.000000	20824.6   	4200.000000	20262.2   	4200.000000	30320.7   	
4400.000000	5.20562e+06	4400.000000	5.21007e+06	4400.000000	5.32722e+06	4400.000000	5.33993e+06	4400.000000	22086.7   	4400.000000	20856.2   	4400.000000	21465.1   	4400.000000	20959.1   	4400.000000	31403.3   	
4600.000000	5.42152e+06	4600.000000	5.44297e+06	4600.000000	5.5805e+06	4600.000000	5.59379e+06	4600.000000	22672.4   	4600.000000	21949.3   	4600.000000	22087     	4600.000000	21637.3   	4600.000000	32458.2   	
4800.000000	5.63292e+06	4800.000000	5.67304e+06	4800.000000	5.83273e+06	4800.000000	5.84659e+06	4800.000000	23240.1   	4800.000000	23051.1   	4800.000000	22691.6   	4800.000000	22297.8   	4800.000000	33486.9   	
5000.000000	5.8399e+06	5000.000000	5.9003e+06	5000.000000	6.08393e+06	5000.000000	6.09837e+06	5000.000000	23790.8   	5000.000000	24161.7   	5000.000000	23280.2   	5000.000000	22941.7   	5000.000000	34491     	
5250.000000	6.09253e+06	5250.000000	6.1805e+06	5250.000000	6.39652e+06	5250.000000	6.41166e+06	5250.000000	24457.3   	5250.000000	25562     	5250.000000	23995     	5250.000000	23724.7   	5250.000000	35713.5   	
5500.000000	6.33858e+06	5500.000000	6.45644e+06	5500.000000	6.70759e+06	5500.000000	6.72343e+06	5500.000000	25101.1   	5500.000000	26975.5   	5500.000000	24688.4   	5500.000000	24485.1   	5500.000000	36902.3   	
6000.000000	6.81167e+06	6000.000000	6.99591e+06	6000.000000	7.32534e+06	6000.000000	7.34255e+06	6000.000000	26327.7   	6000.000000	29841.5   	6000.000000	26017.6   	6000.000000	25944.1   	6000.000000	39187.1   	
6500.000000	7.26072e+06	6500.000000	7.5194e+06	6500.000000	7.93753e+06	6500.000000	7.95609e+06	6500.000000	27482.6   	6500.000000	32758.5   	6500.000000	27279.5   	6500.000000	27329.4   	6500.000000	41361.3   	
7000.000000	7.68725e+06	7000.000000	8.02766e+06	7000.000000	8.54453e+06	7000.000000	8.5644e+06	7000.000000	28575.1   	7000.000000	35725.5   	7000.000000	28483.7   	7000.000000	28650.1   	7000.000000	43438.2   	
7500.000000	8.09273e+06	7500.000000	8.52141e+06	7500.000000	9.14666e+06	7500.000000	9.16782e+06	7500.000000	29613     	7500.000000	38741.4   	7500.000000	29638     	7500.000000	29914     	7500.000000	45428.8   	
8000.000000	8.47856e+06	8000.000000	9.00135e+06	8000.000000	9.74421e+06	8000.000000	9.76664e+06	8000.000000	30602.7   	8000.000000	41805.7   	8000.000000	30748.8   	8000.000000	31127.3   	8000.000000	47342.8   	
8500.000000	8.84604e+06	8500.000000	9.46819e+06	8500.000000	1.03375e+07	8500.000000	1.03612e+07	8500.000000	31549.3   	8500.000000	44917     	8500.000000	31821.5   	8500.000000	32295.6   	8500.000000	49188.3   	
9000.000000	9.19637e+06	9000.000000	9.92256e+06	9000.000000	1.09267e+07	9000.000000	1.09516e+07	9000.000000	32457.4   	9000.000000	48072.3   	9000.000000	32860.7   	9000.000000	33423.7   	9000.000000	50972.3   	
9500.000000	9.53069e+06	9500.000000	1.03651e+07	9500.000000	1.15122e+07	9500.000000	1.15382e+07	9500.000000	33330.8   	9500.000000	51270.4   	9500.000000	33870.3   	9500.000000	34515.5   	9500.000000	52700.9   	
10000.000000	9.85002e+06	10000.000000	1.07963e+07	10000.000000	1.2094e+07	10000.000000	1.21213e+07	10000.000000	34172.7   	10000.000000	54511.4   	10000.000000	34853.5   	10000.000000	35574.8   	10000.000000	54379.5   	
11000.000000	1.04475e+07	11000.000000	1.16271e+07	11000.000000	1.32478e+07	11000.000000	1.32772e+07	11000.000000	35772.4   	11000.000000	61123.3   	11000.000000	36751.7   	11000.000000	37607.1   	11000.000000	57604     	
12000.000000	1.09956e+07	12000.000000	1.24189e+07	12000.000000	1.43892e+07	12000.000000	1.44209e+07	12000.000000	37274.6   	12000.000000	67904.9   	12000.000000	38573.7   	12000.000000	39541     	12000.000000	60676.8   	
13000.000000	1.15001e+07	13000.000000	1.31752e+07	13000.000000	1.55196e+07	13000.000000	1.55535e+07	13000.000000	38693.5   	13000.000000	74849.2   	13000.000000	40333.3   	13000.000000	41392.5   	13000.000000	63622     	
14000.000000	1.19659e+07	14000.000000	1.38991e+07	14000.000000	1.66399e+07	14000.000000	1.66759e+07	14000.000000	40040.3   	14000.000000	81947.7   	14000.000000	42041.4   	14000.000000	43174.3   	14000.000000	66459     	
15000.000000	1.23973e+07	15000.000000	1.45931e+07	15000.000000	1.77509e+07	15000.000000	1.7789e+07	15000.000000	41324     	15000.000000	89192.6   	15000.000000	43706.3   	15000.000000	44896.6   	15000.000000	69203.5   	
16000.000000	1.2798e+07	16000.000000	1.52598e+07	16000.000000	1.88535e+07	16000.000000	1.88935e+07	16000.000000	42551.9   	16000.000000	96579     	16000.000000	45334.4   	16000.000000	46567.6   	16000.000000	71868.2   	
17000.000000	1.3171e+07	17000.000000	1.59012e+07	17000.000000	1.99481e+07	17000.000000	1.99902e+07	17000.000000	43730.1   	17000.000000	104104    	17000.000000	46931     	17000.000000	48194.1   	17000.000000	74463.4   	
18000.000000	1.35191e+07	18000.000000	1.65192e+07	18000.000000	2.10355e+07	18000.000000	2.10794e+07	18000.000000	44863.6   	18000.000000	111765    	18000.000000	48500.2   	18000.000000	49781.6   	18000.000000	76997.8   	
19000.000000	1.38448e+07	19000.000000	1.71155e+07	19000.000000	2.2116e+07	19000.000000	2.21619e+07	19000.000000	45956.8   	19000.000000	119559    	19000.000000	50045.3   	19000.000000	51334.8   	19000.000000	79478.7   	
20000.000000	1.415e+07 	20000.000000	1.76916e+07	20000.000000	2.31902e+07	20000.000000	2.32379e+07	20000.000000	47013.3   	20000.000000	127484    	20000.000000	51569     	20000.000000	52857.5   	20000.000000	81912.2   	
21000.000000	1.44366e+07	21000.000000	1.82488e+07	21000.000000	2.42583e+07	21000.000000	2.43079e+07	21000.000000	48036.3   	21000.000000	135539    	21000.000000	53073.3   	21000.000000	54352.9   	21000.000000	84303.2   	
22000.000000	1.47063e+07	22000.000000	1.87883e+07	22000.000000	2.53209e+07	22000.000000	2.53723e+07	22000.000000	49028.4   	22000.000000	143718    	22000.000000	54560     	22000.000000	55823.7   	22000.000000	86656.1   	
23000.000000	1.49605e+07	23000.000000	1.93114e+07	23000.000000	2.63781e+07	23000.000000	2.64313e+07	23000.000000	49992.3   	23000.000000	152020    	23000.000000	56030.4   	23000.000000	57272.3   	23000.000000	88974.5   	
24000.000000	1.52004e+07	24000.000000	1.98189e+07	24000.000000	2.74303e+07	24000.000000	2.74852e+07	24000.000000	50930     	24000.000000	160443    	24000.000000	57485.7   	24000.000000	58700.6   	24000.000000	91261.6   	
25000.000000	1.54273e+07	25000.000000	2.03119e+07	25000.000000	2.84778e+07	25000.000000	2.85344e+07	25000.000000	51843.4   	25000.000000	168977    	25000.000000	58927.1   	25000.000000	60110.4   	25000.000000	93520.1   	
26000.000000	1.56421e+07	26000.000000	2.0791e+07	26000.000000	2.95208e+07	26000.000000	2.9579e+07	26000.000000	52734.1   	26000.000000	177616    	26000.000000	60355     	26000.000000	61503.1   	26000.000000	95752.3   	
27000.000000	1.58457e+07	27000.000000	2.12572e+07	27000.000000	3.05594e+07	27000.000000	3.06193e+07	27000.000000	53603.6   	27000.000000	186364    	27000.000000	61770.3   	27000.000000	62879.9   	27000.000000	97960.2   	
28000.000000	1.6039e+07	28000.000000	2.17111e+07	28000.000000	3.1594e+07	28000.000000	3.16555e+07	28000.000000	54453.3   	28000.000000	195223    	28000.000000	63173.4   	28000.000000	64241.8   	28000.000000	100145    	
29000.000000	1.62228e+07	29000.000000	2.21534e+07	29000.000000	3.26247e+07	29000.000000	3.26877e+07	29000.000000	55284.4   	29000.000000	204191    	29000.000000	64564.8   	29000.000000	65589.9   	29000.000000	102310    	
30000.000000	1.63976e+07	30000.000000	2.25846e+07	30000.000000	3.36516e+07	30000.000000	3.37162e+07	30000.000000	56098     	30000.000000	213260    	30000.000000	65944.9   	30000.000000	66924.9   	30000.000000	104454    	
32000.000000	1.6723e+07	32000.000000	2.34161e+07	32000.000000	3.56949e+07	32000.000000	3.57624e+07	32000.000000	57676.6   	32000.000000	231691    	32000.000000	68672.3   	32000.000000	69558.5   	32000.000000	108688    	
34000.000000	1.70195e+07	34000.000000	2.42095e+07	34000.000000	3.77251e+07	34000.000000	3.77953e+07	34000.000000	59196     	34000.000000	250512    	34000.000000	71357.6   	34000.000000	72147.1   	34000.000000	112854    	
36000.000000	1.72906e+07	36000.000000	2.49683e+07	36000.000000	3.97431e+07	36000.000000	3.98159e+07	36000.000000	60662.1   	36000.000000	269713    	36000.000000	74002.3   	36000.000000	74694.2   	36000.000000	116958    	
38000.000000	1.75395e+07	38000.000000	2.56955e+07	38000.000000	4.17497e+07	38000.000000	4.18251e+07	38000.000000	62079.8   	38000.000000	289273    	38000.000000	76607.3   	38000.000000	77202.6   	38000.000000	121006    	
40000.000000	1.77686e+07	40000.000000	2.63937e+07	40000.000000	4.37459e+07	40000.000000	4.38235e+07	40000.000000	63453.5   	40000.000000	309168    	40000.000000	79173.9   	40000.000000	79674.6   	40000.000000	124999    	
42000.000000	1.79801e+07	42000.000000	2.70651e+07	42000.000000	4.57321e+07	42000.000000	4.58119e+07	42000.000000	64786.6   	42000.000000	329388    	42000.000000	81702.8   	42000.000000	82112     	42000.000000	128941    	
44000.000000	1.81759e+07	44000.000000	2.77118e+07	44000.000000	4.7709e+07	44000.000000	4.7791e+07	44000.000000	66082.6   	44000.000000	349931    	44000.000000	84194.6   	44000.000000	84516.1   	44000.000000	132835    	
46000.000000	1.83577e+07	46000.000000	2.83356e+07	46000.000000	4.96772e+07	46000.000000	4.97611e+07	46000.000000	67344.1   	46000.000000	370797    	46000.000000	86650.2   	46000.000000	86888.3   	46000.000000	136682    	
48000.000000	1.85268e+07	48000.000000	2.89381e+07	48000.000000	5.16371e+07	48000.000000	5.17229e+07	48000.000000	68573.8   	48000.000000	391989    	48000.000000	89070.1   	48000.000000	89229.4   	48000.000000	140483    	
50000.000000	1.86844e+07	50000.000000	2.95207e+07	50000.000000	5.35893e+07	50000.000000	5.36767e+07	50000.000000	69773.7   	50000.000000	413501    	50000.000000	91455     	50000.000000	91540.4   	50000.000000	144240    	
