*Energy (MeV/u)1	0 - [He-base] F.Hubert et al, AD&ND Tables 46(1990)1	Energy (MeV/u)2	1 - [H -base] J.F.Ziegler et al, Pergamon Press, NY (low energy)	Energy (MeV/u)3	2 - ATIMA 1.2  LS-theory (recommended for high energy)	Energy (MeV/u)4	3 - ATIMA 1.2  without LS-correction	Energy (MeV/u)5	4 - electrical component of [1] - J.F.Ziegler et al	Energy (MeV/u)6	5 - nuclear component of [1] - J.F.Ziegler et al	
0.001000	0.144784  	0.001000	0.0265242 	0.001000	0.0274851 	0.001000	0.0274851 	0.001000	0.0252182 	0.001000	0.001306  	
0.002000	0.175998  	0.002000	0.0357851 	0.002000	0.0370978 	0.002000	0.0370978 	0.002000	0.0344491 	0.002000	0.00133605	
0.005000	0.233861  	0.005000	0.0532397 	0.005000	0.0552222 	0.005000	0.0552222 	0.005000	0.0520296 	0.005000	0.00121007	
0.008000	0.272861  	0.008000	0.0653628 	0.008000	0.0678122 	0.008000	0.0678122 	0.008000	0.0642842 	0.008000	0.00107852	
0.010000	0.293957  	0.010000	0.0720799 	0.010000	0.0747881 	0.010000	0.0747881 	0.010000	0.0710745 	0.010000	0.00100541	
0.015000	0.354906  	0.015000	0.0851806 	0.015000	0.0894149 	0.015000	0.0894149 	0.015000	0.0843172 	0.015000	0.000863416	
0.020000	0.404773  	0.020000	0.0959055 	0.020000	0.101551  	0.020000	0.101551  	0.020000	0.0951445 	0.020000	0.000761008	
0.025000	0.44599   	0.025000	0.104931  	0.025000	0.11212   	0.025000	0.11212   	0.025000	0.104248  	0.025000	0.000683398	
0.030000	0.479843  	0.030000	0.112625  	0.030000	0.118585  	0.030000	0.118585  	0.030000	0.112003  	0.030000	0.000622263	
0.035000	0.507173  	0.035000	0.119221  	0.035000	0.124077  	0.035000	0.124077  	0.035000	0.118648  	0.035000	0.000572659	
0.040000	0.528641  	0.040000	0.124885  	0.040000	0.128763  	0.040000	0.128763  	0.040000	0.124353  	0.040000	0.000531468	
0.045000	0.544838  	0.045000	0.129742  	0.045000	0.132765  	0.045000	0.132765  	0.045000	0.129245  	0.045000	0.000496621	
0.050000	0.556334  	0.050000	0.133893  	0.050000	0.136176  	0.050000	0.136176  	0.050000	0.133427  	0.050000	0.000466693	
0.055000	0.563688  	0.055000	0.137423  	0.055000	0.139073  	0.055000	0.139073  	0.055000	0.136982  	0.055000	0.000440662	
0.060000	0.56745   	0.060000	0.140401  	0.060000	0.141518  	0.060000	0.141518  	0.060000	0.139983  	0.060000	0.000417778	
0.070000	0.566297  	0.070000	0.144944  	0.070000	0.145254  	0.070000	0.145254  	0.070000	0.144564  	0.070000	0.000379322	
0.080000	0.556737  	0.080000	0.147934  	0.080000	0.147725  	0.080000	0.147725  	0.080000	0.147586  	0.080000	0.00034817	
0.090000	0.541948  	0.090000	0.149698  	0.090000	0.149191  	0.090000	0.149191  	0.090000	0.149376  	0.090000	0.00032234	
0.100000	0.524338  	0.100000	0.150499  	0.100000	0.149859  	0.100000	0.149859  	0.100000	0.150198  	0.100000	0.000300523	
0.120000	0.486852  	0.120000	0.150013  	0.120000	0.149422  	0.120000	0.149422  	0.120000	0.149747  	0.120000	0.000265567	
0.140000	0.451694  	0.140000	0.147719  	0.140000	0.14739   	0.140000	0.14739   	0.140000	0.14748   	0.140000	0.000238675	
0.160000	0.421171  	0.160000	0.144414  	0.160000	0.1444    	0.160000	0.1444    	0.160000	0.144199  	0.160000	0.000215204	
0.180000	0.395382  	0.180000	0.140606  	0.180000	0.140882  	0.180000	0.140882  	0.180000	0.140408  	0.180000	0.000197913	
0.200000	0.373682  	0.200000	0.136603  	0.200000	0.13711   	0.200000	0.13711   	0.200000	0.136419  	0.200000	0.000183452	
0.250000	0.332473  	0.250000	0.12678   	0.250000	0.127589  	0.250000	0.127589  	0.250000	0.126625  	0.250000	0.000155793	
0.300000	0.303088  	0.300000	0.117989  	0.300000	0.118813  	0.300000	0.118813  	0.300000	0.117853  	0.300000	0.000135976	
0.350000	0.280525  	0.350000	0.1104    	0.350000	0.111107  	0.350000	0.111107  	0.350000	0.110279  	0.350000	0.000121007	
0.400000	0.262228  	0.400000	0.103884  	0.400000	0.104435  	0.400000	0.104435  	0.400000	0.103775  	0.400000	0.000109259	
0.450000	0.246829  	0.450000	0.098257  	0.450000	0.0986589 	0.450000	0.0986589 	0.450000	0.0981573 	0.450000	9.97674e-05	
0.500000	0.233538  	0.500000	0.0933532 	0.500000	0.0936298 	0.500000	0.0936298 	0.500000	0.0932613 	0.500000	9.19227e-05	
0.600000	0.211474  	0.600000	0.0852068 	0.600000	0.085312  	0.600000	0.085312  	0.600000	0.0851271 	0.600000	7.96768e-05	
0.700000	0.19369   	0.700000	0.0786818 	0.700000	0.0786987 	0.700000	0.0786987 	0.700000	0.0786113 	0.700000	7.05225e-05	
0.800000	0.17894   	0.800000	0.0733073 	0.800000	0.0732876 	0.800000	0.0732876 	0.800000	0.0732439 	0.800000	6.3396e-05	
0.900000	0.166459  	0.900000	0.0687823 	0.900000	0.0687553 	0.900000	0.0687553 	0.900000	0.0687246 	0.900000	5.76762e-05	
1.000000	0.155737  	1.000000	0.0649056 	1.000000	0.0648868 	1.000000	0.0648868 	1.000000	0.0648527 	1.000000	5.29746e-05	
1.250000	0.134484  	1.250000	0.0572253 	1.250000	0.0572506 	1.250000	0.0572506 	1.250000	0.0571811 	1.250000	4.41859e-05	
1.500000	0.118652  	1.500000	0.0514772 	1.500000	0.0515479 	1.500000	0.0515479 	1.500000	0.0514391 	1.500000	3.80514e-05	
1.750000	0.106361  	1.750000	0.046979  	1.750000	0.0470854 	1.750000	0.0470854 	1.750000	0.0469455 	1.750000	3.35067e-05	
2.000000	0.0965219 	2.000000	0.0433434 	2.000000	0.0434756 	2.000000	0.0434756 	2.000000	0.0433134 	2.000000	2.99939e-05	
2.250000	0.0884534 	2.250000	0.040332  	2.250000	0.0404819 	2.250000	0.0404819 	2.250000	0.0403048 	2.250000	2.71909e-05	
2.500000	0.0813576 	2.500000	0.0377888 	2.500000	0.0379506 	2.500000	0.0379506 	2.500000	0.0377639 	2.500000	2.48982e-05	
3.000000	0.0710397 	3.000000	0.0337109 	3.000000	0.0338844 	3.000000	0.0338844 	3.000000	0.0336895 	3.000000	2.13634e-05	
3.500000	0.063209  	3.500000	0.0305673 	3.500000	0.0307431 	3.500000	0.0307431 	3.500000	0.0305485 	3.500000	1.87571e-05	
4.000000	0.0570459 	4.000000	0.0280567 	4.000000	0.0282299 	4.000000	0.0282299 	4.000000	0.02804   	4.000000	1.67503e-05	
4.500000	0.0520586 	4.500000	0.0259973 	4.500000	0.0261653 	4.500000	0.0261653 	4.500000	0.0259821 	4.500000	1.51539e-05	
5.000000	0.0479334 	5.000000	0.024272  	5.000000	0.0244337 	5.000000	0.0244337 	5.000000	0.0242581 	5.000000	1.38518e-05	
5.500000	0.0444602 	5.500000	0.0228018 	5.500000	0.0229567 	5.500000	0.0229567 	5.500000	0.0227891 	5.500000	1.27678e-05	
6.000000	0.0414927 	6.000000	0.0215315 	6.000000	0.0216793 	6.000000	0.0216793 	6.000000	0.0215197 	6.000000	1.18506e-05	
6.500000	0.0389259 	6.500000	0.0204209 	6.500000	0.0205619 	6.500000	0.0205619 	6.500000	0.0204098 	6.500000	1.10636e-05	
7.000000	0.036682  	7.000000	0.0194402 	7.000000	0.0195745 	7.000000	0.0195745 	7.000000	0.0194298 	7.000000	1.03805e-05	
7.500000	0.0347026 	7.500000	0.0185667 	7.500000	0.0186947 	7.500000	0.0186947 	7.500000	0.0185569 	7.500000	9.7815e-06	
8.000000	0.0329426 	8.000000	0.0177829 	8.000000	0.0179049 	8.000000	0.0179049 	8.000000	0.0177737 	8.000000	9.25178e-06	
8.500000	0.0313667 	8.500000	0.017075  	8.500000	0.0171912 	8.500000	0.0171912 	8.500000	0.0170662 	8.500000	8.77972e-06	
9.000000	0.0299469 	9.000000	0.0164318 	9.000000	0.0165426 	9.000000	0.0165426 	9.000000	0.0164234 	9.000000	8.35622e-06	
9.500000	0.0286607 	9.500000	0.0158444 	9.500000	0.0159502 	9.500000	0.0159502 	9.500000	0.0158364 	9.500000	7.974e-06 	
10.000000	0.0274896 	10.000000	0.0154481 	10.000000	0.0154066 	10.000000	0.0154066 	10.000000	0.0154404 	10.000000	7.6272e-06	
11.000000	0.0254352 	11.000000	0.0146037 	11.000000	0.0144799 	11.000000	0.0144801 	11.000000	0.0145967 	11.000000	7.02148e-06	
12.000000	0.0236905 	12.000000	0.0138419 	12.000000	0.0136772 	12.000000	0.0136776 	12.000000	0.0138354 	12.000000	6.50972e-06	
13.000000	0.0221892 	13.000000	0.0131543 	13.000000	0.0129738 	13.000000	0.0129741 	13.000000	0.0131482 	13.000000	6.07127e-06	
14.000000	0.0208828 	14.000000	0.0125324 	14.000000	0.0123511 	14.000000	0.0123511 	14.000000	0.0125267 	14.000000	5.69117e-06	
15.000000	0.0197351 	15.000000	0.0119682 	15.000000	0.0117946 	15.000000	0.0117947 	15.000000	0.0119629 	15.000000	5.3583e-06	
16.000000	0.0187183 	16.000000	0.0114548 	16.000000	0.0112942 	16.000000	0.011294  	16.000000	0.0114497 	16.000000	5.06422e-06	
17.000000	0.0178108 	17.000000	0.010986  	17.000000	0.0108414 	17.000000	0.0108406 	17.000000	0.0109812 	17.000000	4.8024e-06	
18.000000	0.0169955 	18.000000	0.0105564 	18.000000	0.0104286 	18.000000	0.0104275 	18.000000	0.0105518 	18.000000	4.56773e-06	
19.000000	0.016259  	19.000000	0.0101615 	19.000000	0.0100503 	19.000000	0.0100492 	19.000000	0.0101572 	19.000000	4.35612e-06	
20.000000	0.01559   	20.000000	0.0097974 	20.000000	0.00970196	20.000000	0.00970083	20.000000	0.00979323	20.000000	4.16426e-06	
21.000000	0.0149795 	21.000000	0.00946064	21.000000	0.00938056	21.000000	0.00937936	21.000000	0.00945665	21.000000	3.98947e-06	
22.000000	0.01442   	22.000000	0.00914831	22.000000	0.0090824 	22.000000	0.00908125	22.000000	0.00914448	22.000000	3.82952e-06	
23.000000	0.0139054 	23.000000	0.00885788	23.000000	0.00880502	23.000000	0.00880384	23.000000	0.0088542 	23.000000	3.68258e-06	
24.000000	0.0134302 	24.000000	0.00858714	24.000000	0.00854652	24.000000	0.00854487	24.000000	0.00858359	24.000000	3.54708e-06	
25.000000	0.01299   	25.000000	0.00833416	25.000000	0.00830482	25.000000	0.00830243	25.000000	0.00833073	25.000000	3.42172e-06	
27.000000	0.0122002 	27.000000	0.00787491	27.000000	0.00786372	27.000000	0.0078607 	27.000000	0.00787172	27.000000	3.1971e-06	
29.000000	0.0115112 	29.000000	0.00746893	29.000000	0.0074708 	29.000000	0.00746785	29.000000	0.00746593	29.000000	3.00154e-06	
31.000000	0.0109046 	31.000000	0.00710743	31.000000	0.00711565	31.000000	0.00711265	31.000000	0.0071046 	31.000000	2.82966e-06	
33.000000	0.0103662 	33.000000	0.00678345	33.000000	0.00679423	33.000000	0.00679141	33.000000	0.00678077	33.000000	2.67733e-06	
35.000000	0.00988496	35.000000	0.00649139	35.000000	0.00650478	35.000000	0.00650227	35.000000	0.00648885	35.000000	2.54135e-06	
38.000000	0.00925136	38.000000	0.00610349	38.000000	0.00612203	38.000000	0.00611865	38.000000	0.00610112	38.000000	2.36262e-06	
41.000000	0.00870407	41.000000	0.00576539	41.000000	0.00578795	41.000000	0.00578446	41.000000	0.00576319	41.000000	2.20849e-06	
44.000000	0.00822626	44.000000	0.00546802	44.000000	0.00549366	44.000000	0.00549048	44.000000	0.00546594	44.000000	2.07415e-06	
47.000000	0.00780527	47.000000	0.00520435	47.000000	0.00523271	47.000000	0.00522969	47.000000	0.0052024 	47.000000	1.95596e-06	
50.000000	0.00743135	50.000000	0.00496893	50.000000	0.00499947	50.000000	0.00499663	50.000000	0.00496707	50.000000	1.85112e-06	
55.000000	0.00689274	55.000000	0.00462787	55.000000	0.00466117	55.000000	0.00465856	55.000000	0.00462617	55.000000	1.70037e-06	
60.000000	0.00643798	60.000000	0.00433823	60.000000	0.00437348	60.000000	0.00437089	60.000000	0.00433666	60.000000	1.57335e-06	
65.000000	0.00604856	65.000000	0.0040891 	65.000000	0.00412599	65.000000	0.00412294	65.000000	0.00408764	65.000000	1.46478e-06	
70.000000	0.00571107	70.000000	0.00387245	70.000000	0.00390964	70.000000	0.00390686	70.000000	0.00387108	70.000000	1.37087e-06	
75.000000	0.00541559	75.000000	0.00368226	75.000000	0.0037194 	75.000000	0.00371678	75.000000	0.00368097	75.000000	1.28878e-06	
80.000000	0.00515456	80.000000	0.00351392	80.000000	0.00355067	80.000000	0.00354819	80.000000	0.0035127 	80.000000	1.2164e-06	
85.000000	0.00492218	85.000000	0.00336382	85.000000	0.00339994	85.000000	0.0033976 	85.000000	0.00336267	85.000000	1.15206e-06	
90.000000	0.00471387	90.000000	0.00322913	90.000000	0.00326447	90.000000	0.00326222	90.000000	0.00322803	90.000000	1.09448e-06	
95.000000	0.004526  	95.000000	0.00310757	95.000000	0.0031425 	95.000000	0.00313983	95.000000	0.00310653	95.000000	1.04264e-06	
100.000000	0.00435563	100.000000	0.00299729	100.000000	0.00303117	100.000000	0.00302862	100.000000	0.00299629	100.000000	9.95694e-07	
105.000000	0.00420037	105.000000	0.00289678	105.000000	0.00292955	105.000000	0.0029271 	105.000000	0.00289583	105.000000	9.52981e-07	
110.000000	0.00405825	110.000000	0.00280478	110.000000	0.00283642	110.000000	0.00283406	110.000000	0.00280387	110.000000	9.13943e-07	
115.000000	0.00392763	115.000000	0.00272025	115.000000	0.00275072	115.000000	0.00274846	115.000000	0.00271937	115.000000	8.78117e-07	
120.000000	0.00380714	120.000000	0.00264231	120.000000	0.00267161	120.000000	0.00266943	120.000000	0.00264146	120.000000	8.45118e-07	
125.000000	0.0036956 	125.000000	0.0025702 	125.000000	0.00259836	125.000000	0.00259624	125.000000	0.00256939	125.000000	8.14617e-07	
130.000000	0.00359204	130.000000	0.0025033 	130.000000	0.00253031	130.000000	0.00252826	130.000000	0.00250251	130.000000	7.86338e-07	
135.000000	0.00349561	135.000000	0.00244105	135.000000	0.00246689	135.000000	0.00246494	135.000000	0.00244029	135.000000	7.60043e-07	
140.000000	0.00340557	140.000000	0.00238299	140.000000	0.00240792	140.000000	0.00240583	140.000000	0.00238225	140.000000	7.35527e-07	
145.000000	0.0033213 	145.000000	0.0023287 	145.000000	0.00235279	145.000000	0.00235052	145.000000	0.00232798	145.000000	7.12613e-07	
150.000000	0.00324225	150.000000	0.00227782	150.000000	0.00230084	150.000000	0.00229864	150.000000	0.00227713	150.000000	6.91146e-07	
155.000000	0.00313093	155.000000	0.00223004	155.000000	0.00225201	155.000000	0.00224989	155.000000	0.00222937	155.000000	6.70991e-07	
160.000000	0.00306569	160.000000	0.00218509	160.000000	0.00220608	160.000000	0.00220399	160.000000	0.00218444	160.000000	6.5203e-07	
165.000000	0.00300416	165.000000	0.00214272	165.000000	0.00216274	165.000000	0.00216071	165.000000	0.00214209	165.000000	6.34159e-07	
170.000000	0.00294604	170.000000	0.00210272	170.000000	0.00212179	170.000000	0.00211981	170.000000	0.0021021 	170.000000	6.17284e-07	
175.000000	0.00289105	175.000000	0.00206488	175.000000	0.00208306	175.000000	0.00208112	175.000000	0.00206428	175.000000	6.01323e-07	
180.000000	0.00283893	180.000000	0.00202904	180.000000	0.00204634	180.000000	0.00204445	180.000000	0.00202845	180.000000	5.86203e-07	
185.000000	0.00278947	185.000000	0.00199505	185.000000	0.00201151	185.000000	0.00200965	185.000000	0.00199447	185.000000	5.71858e-07	
190.000000	0.00274246	190.000000	0.00196276	190.000000	0.00197842	190.000000	0.00197659	190.000000	0.0019622 	190.000000	5.5823e-07	
195.000000	0.00269772	195.000000	0.00193205	195.000000	0.00194691	195.000000	0.00194514	195.000000	0.0019315 	195.000000	5.45264e-07	
200.000000	0.0026551 	200.000000	0.0019028 	200.000000	0.0019169 	200.000000	0.00191518	200.000000	0.00190227	200.000000	5.32913e-07	
210.000000	0.0025756 	210.000000	0.00184832	210.000000	0.00186127	210.000000	0.00185934	210.000000	0.00184781	210.000000	5.09887e-07	
220.000000	0.00250295	220.000000	0.00179859	220.000000	0.00181027	220.000000	0.00180835	220.000000	0.0017981 	220.000000	4.8885e-07	
230.000000	0.00243628	230.000000	0.00175302	230.000000	0.00176346	230.000000	0.00176162	230.000000	0.00175255	230.000000	4.69551e-07	
240.000000	0.00237489	240.000000	0.0017111 	240.000000	0.00172043	240.000000	0.00171864	240.000000	0.00171065	240.000000	4.51781e-07	
250.000000	0.00231816	250.000000	0.00167243	250.000000	0.00168072	250.000000	0.00167898	250.000000	0.001672  	250.000000	4.35361e-07	
260.000000	0.00226558	260.000000	0.00163664	260.000000	0.00164397	260.000000	0.00164227	260.000000	0.00163622	260.000000	4.20143e-07	
270.000000	0.00221672	270.000000	0.00160342	270.000000	0.00160987	270.000000	0.00160822	270.000000	0.00160302	270.000000	4.05996e-07	
280.000000	0.00217118	280.000000	0.00157252	280.000000	0.00157815	280.000000	0.00157654	280.000000	0.00157212	280.000000	3.92811e-07	
290.000000	0.00212865	290.000000	0.00154369	290.000000	0.00154855	290.000000	0.001547  	290.000000	0.00154331	290.000000	3.8049e-07	
300.000000	0.00208884	300.000000	0.00151674	300.000000	0.00152102	300.000000	0.00151939	300.000000	0.00151637	300.000000	3.6895e-07	
310.000000	0.00205149	310.000000	0.00149149	310.000000	0.00149528	310.000000	0.00149355	310.000000	0.00149113	310.000000	3.58119e-07	
320.000000	0.00201639	320.000000	0.0014678 	320.000000	0.001471  	320.000000	0.0014693 	320.000000	0.00146745	320.000000	3.47931e-07	
330.000000	0.00198334	330.000000	0.00144552	330.000000	0.00144817	330.000000	0.00144652	330.000000	0.00144518	330.000000	3.38332e-07	
340.000000	0.00195217	340.000000	0.00142454	340.000000	0.00142669	340.000000	0.00142507	340.000000	0.00142421	340.000000	3.29269e-07	
350.000000	0.00192272	350.000000	0.00140474	350.000000	0.00140645	350.000000	0.00140485	350.000000	0.00140442	350.000000	3.20699e-07	
360.000000	0.00189486	360.000000	0.00138603	360.000000	0.00138733	360.000000	0.00138576	360.000000	0.00138572	360.000000	3.12583e-07	
370.000000	0.00186846	370.000000	0.00136834	370.000000	0.00136925	370.000000	0.00136771	370.000000	0.00136803	370.000000	3.04884e-07	
380.000000	0.00184342	380.000000	0.00135157	380.000000	0.00135214	380.000000	0.00135062	380.000000	0.00135127	380.000000	2.97571e-07	
390.000000	0.00181963	390.000000	0.00133567	390.000000	0.00133592	390.000000	0.00133442	390.000000	0.00133538	390.000000	2.90615e-07	
400.000000	0.00179701	400.000000	0.00132056	400.000000	0.00132052	400.000000	0.00131905	400.000000	0.00132028	400.000000	2.8399e-07	
410.000000	0.00177548	410.000000	0.0013062 	410.000000	0.0013059 	410.000000	0.00130445	410.000000	0.00130592	410.000000	2.77672e-07	
420.000000	0.00175495	420.000000	0.00129253	420.000000	0.001292  	420.000000	0.00129056	420.000000	0.00129225	420.000000	2.71642e-07	
430.000000	0.00173538	430.000000	0.0012795 	430.000000	0.00127876	430.000000	0.00127734	430.000000	0.00127923	430.000000	2.65878e-07	
440.000000	0.00171668	440.000000	0.00126707	440.000000	0.00126612	440.000000	0.00126474	440.000000	0.00126681	440.000000	2.60364e-07	
450.000000	0.00169881	450.000000	0.00125521	450.000000	0.00125409	450.000000	0.00125272	450.000000	0.00125496	450.000000	2.55083e-07	
460.000000	0.00168172	460.000000	0.00124388	460.000000	0.00124266	460.000000	0.00124125	460.000000	0.00124363	460.000000	2.50022e-07	
470.000000	0.00166535	470.000000	0.00123304	470.000000	0.00123177	470.000000	0.00123029	470.000000	0.0012328 	470.000000	2.45165e-07	
480.000000	0.00164967	480.000000	0.00122267	480.000000	0.00122133	480.000000	0.00121982	480.000000	0.00122243	480.000000	2.40501e-07	
490.000000	0.00163464	490.000000	0.00121274	490.000000	0.00121129	490.000000	0.00120979	490.000000	0.0012125 	490.000000	2.36019e-07	
500.000000	0.00162021	500.000000	0.00120322	500.000000	0.00120166	500.000000	0.00120019	500.000000	0.00120298	500.000000	2.31707e-07	
520.000000	0.00159305	520.000000	0.00118532	520.000000	0.00118361	520.000000	0.00118217	520.000000	0.0011851 	520.000000	2.23558e-07	
540.000000	0.00156795	540.000000	0.00116881	540.000000	0.001167  	540.000000	0.00116558	540.000000	0.0011686 	540.000000	2.15986e-07	
560.000000	0.0015447 	560.000000	0.00115355	560.000000	0.00115167	560.000000	0.00115028	560.000000	0.00115334	560.000000	2.08929e-07	
580.000000	0.00152311	580.000000	0.00113941	580.000000	0.00113749	580.000000	0.00113612	580.000000	0.00113921	580.000000	2.02337e-07	
600.000000	0.00150304	600.000000	0.00112628	600.000000	0.00112435	600.000000	0.00112301	600.000000	0.00112609	600.000000	1.96164e-07	
620.000000	0.00148433	620.000000	0.00111407	620.000000	0.00111215	620.000000	0.00111083	620.000000	0.00111388	620.000000	1.90371e-07	
640.000000	0.00146687	640.000000	0.0011027 	640.000000	0.00110081	640.000000	0.0010995 	640.000000	0.00110251	640.000000	1.84924e-07	
660.000000	0.00145056	660.000000	0.00109208	660.000000	0.00109024	660.000000	0.00108895	660.000000	0.0010919 	660.000000	1.79792e-07	
680.000000	0.00143528	680.000000	0.00108216	680.000000	0.00108036	680.000000	0.00107911	680.000000	0.00108199	680.000000	1.74948e-07	
700.000000	0.00142097	700.000000	0.00107288	700.000000	0.00107118	700.000000	0.00106991	700.000000	0.00107271	700.000000	1.70369e-07	
720.000000	0.00140755	720.000000	0.00106418	720.000000	0.00106263	720.000000	0.0010613 	720.000000	0.00106401	720.000000	1.66032e-07	
740.000000	0.00139494	740.000000	0.00105602	740.000000	0.00105461	740.000000	0.00105324	740.000000	0.00105586	740.000000	1.61919e-07	
760.000000	0.00138308	760.000000	0.00104836	760.000000	0.00104705	760.000000	0.00104568	760.000000	0.0010482 	760.000000	1.58013e-07	
780.000000	0.00137193	780.000000	0.00104116	780.000000	0.00103992	780.000000	0.00103858	780.000000	0.00104101	780.000000	1.54299e-07	
800.000000	0.00136143	800.000000	0.00103439	800.000000	0.00103324	800.000000	0.00103191	800.000000	0.00103424	800.000000	1.50761e-07	
820.000000	0.00135153	820.000000	0.00102801	820.000000	0.00102695	820.000000	0.00102564	820.000000	0.00102786	820.000000	1.47389e-07	
840.000000	0.0013422 	840.000000	0.00102201	840.000000	0.00102103	840.000000	0.00101973	840.000000	0.00102186	840.000000	1.4417e-07	
860.000000	0.00133339	860.000000	0.00101634	860.000000	0.00101546	860.000000	0.00101416	860.000000	0.0010162 	860.000000	1.41094e-07	
880.000000	0.00132509	880.000000	0.001011  	880.000000	0.0010102 	880.000000	0.00100891	880.000000	0.00101086	880.000000	1.38152e-07	
900.000000	0.00131724	900.000000	0.00100596	900.000000	0.00100523	900.000000	0.00100396	900.000000	0.00100582	900.000000	1.35334e-07	
920.000000	0.00130983	920.000000	0.0010012 	920.000000	0.00100054	920.000000	0.000999282	920.000000	0.00100107	920.000000	1.32634e-07	
940.000000	0.00130282	940.000000	0.000996702	940.000000	0.000996112	940.000000	0.00099486	940.000000	0.000996572	940.000000	1.30043e-07	
960.000000	0.0012962 	960.000000	0.000992453	960.000000	0.000991922	960.000000	0.000990679	960.000000	0.000992325	960.000000	1.27556e-07	
980.000000	0.00128995	980.000000	0.000988437	980.000000	0.000987959	980.000000	0.000986723	980.000000	0.000988311	980.000000	1.25166e-07	
1000.000000	0.00128403	1000.000000	0.000984639	1000.000000	0.000984206	1000.000000	0.000982979	1000.000000	0.000984517	1000.000000	1.22867e-07	
1020.000000	0.00127844	1020.000000	0.000981049	1020.000000	0.000980653	1020.000000	0.000979433	1020.000000	0.000980928	1020.000000	1.20654e-07	
1040.000000	0.00127315	1040.000000	0.000977653	1040.000000	0.000977285	1040.000000	0.000976073	1040.000000	0.000977535	1040.000000	1.18523e-07	
1060.000000	0.00126815	1060.000000	0.000974442	1060.000000	0.000974093	1060.000000	0.000972888	1060.000000	0.000974325	1060.000000	1.16468e-07	
1080.000000	0.00126343	1080.000000	0.000971405	1080.000000	0.000971066	1080.000000	0.000969868	1080.000000	0.00097129	1080.000000	1.14487e-07	
1100.000000	0.00125897	1100.000000	0.000968532	1100.000000	0.000968195	1100.000000	0.000967003	1100.000000	0.000968419	1100.000000	1.12574e-07	
1120.000000	0.00125475	1120.000000	0.000965816	1120.000000	0.000965517	1120.000000	0.00096433	1120.000000	0.000965705	1120.000000	1.10726e-07	
1140.000000	0.00125077	1140.000000	0.000963248	1140.000000	0.000962987	1140.000000	0.000961804	1140.000000	0.000963139	1140.000000	1.08941e-07	
1160.000000	0.00124701	1160.000000	0.00096082	1160.000000	0.000960586	1160.000000	0.000959408	1160.000000	0.000960713	1160.000000	1.07214e-07	
1180.000000	0.00124346	1180.000000	0.000958526	1180.000000	0.000958308	1180.000000	0.000957135	1180.000000	0.000958421	1180.000000	1.05544e-07	
1200.000000	0.00124012	1200.000000	0.00095636	1200.000000	0.000956144	1200.000000	0.000954979	1200.000000	0.000956256	1200.000000	1.03926e-07	
1220.000000	0.00123697	1220.000000	0.000954314	1220.000000	0.000954089	1220.000000	0.000952933	1220.000000	0.000954212	1220.000000	1.0236e-07	
1240.000000	0.001234  	1240.000000	0.000952384	1240.000000	0.000952137	1240.000000	0.000950991	1240.000000	0.000952283	1240.000000	1.00841e-07	
1260.000000	0.00123122	1260.000000	0.000950563	1260.000000	0.000950287	1260.000000	0.000949149	1260.000000	0.000950464	1260.000000	9.93692e-08	
1280.000000	0.0012286 	1280.000000	0.000948847	1280.000000	0.000948535	1280.000000	0.000947402	1280.000000	0.000948749	1280.000000	9.7941e-08	
1300.000000	0.00122614	1300.000000	0.000947231	1300.000000	0.000946877	1300.000000	0.000945744	1300.000000	0.000947135	1300.000000	9.65549e-08	
1320.000000	0.00122384	1320.000000	0.000945711	1320.000000	0.00094531	1320.000000	0.000944171	1320.000000	0.000945616	1320.000000	9.5209e-08	
1340.000000	0.00122168	1340.000000	0.000944282	1340.000000	0.00094383	1340.000000	0.000942679	1340.000000	0.000944189	1340.000000	9.39015e-08	
1360.000000	0.00121967	1360.000000	0.000942941	1360.000000	0.000942431	1360.000000	0.000941264	1360.000000	0.000942848	1360.000000	9.26308e-08	
1380.000000	0.00121779	1380.000000	0.000941683	1380.000000	0.000941106	1380.000000	0.000939922	1380.000000	0.000941592	1380.000000	9.13954e-08	
1400.000000	0.00121605	1400.000000	0.000940506	1400.000000	0.00093985	1400.000000	0.000938651	1400.000000	0.000940416	1400.000000	9.01937e-08	
1420.000000	0.00121443	1420.000000	0.000939405	1420.000000	0.000938658	1420.000000	0.000937446	1420.000000	0.000939316	1420.000000	8.90244e-08	
1440.000000	0.00121293	1440.000000	0.000938378	1440.000000	0.000937527	1440.000000	0.000936305	1440.000000	0.00093829	1440.000000	8.78863e-08	
1460.000000	0.00121155	1460.000000	0.000937422	1460.000000	0.000936451	1460.000000	0.000935224	1460.000000	0.000937335	1460.000000	8.67779e-08	
1480.000000	0.00121028	1480.000000	0.000936534	1480.000000	0.00093543	1480.000000	0.000934201	1480.000000	0.000936448	1480.000000	8.56983e-08	
1500.000000	0.00120912	1500.000000	0.00093571	1500.000000	0.00093446	1500.000000	0.000933234	1500.000000	0.000935626	1500.000000	8.46462e-08	
1520.000000	0.00120806	1520.000000	0.00093495	1520.000000	0.000933541	1520.000000	0.00093232	1520.000000	0.000934866	1520.000000	8.36206e-08	
1540.000000	0.0012071 	1540.000000	0.00093425	1540.000000	0.000932672	1540.000000	0.000931456	1540.000000	0.000934167	1540.000000	8.26205e-08	
1560.000000	0.00120624	1560.000000	0.000933607	1560.000000	0.00093185	1560.000000	0.00093064	1560.000000	0.000933526	1560.000000	8.16449e-08	
1580.000000	0.00120548	1580.000000	0.000933021	1580.000000	0.000931075	1580.000000	0.000929871	1580.000000	0.00093294	1580.000000	8.0693e-08	
1600.000000	0.0012048 	1600.000000	0.000932488	1600.000000	0.000930344	1600.000000	0.000929146	1600.000000	0.000932408	1600.000000	7.97639e-08	
1620.000000	0.00120421	1620.000000	0.000932007	1620.000000	0.000929657	1620.000000	0.000928463	1620.000000	0.000931928	1620.000000	7.88568e-08	
1640.000000	0.0012037 	1640.000000	0.000931576	1640.000000	0.00092901	1640.000000	0.000927821	1640.000000	0.000931498	1640.000000	7.79708e-08	
1660.000000	0.00120328	1660.000000	0.000931193	1660.000000	0.000928404	1660.000000	0.000927217	1660.000000	0.000931116	1660.000000	7.71053e-08	
1680.000000	0.00120294	1680.000000	0.000930856	1680.000000	0.000927835	1680.000000	0.000926651	1680.000000	0.00093078	1680.000000	7.62595e-08	
1700.000000	0.00120267	1700.000000	0.000930564	1700.000000	0.000927302	1700.000000	0.000926121	1700.000000	0.000930489	1700.000000	7.54327e-08	
1750.000000	0.00120231	1750.000000	0.000930021	1750.000000	0.000926119	1750.000000	0.000924942	1750.000000	0.000929947	1750.000000	7.34451e-08	
1800.000000	0.00120238	1800.000000	0.000929726	1800.000000	0.000925129	1800.000000	0.000923956	1800.000000	0.000929654	1800.000000	7.15633e-08	
1850.000000	0.00120285	1850.000000	0.000929658	1850.000000	0.000924313	1850.000000	0.000923145	1850.000000	0.000929589	1850.000000	6.9779e-08	
1900.000000	0.00120369	1900.000000	0.000929802	1900.000000	0.000923655	1900.000000	0.000922493	1900.000000	0.000929734	1900.000000	6.80848e-08	
1950.000000	0.00120486	1950.000000	0.000930139	1950.000000	0.000923141	1950.000000	0.000921983	1950.000000	0.000930073	1950.000000	6.64738e-08	
2000.000000	0.00120636	2000.000000	0.000930656	2000.000000	0.000922756	2000.000000	0.000921604	2000.000000	0.000930591	2000.000000	6.494e-08 	
2100.000000	0.00121022	2100.000000	0.000932179	2100.000000	0.000922333	2100.000000	0.00092119	2100.000000	0.000932116	2100.000000	6.20827e-08	
2200.000000	0.00121513	2200.000000	0.000934278	2200.000000	0.000922305	2200.000000	0.000921168	2200.000000	0.000934218	2200.000000	5.94747e-08	
2300.000000	0.00122097	2300.000000	0.000936879	2300.000000	0.000922604	2300.000000	0.000921475	2300.000000	0.000936822	2300.000000	5.70844e-08	
2400.000000	0.00122763	2400.000000	0.000939918	2400.000000	0.000923178	2400.000000	0.000922054	2400.000000	0.000939864	2400.000000	5.48853e-08	
2500.000000	0.00123503	2500.000000	0.000943344	2500.000000	0.00092398	2500.000000	0.000922862	2500.000000	0.000943291	2500.000000	5.28551e-08	
2600.000000	0.00124311	2600.000000	0.000947111	2600.000000	0.000924975	2600.000000	0.000923861	2600.000000	0.00094706	2600.000000	5.09748e-08	
2700.000000	0.00125178	2700.000000	0.00095118	2700.000000	0.000926131	2700.000000	0.000925022	2700.000000	0.00095113	2700.000000	4.92283e-08	
2800.000000	0.00126101	2800.000000	0.000955519	2800.000000	0.000927422	2800.000000	0.000926317	2800.000000	0.000955471	2800.000000	4.76016e-08	
2900.000000	0.00127073	2900.000000	0.000960099	2900.000000	0.000928827	2900.000000	0.000927726	2900.000000	0.000960053	2900.000000	4.60826e-08	
3000.000000	0.00128093	3000.000000	0.000964896	3000.000000	0.000930326	3000.000000	0.000929229	3000.000000	0.000964852	3000.000000	4.46608e-08	
3200.000000	0.00130256	3200.000000	0.000975058	3200.000000	0.000933551	3200.000000	0.000932459	3200.000000	0.000975016	3200.000000	4.20736e-08	
3400.000000	0.00132567	3400.000000	0.000985861	3400.000000	0.000936995	3400.000000	0.000935909	3400.000000	0.000985821	3400.000000	3.97791e-08	
3600.000000	0.00135008	3600.000000	0.000997196	3600.000000	0.000940586	3600.000000	0.000939504	3600.000000	0.000997158	3600.000000	3.77298e-08	
3800.000000	0.00137562	3800.000000	0.00100897	3800.000000	0.000944269	3800.000000	0.000943192	3800.000000	0.00100894	3800.000000	3.5888e-08	
4000.000000	0.00140218	4000.000000	0.00102113	4000.000000	0.000948006	4000.000000	0.000946931	4000.000000	0.00102109	4000.000000	3.42233e-08	
4200.000000	0.00142967	4200.000000	0.0010336 	4200.000000	0.000951764	4200.000000	0.000950693	4200.000000	0.00103357	4200.000000	3.27112e-08	
4400.000000	0.001458  	4400.000000	0.00104634	4400.000000	0.000955523	4400.000000	0.000954454	4400.000000	0.00104631	4400.000000	3.13313e-08	
4600.000000	0.00148711	4600.000000	0.00105931	4600.000000	0.000959264	4600.000000	0.000958198	4600.000000	0.00105928	4600.000000	3.00668e-08	
4800.000000	0.00151694	4800.000000	0.00107249	4800.000000	0.000962975	4800.000000	0.000961911	4800.000000	0.00107246	4800.000000	2.89037e-08	
5000.000000	0.00154744	5000.000000	0.00108584	5000.000000	0.000966646	5000.000000	0.000965584	5000.000000	0.00108581	5000.000000	2.78302e-08	
5250.000000	0.00158645	5250.000000	0.00110274	5250.000000	0.00097117	5250.000000	0.00097011	5250.000000	0.00110272	5250.000000	2.6599e-08	
5500.000000	0.00162638	5500.000000	0.00111985	5500.000000	0.000975612	5500.000000	0.000974554	5500.000000	0.00111982	5500.000000	2.54755e-08	
6000.000000	0.00170879	6000.000000	0.00115454	6000.000000	0.000984228	6000.000000	0.000983173	6000.000000	0.00115452	6000.000000	2.34993e-08	
6500.000000	0.00179434	6500.000000	0.00118975	6500.000000	0.000992471	6500.000000	0.000991419	6500.000000	0.00118973	6500.000000	2.18162e-08	
7000.000000	0.00188277	7000.000000	0.00122533	7000.000000	0.00100034	7000.000000	0.000999292	7000.000000	0.00122531	7000.000000	2.03651e-08	
7500.000000	0.0019739 	7500.000000	0.00126119	7500.000000	0.00100785	7500.000000	0.0010068 	7500.000000	0.00126117	7500.000000	1.91005e-08	
8000.000000	0.00206758	8000.000000	0.00129727	8000.000000	0.00101502	8000.000000	0.00101397	8000.000000	0.00129725	8000.000000	1.79883e-08	
8500.000000	0.00216373	8500.000000	0.0013335 	8500.000000	0.00102186	8500.000000	0.00102081	8500.000000	0.00133349	8500.000000	1.70023e-08	
9000.000000	0.00226224	9000.000000	0.00136986	9000.000000	0.00102839	9000.000000	0.00102735	9000.000000	0.00136984	9000.000000	1.6122e-08	
9500.000000	0.00236306	9500.000000	0.0014063 	9500.000000	0.00103464	9500.000000	0.0010336 	9500.000000	0.00140629	9500.000000	1.53311e-08	
10000.000000	0.00246613	10000.000000	0.00144281	10000.000000	0.00104063	10000.000000	0.00103958	10000.000000	0.0014428 	10000.000000	1.46164e-08	
11000.000000	0.00267888	11000.000000	0.00151596	11000.000000	0.00105187	11000.000000	0.00105082	11000.000000	0.00151594	11000.000000	1.33753e-08	
12000.000000	0.00290023	12000.000000	0.00158918	12000.000000	0.0010622 	12000.000000	0.00106119	12000.000000	0.00158917	12000.000000	1.23341e-08	
13000.000000	0.00313003	13000.000000	0.00166241	13000.000000	0.00107181	13000.000000	0.00107081	13000.000000	0.0016624 	13000.000000	1.14476e-08	
14000.000000	0.00336815	14000.000000	0.0017356 	14000.000000	0.00108082	14000.000000	0.00107976	14000.000000	0.00173559	14000.000000	1.06835e-08	
15000.000000	0.00361453	15000.000000	0.00180872	15000.000000	0.00108927	15000.000000	0.00108813	15000.000000	0.00180871	15000.000000	1.00178e-08	
16000.000000	0.00386912	16000.000000	0.00188176	16000.000000	0.00109718	16000.000000	0.00109597	16000.000000	0.00188175	16000.000000	9.43248e-09	
17000.000000	0.00413189	17000.000000	0.00195468	17000.000000	0.00110457	17000.000000	0.00110335	17000.000000	0.00195468	17000.000000	8.91371e-09	
18000.000000	0.00440282	18000.000000	0.0020275 	18000.000000	0.0011115 	18000.000000	0.00111031	18000.000000	0.00202749	18000.000000	8.45063e-09	
19000.000000	0.00468192	19000.000000	0.0021002 	19000.000000	0.00111802	19000.000000	0.0011169 	19000.000000	0.00210019	19000.000000	8.03465e-09	
20000.000000	0.00496918	20000.000000	0.00217277	20000.000000	0.00112417	20000.000000	0.00112315	20000.000000	0.00217277	20000.000000	7.65887e-09	
21000.000000	0.00526463	21000.000000	0.00224523	21000.000000	0.00113003	21000.000000	0.00112909	21000.000000	0.00224522	21000.000000	7.31767e-09	
22000.000000	0.00556827	22000.000000	0.00231756	22000.000000	0.00113568	22000.000000	0.00113474	22000.000000	0.00231755	22000.000000	7.00644e-09	
23000.000000	0.00588012	23000.000000	0.00238977	23000.000000	0.00114109	23000.000000	0.00114014	23000.000000	0.00238976	23000.000000	6.72137e-09	
24000.000000	0.00620022	24000.000000	0.00246186	24000.000000	0.00114625	24000.000000	0.00114531	24000.000000	0.00246185	24000.000000	6.45926e-09	
25000.000000	0.00652859	25000.000000	0.00253383	25000.000000	0.00115119	25000.000000	0.00115025	25000.000000	0.00253383	25000.000000	6.21741e-09	
26000.000000	0.00686526	26000.000000	0.00260569	26000.000000	0.00115594	26000.000000	0.001155  	26000.000000	0.00260568	26000.000000	5.99354e-09	
27000.000000	0.00721027	27000.000000	0.00267742	27000.000000	0.00116051	27000.000000	0.00115956	27000.000000	0.00267742	27000.000000	5.7857e-09	
28000.000000	0.00756364	28000.000000	0.00274905	28000.000000	0.00116489	28000.000000	0.00116394	28000.000000	0.00274905	28000.000000	5.59221e-09	
29000.000000	0.00792541	29000.000000	0.00282057	29000.000000	0.0011691 	29000.000000	0.00116817	29000.000000	0.00282056	29000.000000	5.41162e-09	
30000.000000	0.00829562	30000.000000	0.00289198	30000.000000	0.00117315	30000.000000	0.00117224	30000.000000	0.00289197	30000.000000	5.24266e-09	
32000.000000	0.00906153	32000.000000	0.00303448	32000.000000	0.00118083	32000.000000	0.00117998	32000.000000	0.00303447	32000.000000	4.9354e-09	
34000.000000	0.00986168	34000.000000	0.00317658	34000.000000	0.00118802	34000.000000	0.00118722	34000.000000	0.00317658	34000.000000	4.66313e-09	
36000.000000	0.0106964 	36000.000000	0.0033183 	36000.000000	0.00119479	36000.000000	0.00119403	36000.000000	0.00331829	36000.000000	4.42013e-09	
38000.000000	0.011566  	38000.000000	0.00345964	38000.000000	0.00120118	38000.000000	0.00120044	38000.000000	0.00345964	38000.000000	4.20189e-09	
40000.000000	0.0124709 	40000.000000	0.00360064	40000.000000	0.00120722	40000.000000	0.0012065 	40000.000000	0.00360064	40000.000000	4.00477e-09	
42000.000000	0.0134115 	42000.000000	0.0037413 	42000.000000	0.00121295	42000.000000	0.00121225	42000.000000	0.0037413 	42000.000000	3.82582e-09	
44000.000000	0.014388  	44000.000000	0.00388164	44000.000000	0.00121839	44000.000000	0.00121771	44000.000000	0.00388164	44000.000000	3.66261e-09	
46000.000000	0.015401  	46000.000000	0.00402167	46000.000000	0.00122356	46000.000000	0.00122291	46000.000000	0.00402166	46000.000000	3.51315e-09	
48000.000000	0.0164507 	48000.000000	0.0041614 	48000.000000	0.0012285 	48000.000000	0.00122788	48000.000000	0.0041614 	48000.000000	3.37574e-09	
50000.000000	0.0175375 	50000.000000	0.00430085	50000.000000	0.00123321	50000.000000	0.00123262	50000.000000	0.00430085	50000.000000	3.24897e-09	
