*Energy (MeV/u)1	0 - [He-base] F.Hubert et al, AD&ND Tables 46(1990)1	Energy (MeV/u)2	1 - [H -base] J.F.Ziegler et al, Pergamon Press, NY (low energy)	Energy (MeV/u)3	2 - ATIMA 1.2  LS-theory (recommended for high energy)	Energy (MeV/u)4	3 - ATIMA 1.2  without LS-correction	Energy (MeV/u)5	4 - electrical component of [1] - J.F.Ziegler et al	Energy (MeV/u)6	5 - nuclear component of [1] - J.F.Ziegler et al	
0.001000	0.260061  	0.001000	0.0764405 	0.001000	0.0781203 	0.001000	0.0781203 	0.001000	0.0380467 	0.001000	0.0383938 	
0.002000	0.323257  	0.002000	0.0976734 	0.002000	0.100579  	0.002000	0.100579  	0.002000	0.0658402 	0.002000	0.0318331 	
0.005000	0.492492  	0.005000	0.150561  	0.005000	0.156253  	0.005000	0.156253  	0.005000	0.128976  	0.005000	0.0215845 	
0.008000	0.621196  	0.008000	0.193427  	0.008000	0.201222  	0.008000	0.201222  	0.008000	0.176658  	0.008000	0.0167687 	
0.010000	0.692422  	0.010000	0.218215  	0.010000	0.227195  	0.010000	0.227195  	0.010000	0.203496  	0.010000	0.0147186 	
0.015000	0.882554  	0.015000	0.275513  	0.015000	0.283064  	0.015000	0.283064  	0.015000	0.264073  	0.015000	0.0114398 	
0.020000	1.04178   	0.020000	0.32481   	0.020000	0.330633  	0.020000	0.330633  	0.020000	0.315343  	0.020000	0.00946746	
0.025000	1.17761   	0.025000	0.3674    	0.025000	0.373126  	0.025000	0.373126  	0.025000	0.359268  	0.025000	0.00813216	
0.030000	1.29408   	0.030000	0.404151  	0.030000	0.409421  	0.030000	0.409421  	0.030000	0.396991  	0.030000	0.00716003	
0.035000	1.39364   	0.035000	0.435722  	0.035000	0.440843  	0.035000	0.440843  	0.035000	0.429365  	0.035000	0.00635755	
0.040000	1.47799   	0.040000	0.462907  	0.040000	0.468118  	0.040000	0.468118  	0.040000	0.457133  	0.040000	0.00577461	
0.045000	1.54849   	0.045000	0.486275  	0.045000	0.491729  	0.045000	0.491729  	0.045000	0.480976  	0.045000	0.00529902	
0.050000	1.60637   	0.050000	0.506423  	0.050000	0.512189  	0.050000	0.512189  	0.050000	0.501521  	0.050000	0.00490279	
0.055000	1.6528    	0.055000	0.523891  	0.055000	0.52997   	0.055000	0.52997   	0.055000	0.519324  	0.055000	0.004567  	
0.060000	1.68898   	0.060000	0.539151  	0.060000	0.545493  	0.060000	0.545493  	0.060000	0.534872  	0.060000	0.00427841	
0.070000	1.73525   	0.070000	0.564575  	0.070000	0.571192  	0.070000	0.571192  	0.070000	0.560768  	0.070000	0.0038069 	
0.080000	1.75416   	0.080000	0.585099  	0.080000	0.591619  	0.080000	0.591619  	0.080000	0.581662  	0.080000	0.00343692	
0.090000	1.75368   	0.090000	0.60225   	0.090000	0.608367  	0.090000	0.608367  	0.090000	0.599112  	0.090000	0.00313805	
0.100000	1.74033   	0.100000	0.616955  	0.100000	0.62247   	0.100000	0.62247   	0.100000	0.614064  	0.100000	0.00289108	
0.120000	1.69351   	0.120000	0.641021  	0.120000	0.645094  	0.120000	0.645094  	0.120000	0.638515  	0.120000	0.00250561	
0.140000	1.63823   	0.140000	0.659606  	0.140000	0.662299  	0.140000	0.662299  	0.140000	0.657388  	0.140000	0.00221751	
0.160000	1.58493   	0.160000	0.673721  	0.160000	0.675283  	0.160000	0.675283  	0.160000	0.671728  	0.160000	0.00199326	
0.180000	1.5369    	0.180000	0.683994  	0.180000	0.684705  	0.180000	0.684705  	0.180000	0.682181  	0.180000	0.0018133 	
0.200000	1.49438   	0.200000	0.690939  	0.200000	0.691048  	0.200000	0.691048  	0.200000	0.689274  	0.200000	0.00166538	
0.250000	1.40661   	0.250000	0.696716  	0.250000	0.696099  	0.250000	0.696099  	0.250000	0.695327  	0.250000	0.00138893	
0.300000	1.33494   	0.300000	0.690724  	0.300000	0.690019  	0.300000	0.690019  	0.300000	0.689528  	0.300000	0.00119599	
0.350000	1.27175   	0.350000	0.677556  	0.350000	0.677038  	0.350000	0.677038  	0.350000	0.676503  	0.350000	0.00105307	
0.400000	1.21388   	0.400000	0.660352  	0.400000	0.660116  	0.400000	0.660116  	0.400000	0.659409  	0.400000	0.000942613	
0.450000	1.16014   	0.450000	0.641154  	0.450000	0.641214  	0.450000	0.641214  	0.450000	0.6403    	0.450000	0.000854482	
0.500000	1.11007   	0.500000	0.621249  	0.500000	0.621581  	0.500000	0.621581  	0.500000	0.620467  	0.500000	0.0007824 	
0.600000	1.0201    	0.600000	0.582123  	0.600000	0.582893  	0.600000	0.582893  	0.600000	0.581451  	0.600000	0.000671276	
0.700000	0.942425  	0.700000	0.546008  	0.700000	0.54708   	0.700000	0.54708   	0.700000	0.545419  	0.700000	0.000589348	
0.800000	0.875364  	0.800000	0.513648  	0.800000	0.514916  	0.800000	0.514916  	0.800000	0.513122  	0.800000	0.000526268	
0.900000	0.817235  	0.900000	0.484924  	0.900000	0.486312  	0.900000	0.486312  	0.900000	0.484448  	0.900000	0.000476095	
1.000000	0.76653   	1.000000	0.459442  	1.000000	0.460899  	1.000000	0.460899  	1.000000	0.459007  	1.000000	0.000435169	
1.250000	0.664497  	1.250000	0.407106  	1.250000	0.408602  	1.250000	0.408602  	1.250000	0.406746  	1.250000	0.000359459	
1.500000	0.587454  	1.500000	0.366683  	1.500000	0.368126  	1.500000	0.368126  	1.500000	0.366376  	1.500000	0.000307259	
1.750000	0.527114  	1.750000	0.334449  	1.750000	0.335805  	1.750000	0.335805  	1.750000	0.33418   	1.750000	0.000268953	
2.000000	0.478484  	2.000000	0.308065  	2.000000	0.309324  	2.000000	0.309324  	2.000000	0.307825  	2.000000	0.000239569	
2.250000	0.438402  	2.250000	0.286019  	2.250000	0.287183  	2.250000	0.287183  	2.250000	0.285803  	2.250000	0.000216271	
2.500000	0.397981  	2.500000	0.267292  	2.500000	0.268365  	2.500000	0.268365  	2.500000	0.267095  	2.500000	0.000197317	
3.000000	0.347377  	3.000000	0.237125  	3.000000	0.238037  	3.000000	0.238037  	3.000000	0.236956  	3.000000	0.000168286	
3.500000	0.309018  	3.500000	0.213828  	3.500000	0.214607  	3.500000	0.214607  	3.500000	0.213681  	3.500000	0.000147039	
4.000000	0.278849  	4.000000	0.195254  	4.000000	0.195922  	4.000000	0.195922  	4.000000	0.195123  	4.000000	0.000130777	
4.500000	0.254448  	4.500000	0.180072  	4.500000	0.180647  	4.500000	0.180647  	4.500000	0.179954  	4.500000	0.000117906	
5.000000	0.234271  	5.000000	0.167408  	5.000000	0.167906  	5.000000	0.167906  	5.000000	0.1673    	5.000000	0.000107452	
5.500000	0.217287  	5.500000	0.156666  	5.500000	0.157099  	5.500000	0.157099  	5.500000	0.156568  	5.500000	9.8783e-05	
6.000000	0.202778  	6.000000	0.147428  	6.000000	0.147804  	6.000000	0.147804  	6.000000	0.147336  	6.000000	9.1471e-05	
6.500000	0.190229  	6.500000	0.139385  	6.500000	0.139713  	6.500000	0.139713  	6.500000	0.1393    	6.500000	8.52159e-05	
7.000000	0.179261  	7.000000	0.132313  	7.000000	0.132598  	7.000000	0.132598  	7.000000	0.132233  	7.000000	7.98006e-05	
7.500000	0.169585  	7.500000	0.126037  	7.500000	0.126286  	7.500000	0.126286  	7.500000	0.125962  	7.500000	7.50641e-05	
8.000000	0.160983  	8.000000	0.120425  	8.000000	0.120641  	8.000000	0.120641  	8.000000	0.120354  	8.000000	7.08843e-05	
8.500000	0.153281  	8.500000	0.115371  	8.500000	0.115559  	8.500000	0.115559  	8.500000	0.115304  	8.500000	6.71671e-05	
9.000000	0.146342  	9.000000	0.110794  	9.000000	0.110955  	9.000000	0.110955  	9.000000	0.11073   	9.000000	6.38385e-05	
9.500000	0.140056  	9.500000	0.106624  	9.500000	0.106763  	9.500000	0.106763  	9.500000	0.106563  	9.500000	6.08396e-05	
10.000000	0.134332  	10.000000	0.103421  	10.000000	0.102926  	10.000000	0.102926  	10.000000	0.103363  	10.000000	5.8123e-05	
11.000000	0.124293  	11.000000	0.0966603 	11.000000	0.0961005 	11.000000	0.0961081 	11.000000	0.0966069 	11.000000	5.33887e-05	
12.000000	0.115766  	12.000000	0.0907766 	12.000000	0.0902206 	12.000000	0.0902333 	12.000000	0.0907272 	12.000000	4.93996e-05	
13.000000	0.10843   	13.000000	0.0856119 	13.000000	0.0850955 	13.000000	0.0851096 	13.000000	0.0855659 	13.000000	4.59902e-05	
14.000000	0.102046  	14.000000	0.0810429 	14.000000	0.0805788 	14.000000	0.0805923 	14.000000	0.0809998 	14.000000	4.30409e-05	
15.000000	0.0964373 	15.000000	0.0769722 	15.000000	0.0765598 	15.000000	0.0765731 	15.000000	0.0769317 	15.000000	4.04633e-05	
16.000000	0.0914683 	16.000000	0.0733225 	16.000000	0.072956  	16.000000	0.0729688 	16.000000	0.0732843 	16.000000	3.81902e-05	
17.000000	0.0870336 	17.000000	0.0700313 	17.000000	0.0697032 	17.000000	0.0697144 	17.000000	0.0699951 	17.000000	3.61699e-05	
18.000000	0.0830499 	18.000000	0.0670481 	18.000000	0.0667495 	18.000000	0.066758  	18.000000	0.0670137 	18.000000	3.43619e-05	
19.000000	0.0794505 	19.000000	0.0643312 	19.000000	0.0640517 	19.000000	0.0640579 	19.000000	0.0642985 	19.000000	3.27339e-05	
20.000000	0.0761814 	20.000000	0.0618462 	20.000000	0.0615739 	20.000000	0.06158   	20.000000	0.0618149 	20.000000	3.12599e-05	
21.000000	0.0731983 	21.000000	0.0595644 	21.000000	0.0592896 	21.000000	0.0592963 	21.000000	0.0595345 	21.000000	2.99187e-05	
22.000000	0.0704645 	22.000000	0.0574615 	22.000000	0.0571783 	22.000000	0.0571834 	22.000000	0.0574328 	22.000000	2.86929e-05	
23.000000	0.0679494 	23.000000	0.0555172 	23.000000	0.0552202 	23.000000	0.0552217 	23.000000	0.0554896 	23.000000	2.7568e-05	
24.000000	0.0656275 	24.000000	0.0537139 	24.000000	0.0533966 	24.000000	0.0533945 	24.000000	0.0536874 	24.000000	2.65318e-05	
25.000000	0.0634767 	25.000000	0.0520367 	25.000000	0.0516929 	25.000000	0.0516876 	25.000000	0.0520111 	25.000000	2.55741e-05	
27.000000	0.059617  	27.000000	0.0490104 	27.000000	0.0486012 	27.000000	0.0485878 	27.000000	0.0489866 	27.000000	2.38606e-05	
29.000000	0.0562503 	29.000000	0.0463541 	29.000000	0.0458597 	29.000000	0.0458431 	29.000000	0.0463317 	29.000000	2.23713e-05	
31.000000	0.0532862 	31.000000	0.0440029 	31.000000	0.043498  	31.000000	0.0434805 	31.000000	0.0439818 	31.000000	2.10645e-05	
33.000000	0.0506553 	33.000000	0.0419066 	33.000000	0.0414739 	33.000000	0.0414509 	33.000000	0.0418867 	33.000000	1.9908e-05	
35.000000	0.0483035 	35.000000	0.0400254 	35.000000	0.0396498 	35.000000	0.039628  	35.000000	0.0400066 	35.000000	1.8877e-05	
38.000000	0.0452074 	38.000000	0.0375389 	38.000000	0.0372406 	38.000000	0.0372153 	38.000000	0.0375214 	38.000000	1.7524e-05	
41.000000	0.042533  	41.000000	0.0353824 	41.000000	0.0351451 	41.000000	0.0351193 	41.000000	0.0353661 	41.000000	1.63593e-05	
44.000000	0.0401982 	44.000000	0.0334936 	44.000000	0.033303  	44.000000	0.0332801 	44.000000	0.0334783 	44.000000	1.53457e-05	
47.000000	0.038141  	47.000000	0.0318251 	47.000000	0.0316784 	47.000000	0.0316524 	47.000000	0.0318106 	47.000000	1.44552e-05	
50.000000	0.0363137 	50.000000	0.0303398 	50.000000	0.0302271 	50.000000	0.0302008 	50.000000	0.0303262 	50.000000	1.36664e-05	
55.000000	0.0336818 	55.000000	0.0281959 	55.000000	0.0281291 	55.000000	0.0281006 	55.000000	0.0281834 	55.000000	1.2534e-05	
60.000000	0.0314596 	60.000000	0.0263821 	60.000000	0.0263449 	60.000000	0.0263186 	60.000000	0.0263706 	60.000000	1.15814e-05	
65.000000	0.0295567 	65.000000	0.0248269 	65.000000	0.0248136 	65.000000	0.0247866 	65.000000	0.0248162 	65.000000	1.07687e-05	
70.000000	0.0279075 	70.000000	0.0234781 	70.000000	0.0234819 	70.000000	0.0234545 	70.000000	0.0234681 	70.000000	1.00666e-05	
75.000000	0.0264636 	75.000000	0.0222968 	75.000000	0.0223102 	75.000000	0.022285  	75.000000	0.0222873 	75.000000	9.45389e-06	
80.000000	0.0251881 	80.000000	0.0212532 	80.000000	0.021277  	80.000000	0.0212496 	80.000000	0.0212443 	80.000000	8.91419e-06	
85.000000	0.0240526 	85.000000	0.0203243 	85.000000	0.0203522 	85.000000	0.0203263 	85.000000	0.0203159 	85.000000	8.43507e-06	
90.000000	0.0230346 	90.000000	0.0194921 	90.000000	0.0195222 	90.000000	0.0194974 	90.000000	0.0194841 	90.000000	8.00674e-06	
95.000000	0.0221166 	95.000000	0.018742  	95.000000	0.0187756 	95.000000	0.018749  	95.000000	0.0187344 	95.000000	7.62144e-06	
100.000000	0.0212841 	100.000000	0.0180624 	100.000000	0.0180953 	100.000000	0.0180698 	100.000000	0.0180551 	100.000000	7.2729e-06	
105.000000	0.0205254 	105.000000	0.0174437 	105.000000	0.017475  	105.000000	0.0174506 	105.000000	0.0174367 	105.000000	6.95605e-06	
110.000000	0.0198309 	110.000000	0.0168779 	110.000000	0.0169067 	110.000000	0.0168835 	110.000000	0.0168712 	110.000000	6.66669e-06	
115.000000	0.0191926 	115.000000	0.0163585 	115.000000	0.0163864 	115.000000	0.0163623 	115.000000	0.0163521 	115.000000	6.40136e-06	
120.000000	0.0186038 	120.000000	0.01588   	120.000000	0.0159061 	120.000000	0.0158816 	120.000000	0.0158739 	120.000000	6.15713e-06	
125.000000	0.0180588 	125.000000	0.0154377 	125.000000	0.0154599 	125.000000	0.0154367 	125.000000	0.0154318 	125.000000	5.93156e-06	
130.000000	0.0175527 	130.000000	0.0150276 	130.000000	0.0150463 	130.000000	0.0150237 	130.000000	0.0150219 	130.000000	5.72256e-06	
135.000000	0.0170815 	135.000000	0.0146463 	135.000000	0.014663  	135.000000	0.0146394 	135.000000	0.0146407 	135.000000	5.52835e-06	
140.000000	0.0166416 	140.000000	0.0142908 	140.000000	0.0143045 	140.000000	0.0142809 	140.000000	0.0142854 	140.000000	5.34738e-06	
145.000000	0.0162298 	145.000000	0.0139585 	145.000000	0.0139683 	145.000000	0.0139455 	145.000000	0.0139534 	145.000000	5.17834e-06	
150.000000	0.0158434 	150.000000	0.0136474 	150.000000	0.0136534 	150.000000	0.0136311 	150.000000	0.0136424 	150.000000	5.02007e-06	
155.000000	0.0152995 	155.000000	0.0133553 	155.000000	0.0133574 	155.000000	0.0133359 	155.000000	0.0133504 	155.000000	4.87155e-06	
160.000000	0.0149807 	160.000000	0.0130807 	160.000000	0.0130793 	160.000000	0.013058  	160.000000	0.0130759 	160.000000	4.7319e-06	
165.000000	0.01468   	165.000000	0.0128219 	165.000000	0.0128182 	165.000000	0.0127961 	165.000000	0.0128173 	165.000000	4.60034e-06	
170.000000	0.014396  	170.000000	0.0125776 	170.000000	0.0125709 	170.000000	0.0125487 	170.000000	0.0125731 	170.000000	4.47618e-06	
175.000000	0.0141273 	175.000000	0.0123467 	175.000000	0.0123363 	175.000000	0.0123148 	175.000000	0.0123423 	175.000000	4.35879e-06	
180.000000	0.0138726 	180.000000	0.012128  	180.000000	0.0121142 	180.000000	0.0120931 	180.000000	0.0121238 	180.000000	4.24764e-06	
185.000000	0.0136309 	185.000000	0.0119207 	185.000000	0.0119034 	185.000000	0.0118829 	185.000000	0.0119165 	185.000000	4.14224e-06	
190.000000	0.0134012 	190.000000	0.0117238 	190.000000	0.0117032 	190.000000	0.0116832 	190.000000	0.0117198 	190.000000	4.04213e-06	
195.000000	0.0131826 	195.000000	0.0115366 	195.000000	0.0115133 	195.000000	0.0114932 	195.000000	0.0115327 	195.000000	3.94694e-06	
200.000000	0.0129743 	200.000000	0.0113584 	200.000000	0.0113331 	200.000000	0.0113124 	200.000000	0.0113546 	200.000000	3.85629e-06	
210.000000	0.0125859 	210.000000	0.0110265 	210.000000	0.0109957 	210.000000	0.0109753 	210.000000	0.0110228 	210.000000	3.6874e-06	
220.000000	0.0122308 	220.000000	0.0107237 	220.000000	0.0106874 	220.000000	0.0106677 	220.000000	0.0107202 	220.000000	3.5332e-06	
230.000000	0.0119051 	230.000000	0.0104464 	230.000000	0.0104047 	230.000000	0.0103859 	230.000000	0.010443  	230.000000	3.39185e-06	
240.000000	0.011605  	240.000000	0.0101914 	240.000000	0.0101461 	240.000000	0.0101267 	240.000000	0.0101881 	240.000000	3.26177e-06	
250.000000	0.0113278 	250.000000	0.00995618	250.000000	0.00990705	250.000000	0.00988763	250.000000	0.00995303	250.000000	3.14165e-06	
260.000000	0.0110709 	260.000000	0.00973857	260.000000	0.00968517	260.000000	0.00966641	260.000000	0.00973554	260.000000	3.03039e-06	
270.000000	0.0108321 	270.000000	0.00953666	270.000000	0.00947941	270.000000	0.00946116	270.000000	0.00953373	270.000000	2.92702e-06	
280.000000	0.0106096 	280.000000	0.00934884	280.000000	0.00928803	280.000000	0.00927022	280.000000	0.00934601	280.000000	2.83072e-06	
290.000000	0.0104018 	290.000000	0.00917369	290.000000	0.00911053	290.000000	0.0090922 	290.000000	0.00917095	290.000000	2.74079e-06	
300.000000	0.0102073 	300.000000	0.00900999	300.000000	0.00894423	300.000000	0.00892584	300.000000	0.00900733	300.000000	2.6566e-06	
310.000000	0.0100248 	310.000000	0.00885667	310.000000	0.00878796	310.000000	0.00877008	310.000000	0.0088541 	310.000000	2.57761e-06	
320.000000	0.00985322	320.000000	0.0087128 	320.000000	0.00864125	320.000000	0.00862371	320.000000	0.0087103 	320.000000	2.50335e-06	
330.000000	0.00969171	330.000000	0.00857754	330.000000	0.00850322	330.000000	0.00848613	330.000000	0.0085751 	330.000000	2.43341e-06	
340.000000	0.00953938	340.000000	0.00845015	340.000000	0.00837353	340.000000	0.0083566 	340.000000	0.00844778	340.000000	2.36741e-06	
350.000000	0.00939548	350.000000	0.00832999	350.000000	0.00825181	350.000000	0.00823445	350.000000	0.00832769	350.000000	2.30502e-06	
360.000000	0.00925933	360.000000	0.00821648	360.000000	0.00813659	360.000000	0.00811911	360.000000	0.00821423	360.000000	2.24596e-06	
370.000000	0.00913034	370.000000	0.00810908	370.000000	0.00802715	370.000000	0.00801002	370.000000	0.00810689	370.000000	2.18995e-06	
380.000000	0.00900798	380.000000	0.00800734	380.000000	0.00792355	380.000000	0.00790673	380.000000	0.00800521	380.000000	2.13677e-06	
390.000000	0.00889175	390.000000	0.00791084	390.000000	0.00782537	390.000000	0.00780879	390.000000	0.00790875	390.000000	2.08621e-06	
400.000000	0.00878122	400.000000	0.00781919	400.000000	0.00773207	400.000000	0.00771582	400.000000	0.00781715	400.000000	2.03807e-06	
410.000000	0.00867599	410.000000	0.00773205	410.000000	0.00764356	410.000000	0.00762748	410.000000	0.00773006	410.000000	1.99218e-06	
420.000000	0.0085757 	420.000000	0.00764911	420.000000	0.00755976	420.000000	0.00754343	420.000000	0.00764716	420.000000	1.94839e-06	
430.000000	0.00848002	430.000000	0.00757008	430.000000	0.00748001	430.000000	0.00746339	430.000000	0.00756817	430.000000	1.90655e-06	
440.000000	0.00838866	440.000000	0.00749471	440.000000	0.00740365	440.000000	0.0073871 	440.000000	0.00749284	440.000000	1.86653e-06	
450.000000	0.00830134	450.000000	0.00742275	450.000000	0.00733058	450.000000	0.00731431	450.000000	0.00742093	450.000000	1.82822e-06	
460.000000	0.00821781	460.000000	0.00735401	460.000000	0.00726084	460.000000	0.00724479	460.000000	0.00735222	460.000000	1.79151e-06	
470.000000	0.00813784	470.000000	0.00728827	470.000000	0.00719424	470.000000	0.00717836	470.000000	0.00728651	470.000000	1.75629e-06	
480.000000	0.00806122	480.000000	0.00722535	480.000000	0.00713049	480.000000	0.00711481	480.000000	0.00722363	480.000000	1.72249e-06	
490.000000	0.00798775	490.000000	0.00716509	490.000000	0.00706943	490.000000	0.00705399	490.000000	0.0071634 	490.000000	1.69e-06  	
500.000000	0.00791726	500.000000	0.00710733	500.000000	0.00701105	500.000000	0.00699572	500.000000	0.00710567	500.000000	1.65876e-06	
520.000000	0.00778455	520.000000	0.00699875	520.000000	0.00690198	520.000000	0.00688627	520.000000	0.00699715	520.000000	1.59975e-06	
540.000000	0.00766189	540.000000	0.0068986 	540.000000	0.00680119	540.000000	0.00678544	540.000000	0.00689706	540.000000	1.54493e-06	
560.000000	0.00754827	560.000000	0.006806  	560.000000	0.00670768	560.000000	0.00669231	560.000000	0.00680451	560.000000	1.49388e-06	
580.000000	0.00744279	580.000000	0.00672019	580.000000	0.00662124	580.000000	0.0066061 	580.000000	0.00671875	580.000000	1.4462e-06	
600.000000	0.00734469	600.000000	0.00664052	600.000000	0.00654096	600.000000	0.00652613	600.000000	0.00663912	600.000000	1.40158e-06	
620.000000	0.00725328	620.000000	0.0065664 	620.000000	0.00646646	620.000000	0.0064518 	620.000000	0.00656504	620.000000	1.35972e-06	
640.000000	0.00716797	640.000000	0.00649732	640.000000	0.0063975 	640.000000	0.0063826 	640.000000	0.006496  	640.000000	1.32038e-06	
660.000000	0.00708823	660.000000	0.00643285	660.000000	0.00633315	660.000000	0.00631805	660.000000	0.00643157	660.000000	1.28332e-06	
680.000000	0.00701361	680.000000	0.00637259	680.000000	0.0062727 	680.000000	0.00625776	680.000000	0.00637134	680.000000	1.24836e-06	
700.000000	0.00694367	700.000000	0.00631618	700.000000	0.00621605	700.000000	0.00620136	700.000000	0.00631497	700.000000	1.21532e-06	
720.000000	0.00687806	720.000000	0.00626332	720.000000	0.00616305	720.000000	0.00614852	720.000000	0.00626213	720.000000	1.18405e-06	
740.000000	0.00681644	740.000000	0.00621372	740.000000	0.00611333	740.000000	0.00609897	740.000000	0.00621256	740.000000	1.15439e-06	
760.000000	0.00675851	760.000000	0.00616713	760.000000	0.00606658	760.000000	0.00605243	760.000000	0.006166  	760.000000	1.12624e-06	
780.000000	0.00670401	780.000000	0.00612332	780.000000	0.00602271	780.000000	0.00600867	780.000000	0.00612222	780.000000	1.09947e-06	
800.000000	0.00665269	800.000000	0.00608211	800.000000	0.00598163	800.000000	0.0059675 	800.000000	0.00608103	800.000000	1.074e-06 	
820.000000	0.00660433	820.000000	0.00604328	820.000000	0.00594303	820.000000	0.00592871	820.000000	0.00604224	820.000000	1.04971e-06	
840.000000	0.00655873	840.000000	0.0060067 	840.000000	0.00590656	840.000000	0.00589213	840.000000	0.00600567	840.000000	1.02654e-06	
860.000000	0.00651572	860.000000	0.00597219	860.000000	0.00587197	860.000000	0.00585761	860.000000	0.00597118	860.000000	1.0044e-06	
880.000000	0.00647511	880.000000	0.00593962	880.000000	0.00583921	880.000000	0.005825  	880.000000	0.00593864	880.000000	9.8323e-07	
900.000000	0.00643677	900.000000	0.00590887	900.000000	0.00580823	900.000000	0.00579418	900.000000	0.0059079 	900.000000	9.62964e-07	
920.000000	0.00640055	920.000000	0.00587982	920.000000	0.00577895	920.000000	0.00576502	920.000000	0.00587887	920.000000	9.43546e-07	
940.000000	0.00636633	940.000000	0.00585236	940.000000	0.00575126	940.000000	0.00573742	940.000000	0.00585143	940.000000	9.24921e-07	
960.000000	0.00633399	960.000000	0.00582639	960.000000	0.00572504	960.000000	0.00571128	960.000000	0.00582549	960.000000	9.07043e-07	
980.000000	0.00630341	980.000000	0.00580184	980.000000	0.00570019	980.000000	0.0056865 	980.000000	0.00580095	980.000000	8.89867e-07	
1000.000000	0.0062745 	1000.000000	0.00577861	1000.000000	0.00567661	1000.000000	0.005663  	1000.000000	0.00577773	1000.000000	8.73351e-07	
1020.000000	0.00624718	1020.000000	0.00575662	1020.000000	0.00565422	1020.000000	0.00564071	1020.000000	0.00575576	1020.000000	8.57458e-07	
1040.000000	0.00622134	1040.000000	0.00573582	1040.000000	0.00563295	1040.000000	0.00561955	1040.000000	0.00573497	1040.000000	8.42153e-07	
1060.000000	0.00619692	1060.000000	0.00571612	1060.000000	0.00561274	1060.000000	0.00559945	1060.000000	0.0057153 	1060.000000	8.27403e-07	
1080.000000	0.00617383	1080.000000	0.00569748	1080.000000	0.00559355	1080.000000	0.00558035	1080.000000	0.00569667	1080.000000	8.13179e-07	
1100.000000	0.00615202	1100.000000	0.00567984	1100.000000	0.00557536	1100.000000	0.0055622 	1100.000000	0.00567904	1100.000000	7.99452e-07	
1120.000000	0.00613141	1120.000000	0.00566313	1120.000000	0.00555813	1120.000000	0.00554495	1120.000000	0.00566235	1120.000000	7.86196e-07	
1140.000000	0.00611195	1140.000000	0.00564733	1140.000000	0.00554179	1140.000000	0.00552853	1140.000000	0.00564655	1140.000000	7.73388e-07	
1160.000000	0.00609359	1160.000000	0.00563237	1160.000000	0.00552627	1160.000000	0.00551291	1160.000000	0.00563161	1160.000000	7.61005e-07	
1180.000000	0.00607626	1180.000000	0.00561822	1180.000000	0.0055115 	1180.000000	0.00549805	1180.000000	0.00561747	1180.000000	7.49026e-07	
1200.000000	0.00605992	1200.000000	0.00560484	1200.000000	0.00549741	1200.000000	0.0054839 	1200.000000	0.0056041 	1200.000000	7.3743e-07	
1220.000000	0.00604453	1220.000000	0.00559218	1220.000000	0.00548395	1220.000000	0.00547043	1220.000000	0.00559146	1220.000000	7.26201e-07	
1240.000000	0.00603004	1240.000000	0.00558023	1240.000000	0.00547108	1240.000000	0.0054576 	1240.000000	0.00557951	1240.000000	7.1532e-07	
1260.000000	0.00601642	1260.000000	0.00556894	1260.000000	0.0054588 	1260.000000	0.00544539	1260.000000	0.00556823	1260.000000	7.04771e-07	
1280.000000	0.00600361	1280.000000	0.00555828	1280.000000	0.00544709	1280.000000	0.00543374	1280.000000	0.00555758	1280.000000	6.94539e-07	
1300.000000	0.0059916 	1300.000000	0.00554822	1300.000000	0.00543592	1300.000000	0.00542265	1300.000000	0.00554754	1300.000000	6.84611e-07	
1320.000000	0.00598035	1320.000000	0.00553874	1320.000000	0.00542529	1320.000000	0.00541209	1320.000000	0.00553807	1320.000000	6.74971e-07	
1340.000000	0.00596982	1340.000000	0.00552981	1340.000000	0.00541517	1340.000000	0.00540202	1340.000000	0.00552915	1340.000000	6.65609e-07	
1360.000000	0.00595998	1360.000000	0.00552142	1360.000000	0.00540553	1360.000000	0.00539242	1360.000000	0.00552076	1360.000000	6.56512e-07	
1380.000000	0.00595082	1380.000000	0.00551352	1380.000000	0.00539635	1380.000000	0.00538328	1380.000000	0.00551287	1380.000000	6.47668e-07	
1400.000000	0.00594229	1400.000000	0.00550611	1400.000000	0.00538759	1400.000000	0.00537456	1400.000000	0.00550547	1400.000000	6.39068e-07	
1420.000000	0.00593438	1420.000000	0.00549917	1420.000000	0.00537925	1420.000000	0.00536626	1420.000000	0.00549854	1420.000000	6.307e-07 	
1440.000000	0.00592706	1440.000000	0.00549267	1440.000000	0.00537129	1440.000000	0.00535835	1440.000000	0.00549204	1440.000000	6.22557e-07	
1460.000000	0.00592031	1460.000000	0.00548659	1460.000000	0.0053637 	1460.000000	0.00535081	1460.000000	0.00548598	1460.000000	6.14628e-07	
1480.000000	0.0059141 	1480.000000	0.00548093	1480.000000	0.00535647	1480.000000	0.00534363	1480.000000	0.00548032	1480.000000	6.06905e-07	
1500.000000	0.00590843	1500.000000	0.00547566	1500.000000	0.00534957	1500.000000	0.00533679	1500.000000	0.00547506	1500.000000	5.99381e-07	
1520.000000	0.00590326	1520.000000	0.00547076	1520.000000	0.00534301	1520.000000	0.00533027	1520.000000	0.00547017	1520.000000	5.92047e-07	
1540.000000	0.00589859	1540.000000	0.00546624	1540.000000	0.00533677	1540.000000	0.00532407	1540.000000	0.00546565	1540.000000	5.84896e-07	
1560.000000	0.00589438	1560.000000	0.00546206	1560.000000	0.00533084	1560.000000	0.00531817	1560.000000	0.00546148	1560.000000	5.77922e-07	
1580.000000	0.00589064	1580.000000	0.00545822	1580.000000	0.00532521	1580.000000	0.00531255	1580.000000	0.00545764	1580.000000	5.71118e-07	
1600.000000	0.00588733	1600.000000	0.0054547 	1600.000000	0.00531986	1600.000000	0.00530721	1600.000000	0.00545413	1600.000000	5.64478e-07	
1620.000000	0.00588445	1620.000000	0.00545149	1620.000000	0.0053148 	1620.000000	0.00530213	1620.000000	0.00545093	1620.000000	5.57996e-07	
1640.000000	0.00588198	1640.000000	0.00544859	1640.000000	0.00531   	1640.000000	0.0052973 	1640.000000	0.00544804	1640.000000	5.51665e-07	
1660.000000	0.00587991	1660.000000	0.00544598	1660.000000	0.00530545	1660.000000	0.00529271	1660.000000	0.00544543	1660.000000	5.45482e-07	
1680.000000	0.00587822	1680.000000	0.00544364	1680.000000	0.00530114	1680.000000	0.00528835	1680.000000	0.0054431 	1680.000000	5.3944e-07	
1700.000000	0.00587691	1700.000000	0.00544158	1700.000000	0.00529704	1700.000000	0.00528421	1700.000000	0.00544105	1700.000000	5.33536e-07	
1750.000000	0.00587518	1750.000000	0.00543754	1750.000000	0.00528771	1750.000000	0.00527479	1750.000000	0.00543703	1750.000000	5.19343e-07	
1800.000000	0.00587553	1800.000000	0.00543501	1800.000000	0.00527954	1800.000000	0.00526656	1800.000000	0.0054345 	1800.000000	5.05909e-07	
1850.000000	0.00587781	1850.000000	0.00543385	1850.000000	0.0052724 	1850.000000	0.00525943	1850.000000	0.00543336	1850.000000	4.93175e-07	
1900.000000	0.00588189	1900.000000	0.00543396	1900.000000	0.0052662 	1900.000000	0.00525328	1900.000000	0.00543348	1900.000000	4.81087e-07	
1950.000000	0.00588764	1950.000000	0.00543524	1950.000000	0.00526089	1950.000000	0.00524804	1950.000000	0.00543477	1950.000000	4.69597e-07	
2000.000000	0.00589494	2000.000000	0.00543761	2000.000000	0.00525638	2000.000000	0.00524361	2000.000000	0.00543715	2000.000000	4.5866e-07	
2100.000000	0.00591382	2100.000000	0.00544529	2100.000000	0.00524957	2100.000000	0.00523692	2100.000000	0.00544485	2100.000000	4.38293e-07	
2200.000000	0.00593781	2200.000000	0.00545645	2200.000000	0.00524529	2200.000000	0.00523272	2200.000000	0.00545603	2200.000000	4.19712e-07	
2300.000000	0.00596634	2300.000000	0.00547064	2300.000000	0.00524312	2300.000000	0.00523061	2300.000000	0.00547024	2300.000000	4.02689e-07	
2400.000000	0.0059989 	2400.000000	0.00548748	2400.000000	0.0052427 	2400.000000	0.00523026	2400.000000	0.00548709	2400.000000	3.87035e-07	
2500.000000	0.00603508	2500.000000	0.00550665	2500.000000	0.00524376	2500.000000	0.00523138	2500.000000	0.00550628	2500.000000	3.7259e-07	
2600.000000	0.00607451	2600.000000	0.00552788	2600.000000	0.00524607	2600.000000	0.00523376	2600.000000	0.00552752	2600.000000	3.59216e-07	
2700.000000	0.0061169 	2700.000000	0.00555093	2700.000000	0.00524946	2700.000000	0.00523721	2700.000000	0.00555058	2700.000000	3.46799e-07	
2800.000000	0.00616198	2800.000000	0.00557561	2800.000000	0.00525377	2800.000000	0.00524156	2800.000000	0.00557528	2800.000000	3.35237e-07	
2900.000000	0.00620953	2900.000000	0.00560176	2900.000000	0.00525886	2900.000000	0.00524667	2900.000000	0.00560143	2900.000000	3.24445e-07	
3000.000000	0.00625933	3000.000000	0.00562921	3000.000000	0.00526461	3000.000000	0.00525244	3000.000000	0.00562889	3000.000000	3.14347e-07	
3200.000000	0.00636506	3200.000000	0.00568753	3200.000000	0.00527773	3200.000000	0.00526556	3200.000000	0.00568724	3200.000000	2.95979e-07	
3400.000000	0.00647799	3400.000000	0.00574974	3400.000000	0.00529246	3400.000000	0.00528028	3400.000000	0.00574946	3400.000000	2.797e-07 	
3600.000000	0.00659723	3600.000000	0.00581515	3600.000000	0.00530832	3600.000000	0.00529616	3600.000000	0.00581489	3600.000000	2.65168e-07	
3800.000000	0.00672205	3800.000000	0.00588325	3800.000000	0.00532498	3800.000000	0.00531283	3800.000000	0.005883  	3800.000000	2.52114e-07	
4000.000000	0.00685186	4000.000000	0.00595362	4000.000000	0.00534218	4000.000000	0.00533005	4000.000000	0.00595338	4000.000000	2.40322e-07	
4200.000000	0.00698618	4200.000000	0.0060259 	4200.000000	0.00535971	4200.000000	0.00534762	4200.000000	0.00602567	4200.000000	2.29615e-07	
4400.000000	0.00712462	4400.000000	0.00609983	4400.000000	0.00537744	4400.000000	0.00536538	4400.000000	0.00609961	4400.000000	2.19849e-07	
4600.000000	0.00726685	4600.000000	0.00617517	4600.000000	0.00539524	4600.000000	0.00538321	4600.000000	0.00617495	4600.000000	2.10903e-07	
4800.000000	0.00741261	4800.000000	0.00625172	4800.000000	0.00541304	4800.000000	0.00540104	4800.000000	0.00625152	4800.000000	2.02678e-07	
5000.000000	0.00756165	5000.000000	0.00632934	5000.000000	0.00543077	5000.000000	0.00541879	5000.000000	0.00632915	5000.000000	1.95089e-07	
5250.000000	0.00775227	5250.000000	0.00642765	5250.000000	0.00545274	5250.000000	0.0054408 	5250.000000	0.00642747	5250.000000	1.86388e-07	
5500.000000	0.0079474 	5500.000000	0.00652719	5500.000000	0.00547445	5500.000000	0.00546252	5500.000000	0.00652701	5500.000000	1.78453e-07	
6000.000000	0.00835013	6000.000000	0.00672924	6000.000000	0.00551685	6000.000000	0.00550496	6000.000000	0.00672907	6000.000000	1.64501e-07	
6500.000000	0.00876816	6500.000000	0.00693438	6500.000000	0.00555772	6500.000000	0.00554586	6500.000000	0.00693423	6500.000000	1.52629e-07	
7000.000000	0.00920027	7000.000000	0.00714182	7000.000000	0.00559697	7000.000000	0.00558514	7000.000000	0.00714167	7000.000000	1.42398e-07	
7500.000000	0.00964557	7500.000000	0.00735098	7500.000000	0.00563459	7500.000000	0.00562277	7500.000000	0.00735085	7500.000000	1.33488e-07	
8000.000000	0.0101034 	8000.000000	0.00756145	8000.000000	0.00567064	8000.000000	0.00565882	8000.000000	0.00756133	8000.000000	1.25657e-07	
8500.000000	0.0105732 	8500.000000	0.00777291	8500.000000	0.0057051 	8500.000000	0.00569333	8500.000000	0.00777279	8500.000000	1.18718e-07	
9000.000000	0.0110546 	9000.000000	0.00798511	9000.000000	0.00573804	9000.000000	0.00572639	9000.000000	0.007985  	9000.000000	1.12525e-07	
9500.000000	0.0115472 	9500.000000	0.00819788	9500.000000	0.00576964	9500.000000	0.00575808	9500.000000	0.00819777	9500.000000	1.06964e-07	
10000.000000	0.0120509 	10000.000000	0.00841105	10000.000000	0.00580002	10000.000000	0.00578849	10000.000000	0.00841095	10000.000000	1.01941e-07	
11000.000000	0.0130905 	11000.000000	0.0088382 	11000.000000	0.00585727	11000.000000	0.00584574	11000.000000	0.00883811	11000.000000	9.32234e-08	
12000.000000	0.0141722 	12000.000000	0.0092659 	12000.000000	0.00591024	12000.000000	0.00589873	12000.000000	0.00926581	12000.000000	8.59148e-08	
13000.000000	0.0152951 	13000.000000	0.0096937 	13000.000000	0.00595935	13000.000000	0.00594797	13000.000000	0.00969362	13000.000000	7.96965e-08	
14000.000000	0.0164587 	14000.000000	0.0101213 	14000.000000	0.00600504	14000.000000	0.0059939 	14000.000000	0.0101213 	14000.000000	7.43397e-08	
15000.000000	0.0176626 	15000.000000	0.0105486 	15000.000000	0.00604774	15000.000000	0.00603689	15000.000000	0.0105485 	15000.000000	6.96755e-08	
16000.000000	0.0189067 	16000.000000	0.0109754 	16000.000000	0.00608787	16000.000000	0.00607726	16000.000000	0.0109753 	16000.000000	6.55766e-08	
17000.000000	0.0201907 	17000.000000	0.0114015 	17000.000000	0.00612574	17000.000000	0.0061153 	17000.000000	0.0114015 	17000.000000	6.19454e-08	
18000.000000	0.0215147 	18000.000000	0.0118271 	18000.000000	0.00616159	18000.000000	0.00615124	18000.000000	0.011827  	18000.000000	5.87054e-08	
19000.000000	0.0228785 	19000.000000	0.012252  	19000.000000	0.00619559	19000.000000	0.00618527	19000.000000	0.0122519 	19000.000000	5.57961e-08	
20000.000000	0.0242822 	20000.000000	0.0126762 	20000.000000	0.00622793	20000.000000	0.00621759	20000.000000	0.0126761 	20000.000000	5.3169e-08	
21000.000000	0.0257259 	21000.000000	0.0130997 	21000.000000	0.00625868	21000.000000	0.00624834	21000.000000	0.0130996 	21000.000000	5.07845e-08	
22000.000000	0.0272097 	22000.000000	0.0135224 	22000.000000	0.0062878 	22000.000000	0.00627766	22000.000000	0.0135224 	22000.000000	4.86103e-08	
23000.000000	0.0287336 	23000.000000	0.0139445 	23000.000000	0.00631542	23000.000000	0.00630567	23000.000000	0.0139445 	23000.000000	4.66194e-08	
24000.000000	0.0302978 	24000.000000	0.0143659 	24000.000000	0.00634197	24000.000000	0.00633247	24000.000000	0.0143659 	24000.000000	4.47894e-08	
25000.000000	0.0319024 	25000.000000	0.0147866 	25000.000000	0.00636769	25000.000000	0.00635817	25000.000000	0.0147866 	25000.000000	4.31014e-08	
26000.000000	0.0335475 	26000.000000	0.0152066 	26000.000000	0.00639232	26000.000000	0.00638284	26000.000000	0.0152066 	26000.000000	4.15394e-08	
27000.000000	0.0352334 	27000.000000	0.015626  	27000.000000	0.00641575	27000.000000	0.00640655	27000.000000	0.015626  	27000.000000	4.00895e-08	
28000.000000	0.0369602 	28000.000000	0.0160447 	28000.000000	0.00643821	28000.000000	0.00642938	28000.000000	0.0160447 	28000.000000	3.87401e-08	
29000.000000	0.038728  	29000.000000	0.0164628 	29000.000000	0.00645991	29000.000000	0.00645139	29000.000000	0.0164627 	29000.000000	3.7481e-08	
30000.000000	0.0405371 	30000.000000	0.0168802 	30000.000000	0.0064809 	30000.000000	0.00647262	30000.000000	0.0168802 	30000.000000	3.63034e-08	
32000.000000	0.0442797 	32000.000000	0.0177133 	32000.000000	0.00652079	32000.000000	0.00651298	32000.000000	0.0177132 	32000.000000	3.41623e-08	
34000.000000	0.0481897 	34000.000000	0.018544  	34000.000000	0.00655808	34000.000000	0.00655079	34000.000000	0.018544  	34000.000000	3.22659e-08	
36000.000000	0.0522686 	36000.000000	0.0193725 	36000.000000	0.0065931 	36000.000000	0.00658635	36000.000000	0.0193725 	36000.000000	3.05741e-08	
38000.000000	0.0565181 	38000.000000	0.0201988 	38000.000000	0.00662612	38000.000000	0.0066199 	38000.000000	0.0201988 	38000.000000	2.90551e-08	
40000.000000	0.06094   	40000.000000	0.0210231 	40000.000000	0.00665734	40000.000000	0.00665164	40000.000000	0.0210231 	40000.000000	2.76837e-08	
42000.000000	0.0655361 	42000.000000	0.0218455 	42000.000000	0.00668688	42000.000000	0.00668176	42000.000000	0.0218455 	42000.000000	2.64391e-08	
44000.000000	0.0703081 	44000.000000	0.0226659 	44000.000000	0.00671489	44000.000000	0.0067104 	44000.000000	0.0226659 	44000.000000	2.53044e-08	
46000.000000	0.0752579 	46000.000000	0.0234846 	46000.000000	0.00674152	46000.000000	0.0067377 	46000.000000	0.0234846 	46000.000000	2.42655e-08	
48000.000000	0.0803873 	48000.000000	0.0243015 	48000.000000	0.00676688	48000.000000	0.00676377	48000.000000	0.0243015 	48000.000000	2.33107e-08	
50000.000000	0.0856982 	50000.000000	0.0251168 	50000.000000	0.00679106	50000.000000	0.00678871	50000.000000	0.0251168 	50000.000000	2.24301e-08	
