*Energy (MeV/u)1	0 - [He-base] F.Hubert et al, AD&ND Tables 46(1990)1	Energy (MeV/u)2	1 - [H -base] J.F.Ziegler et al, Pergamon Press, NY (low energy)	Energy (MeV/u)3	2 - ATIMA 1.2  LS-theory (recommended for high energy)	Energy (MeV/u)4	3 - ATIMA 1.2  without LS-correction	Energy (MeV/u)5	4 - Range straggling - method [0] - LISE	Energy (MeV/u)6	5 - Range straggling - method [1] - Atima	Energy (MeV/u)7	6 - Lateral range - method [0] - LISE	Energy (MeV/u)8	7 - Lateral range - method [1] - Atima	Energy (MeV/u)9	8 - Lateral range - method [2] - PDG	
0.001000	0.212825  	0.001000	0.212825  	0.001000	0.233199  	0.001000	0.233199  	0.001000	0         	0.001000	0         	0.001000	0.00185577	0.001000	0.00268094	0.001000	0.00168475	
0.002000	0.428837  	0.002000	0.425649  	0.002000	0.466398  	0.002000	0.466398  	0.002000	0.0473304 	0.002000	0.0473304 	0.002000	0.00543859	0.002000	0.00759478	0.002000	0.0050411 	
0.005000	0.802925  	0.005000	0.794218  	0.005000	0.873327  	0.005000	0.873327  	0.005000	0.0510309 	0.005000	0.0510309 	0.005000	0.0133706 	0.005000	0.0184079 	0.005000	0.0124675 	
0.008000	1.04726   	0.008000	1.03495   	0.008000	1.14023   	0.008000	1.14023   	0.008000	0.0510775 	0.008000	0.0510775 	0.008000	0.0194343 	0.008000	0.0257104 	0.008000	0.0181852 	
0.010000	1.17968   	0.010000	1.16541   	0.010000	1.28509   	0.010000	1.28509   	0.010000	0.051208  	0.010000	0.051208  	0.010000	0.0231181 	0.010000	0.0295505 	0.010000	0.0216686 	
0.015000	1.45099   	0.015000	1.43272   	0.015000	1.58504   	0.015000	1.58504   	0.015000	0.0517449 	0.015000	0.0517449 	0.015000	0.0316297 	0.015000	0.0376049 	0.015000	0.0300057 	
0.020000	1.67605   	0.020000	1.65446   	0.020000	1.8319    	0.020000	1.8319    	0.020000	0.0523683 	0.020000	0.0523683 	0.020000	0.0389876 	0.020000	0.0446255 	0.020000	0.0375212 	
0.025000	1.87344   	0.025000	1.84894   	0.025000	2.0461    	0.025000	2.0461    	0.025000	0.0529773 	0.025000	0.0529773 	0.025000	0.0456565 	0.025000	0.051108  	0.025000	0.0443284 	
0.030000	2.05078   	0.030000	2.02366   	0.030000	2.22871   	0.030000	2.22871   	0.030000	0.0534705 	0.030000	0.0534705 	0.030000	0.0517162 	0.030000	0.0570187 	0.030000	0.0504728 	
0.035000	2.21308   	0.035000	2.18356   	0.035000	2.38731   	0.035000	2.38731   	0.035000	0.053863  	0.035000	0.053863  	0.035000	0.0573328 	0.035000	0.0624667 	0.035000	0.0561363 	
0.040000	2.36389   	0.040000	2.33215   	0.040000	2.53319   	0.040000	2.53319   	0.040000	0.0542188 	0.040000	0.0542188 	0.040000	0.0627456 	0.040000	0.0677179 	0.040000	0.0616036 	
0.045000	2.50577   	0.045000	2.47194   	0.045000	2.67094   	0.045000	2.67094   	0.045000	0.0545575 	0.045000	0.0545575 	0.045000	0.0680978 	0.045000	0.0728813 	0.045000	0.0670048 	
0.050000	2.64058   	0.050000	2.60475   	0.050000	2.80263   	0.050000	2.80263   	0.050000	0.0548855 	0.050000	0.0549476 	0.050000	0.0733561 	0.050000	0.0779758 	0.050000	0.0723142 	
0.055000	2.76969   	0.055000	2.73196   	0.055000	2.92944   	0.055000	2.92944   	0.055000	0.0552048 	0.055000	0.055353  	0.055000	0.0785979 	0.055000	0.0830604 	0.055000	0.0776035 	
0.060000	2.89414   	0.060000	2.85457   	0.060000	3.05215   	0.060000	3.05215   	0.060000	0.0555166 	0.060000	0.0557389 	0.060000	0.0838222 	0.060000	0.0881519 	0.060000	0.0828722 	
0.070000	3.1321    	0.070000	3.08903   	0.070000	3.2876    	0.070000	3.2876    	0.070000	0.0561219 	0.070000	0.056465  	0.070000	0.0936472 	0.070000	0.0978212 	0.070000	0.0927677 	
0.080000	3.35911   	0.080000	3.31269   	0.080000	3.51269   	0.080000	3.51269   	0.080000	0.0567088 	0.080000	0.057146  	0.080000	0.102871  	0.080000	0.106991  	0.080000	0.102051  	
0.090000	3.57824   	0.090000	3.52857   	0.090000	3.73004   	0.090000	3.73004   	0.090000	0.0572844 	0.090000	0.0577962 	0.090000	0.111508  	0.090000	0.115619  	0.090000	0.110723  	
0.100000	3.79162   	0.100000	3.73881   	0.100000	3.94164   	0.100000	3.94164   	0.100000	0.0578544 	0.100000	0.0584259 	0.100000	0.119307  	0.100000	0.123497  	0.100000	0.118536  	
0.120000	4.20711   	0.120000	4.14817   	0.120000	4.35317   	0.120000	4.35317   	0.120000	0.0589973 	0.120000	0.0596542 	0.120000	0.133623  	0.120000	0.138061  	0.120000	0.132877  	
0.140000	4.61425   	0.140000	4.5493    	0.140000	4.75572   	0.140000	4.75572   	0.140000	0.0601688 	0.140000	0.0608757 	0.140000	0.146351  	0.140000	0.151083  	0.140000	0.145606  	
0.160000	5.01843   	0.160000	4.94752   	0.160000	5.15465   	0.160000	5.15465   	0.160000	0.0613919 	0.160000	0.0621191 	0.160000	0.157508  	0.160000	0.162583  	0.160000	0.156755  	
0.180000	5.42321   	0.180000	5.34633   	0.180000	5.55354   	0.180000	5.55354   	0.180000	0.0626836 	0.180000	0.0634041 	0.180000	0.167077  	0.180000	0.172542  	0.180000	0.166309  	
0.200000	5.83102   	0.200000	5.74812   	0.200000	5.95484   	0.200000	5.95484   	0.200000	0.0640574 	0.200000	0.0647447 	0.200000	0.175071  	0.200000	0.180953  	0.200000	0.174284  	
0.250000	6.87374   	0.250000	6.77545   	0.250000	6.97882   	0.250000	6.97882   	0.250000	0.0679135 	0.250000	0.068399  	0.250000	0.195996  	0.250000	0.202845  	0.250000	0.195173  	
0.300000	7.96046   	0.300000	7.84613   	0.300000	8.04356   	0.300000	8.04356   	0.300000	0.0724493 	0.300000	0.0725522 	0.300000	0.215961  	0.300000	0.223744  	0.300000	0.215104  	
0.350000	9.09818   	0.350000	8.96706   	0.350000	9.15638   	0.350000	9.15638   	0.350000	0.077717  	0.350000	0.0772427 	0.350000	0.23331   	0.350000	0.242094  	0.350000	0.232422  	
0.400000	10.29     	0.400000	10.1413   	0.400000	10.3207   	0.400000	10.3207   	0.400000	0.0837328 	0.400000	0.0824773 	0.400000	0.250815  	0.400000	0.260563  	0.400000	0.249898  	
0.450000	11.5372   	0.450000	11.3701   	0.450000	11.5379   	0.450000	11.5379   	0.450000	0.0904904 	0.450000	0.088245  	0.450000	0.267493  	0.450000	0.27823   	0.450000	0.266556  	
0.500000	12.8401   	0.500000	12.6537   	0.500000	12.8087   	0.500000	12.8087   	0.500000	0.0979692 	0.500000	0.0945248 	0.500000	0.283887  	0.500000	0.29563   	0.500000	0.282938  	
0.600000	15.6118   	0.600000	15.3846   	0.600000	15.5104   	0.600000	15.5104   	0.600000	0.114975  	0.600000	0.108515  	0.600000	0.315329  	0.600000	0.329151  	0.600000	0.314365  	
0.700000	18.6008   	0.700000	18.3295   	0.700000	18.4226   	0.700000	18.4226   	0.700000	0.134499  	0.700000	0.124225  	0.700000	0.34599   	0.700000	0.361963  	0.700000	0.345036  	
0.800000	21.8011   	0.800000	21.4825   	0.800000	21.5401   	0.800000	21.5401   	0.800000	0.156302  	0.800000	0.141446  	0.800000	0.376597  	0.800000	0.394731  	0.800000	0.375694  	
0.900000	25.2063   	0.900000	24.8375   	0.900000	24.8574   	0.900000	24.8574   	0.900000	0.180178  	0.900000	0.160001  	0.900000	0.407201  	0.900000	0.427522  	0.900000	0.406372  	
1.000000	28.8103   	1.000000	28.3883   	1.000000	28.3691   	1.000000	28.3691   	1.000000	0.205964  	1.000000	0.179748  	1.000000	0.438387  	1.000000	0.460869  	1.000000	0.437667  	
1.250000	38.6555   	1.250000	38.0883   	1.250000	37.9674   	1.250000	37.9674   	1.250000	0.278005  	1.250000	0.233673  	1.250000	0.518102  	1.250000	0.545821  	1.250000	0.517818  	
1.500000	49.6404   	1.500000	48.9111   	1.500000	48.6866   	1.500000	48.6866   	1.500000	0.359906  	1.500000	0.29331   	1.500000	0.601864  	1.500000	0.634363  	1.500000	0.602232  	
1.750000	61.7134   	1.750000	60.8059   	1.750000	60.4798   	1.750000	60.4798   	1.750000	0.450935  	1.750000	0.358048  	1.750000	0.692124  	1.750000	0.728665  	1.750000	0.693351  	
2.000000	74.8357   	2.000000	73.7345   	2.000000	73.3113   	2.000000	73.3113   	2.000000	0.550663  	2.000000	0.427508  	2.000000	0.789601  	2.000000	0.829288  	2.000000	0.791888  	
2.250000	88.9763   	2.250000	87.6664   	2.250000	87.1528   	2.250000	87.1528   	2.250000	0.658811  	2.250000	0.501455  	2.250000	0.894462  	2.250000	0.936333  	2.250000	0.897985  	
2.500000	104.124   	2.500000	102.576   	2.500000	101.981   	2.500000	101.981   	2.500000	0.775167  	2.500000	0.579736  	2.500000	1.00667   	2.500000	1.04972   	2.500000	1.0116    	
3.000000	137.76    	3.000000	135.242   	3.000000	134.514   	3.000000	134.514   	3.000000	1.03181   	3.000000	0.748836  	3.000000	1.25275   	3.000000	1.29503   	3.000000	1.26092   	
3.500000	174.873   	3.500000	171.578   	3.500000	170.766   	3.500000	170.766   	3.500000	1.31935   	3.500000	0.933856  	3.500000	1.52692   	3.500000	1.5642    	3.500000	1.53887   	
4.000000	215.358   	4.000000	211.451   	4.000000	210.612   	4.000000	210.612   	4.000000	1.63664   	4.000000	1.13392   	4.000000	1.82812   	4.000000	1.85615   	4.000000	1.84431   	
4.500000	259.126   	4.500000	254.744   	4.500000	253.941   	4.500000	253.941   	4.500000	1.98266   	4.500000	1.34834   	4.500000	2.15531   	4.500000	2.16987   	4.500000	2.17615   	
5.000000	306.098   	5.000000	301.353   	5.000000	300.655   	5.000000	300.655   	5.000000	2.35645   	5.000000	1.57649   	5.000000	2.5075    	5.000000	2.50438   	5.000000	2.53335   	
5.500000	356.209   	5.500000	351.185   	5.500000	350.664   	5.500000	350.664   	5.500000	2.75715   	5.500000	1.81782   	5.500000	2.88379   	5.500000	2.85883   	5.500000	2.91501   	
6.000000	409.395   	6.000000	404.155   	6.000000	403.887   	6.000000	403.887   	6.000000	3.18398   	6.000000	2.07182   	6.000000	3.28336   	6.000000	3.23241   	6.000000	3.32027   	
6.500000	465.605   	6.500000	460.187   	6.500000	460.253   	6.500000	460.253   	6.500000	3.63625   	6.500000	2.33807   	6.500000	3.70554   	6.500000	3.62449   	6.500000	3.74845   	
7.000000	524.787   	7.000000	519.213   	7.000000	519.694   	7.000000	519.694   	7.000000	4.11334   	7.000000	2.61618   	7.000000	4.14963   	7.000000	4.03438   	7.000000	4.19885   	
7.500000	586.896   	7.500000	581.17    	7.500000	582.152   	7.500000	582.152   	7.500000	4.61467   	7.500000	2.9058    	7.500000	4.61509   	7.500000	4.46155   	7.500000	4.67089   	
8.000000	651.891   	8.000000	646.001   	8.000000	647.571   	8.000000	647.571   	8.000000	5.13976   	8.000000	3.20663   	8.000000	5.10139   	8.000000	4.9055    	8.000000	5.16404   	
8.500000	719.733   	8.500000	713.654   	8.500000	715.901   	8.500000	715.901   	8.500000	5.68813   	8.500000	3.51842   	8.500000	5.60807   	8.500000	5.36578   	8.500000	5.67783   	
9.000000	790.386   	9.000000	784.081   	9.000000	787.096   	9.000000	787.096   	9.000000	6.25939   	9.000000	3.84093   	9.000000	6.13472   	9.000000	5.84199   	9.000000	6.21185   	
9.500000	863.816   	9.500000	857.238   	9.500000	861.114   	9.500000	861.114   	9.500000	6.85315   	9.500000	4.17387   	9.500000	6.68094   	9.500000	6.33377   	9.500000	6.76569   	
10.000000	939.991   	10.000000	933.066   	10.000000	937.914   	10.000000	937.914   	10.000000	7.46907   	10.000000	4.51696   	10.000000	7.24638   	10.000000	6.84077   	10.000000	7.33899   	
11.000000	1100.46   	11.000000	1091.07   	11.000000	1099.51   	11.000000	1099.51   	11.000000	8.76147   	11.000000	5.23373   	11.000000	8.42789   	11.000000	7.89739   	11.000000	8.53766   	
12.000000	1271.56   	12.000000	1258.44   	12.000000	1271.42   	12.000000	1271.39   	12.000000	10.1304   	12.000000	5.99817   	12.000000	9.67603   	12.000000	9.00764   	12.000000	9.80326   	
13.000000	1453.11   	13.000000	1435.15   	13.000000	1453.4    	13.000000	1453.34   	13.000000	11.5747   	13.000000	6.80869   	13.000000	10.9914   	13.000000	10.1657   	13.000000	11.137    	
14.000000	1644.91   	14.000000	1621.19   	14.000000	1645.23   	14.000000	1645.13   	14.000000	13.0931   	14.000000	7.66108   	14.000000	12.3718   	14.000000	11.3714   	14.000000	12.5365   	
15.000000	1846.79   	15.000000	1816.5    	15.000000	1846.72   	15.000000	1846.58   	15.000000	14.6844   	15.000000	8.55248   	15.000000	13.8154   	15.000000	12.6259   	15.000000	14.0002   	
16.000000	2058.61   	16.000000	2021.04   	16.000000	2057.71   	16.000000	2057.52   	16.000000	16.3475   	16.000000	9.48106   	16.000000	15.3208   	16.000000	13.928    	16.000000	15.5266   	
17.000000	2280.2    	17.000000	2234.74   	17.000000	2278.02   	17.000000	2277.79   	17.000000	18.0812   	17.000000	10.4454   	17.000000	16.8867   	17.000000	15.2765   	17.000000	17.1144   	
18.000000	2511.44   	18.000000	2457.56   	18.000000	2507.51   	18.000000	2507.24   	18.000000	19.8845   	18.000000	11.444    	18.000000	18.5119   	18.000000	16.6701   	18.000000	18.7623   	
19.000000	2752.2    	19.000000	2689.41   	19.000000	2746.03   	19.000000	2745.74   	19.000000	21.7562   	19.000000	12.4753   	19.000000	20.1953   	19.000000	18.108    	19.000000	20.4695   	
20.000000	3002.35   	20.000000	2930.24   	20.000000	2993.48   	20.000000	2993.15   	20.000000	23.6955   	20.000000	13.5383   	20.000000	21.936    	20.000000	19.5893   	20.000000	22.2349   	
21.000000	3261.78   	21.000000	3179.99   	21.000000	3249.73   	21.000000	3249.37   	21.000000	25.7017   	21.000000	14.6323   	21.000000	23.7332   	21.000000	21.1134   	21.000000	24.0578   	
22.000000	3530.37   	22.000000	3438.59   	22.000000	3514.68   	22.000000	3514.3    	22.000000	27.774    	22.000000	15.7567   	22.000000	25.5863   	22.000000	22.6796   	22.000000	25.9375   	
23.000000	3808.03   	23.000000	3705.98   	23.000000	3788.21   	23.000000	3787.81   	23.000000	29.9111   	23.000000	16.9105   	23.000000	27.4941   	23.000000	24.287    	23.000000	27.873    	
24.000000	4094.66   	24.000000	3982.09   	24.000000	4070.2    	24.000000	4069.8    	24.000000	32.1118   	24.000000	18.093    	24.000000	29.4559   	24.000000	25.9349   	24.000000	29.8636   	
25.000000	4390.15   	25.000000	4266.85   	25.000000	4360.55   	25.000000	4360.17   	25.000000	34.3753   	25.000000	19.3038   	25.000000	31.4709   	25.000000	27.6227   	25.000000	31.9084   	
27.000000	5007.38   	27.000000	4862.13   	27.000000	4965.95   	27.000000	4965.7    	27.000000	39.0871   	27.000000	21.8068   	27.000000	35.6575   	27.000000	31.1155   	27.000000	36.1581   	
29.000000	5659.03   	29.000000	5491.31   	29.000000	5603.69   	29.000000	5603.67   	29.000000	44.0402   	29.000000	24.4145   	29.000000	40.0485   	29.000000	34.7607   	29.000000	40.6168   	
31.000000	6344.45   	31.000000	6153.94   	31.000000	6273.41   	31.000000	6273.67   	31.000000	49.2353   	31.000000	27.1288   	31.000000	44.6418   	31.000000	38.5566   	31.000000	45.2828   	
33.000000	7063.05   	33.000000	6849.55   	33.000000	6975.8    	33.000000	6976.43   	33.000000	54.695    	33.000000	29.9599   	33.000000	49.4462   	33.000000	42.5096   	33.000000	50.1652   	
35.000000	7814.26   	35.000000	7577.72   	35.000000	7710.57   	35.000000	7711.65   	35.000000	60.4172   	35.000000	32.9069   	35.000000	54.4614   	35.000000	46.6195   	35.000000	55.2639   	
38.000000	9001.07   	38.000000	8730.08   	38.000000	8872.45   	38.000000	8874.28   	38.000000	69.4795   	38.000000	37.5396   	38.000000	62.3746   	38.000000	53.0746   	38.000000	63.3135   	
41.000000	10258.4   	41.000000	9953.35   	41.000000	10104.5   	41.000000	10107.3   	41.000000	79.0956   	41.000000	42.4119   	41.000000	70.7464   	41.000000	59.8702   	41.000000	71.8358   	
44.000000	11584.7   	44.000000	11246.2   	44.000000	11405.5   	44.000000	11409.3   	44.000000	89.253    	44.000000	47.5197   	44.000000	79.5687   	44.000000	66.9997   	44.000000	80.8237   	
47.000000	12978.5   	47.000000	12607.4   	47.000000	12774     	47.000000	12778.9   	47.000000	99.9339   	47.000000	52.8566   	47.000000	88.8307   	47.000000	74.4547   	47.000000	90.2674   	
50.000000	14438.5   	50.000000	14035.7   	50.000000	14208.6   	50.000000	14214.9   	50.000000	111.121   	50.000000	58.4108   	50.000000	98.5212   	50.000000	82.2266   	50.000000	100.156   	
55.000000	17015.6   	55.000000	16562.3   	55.000000	16743.7   	55.000000	16752.5   	55.000000	130.861   	55.000000	68.1352   	55.000000	115.601   	55.000000	95.8658   	55.000000	117.607   	
60.000000	19767.5   	60.000000	19267.1   	60.000000	19454.4   	60.000000	19466.1   	60.000000	151.918   	60.000000	78.418    	60.000000	133.803   	60.000000	110.333   	60.000000	136.235   	
65.000000	22689.5   	65.000000	22145.2   	65.000000	22336.2   	65.000000	22351.1   	65.000000	174.25    	65.000000	89.2489   	65.000000	153.092   	65.000000	125.602   	65.000000	156.007   	
70.000000	25776.8   	70.000000	25192.1   	70.000000	25384.2   	70.000000	25403     	70.000000	197.798   	70.000000	100.594   	70.000000	173.426   	70.000000	141.641   	70.000000	176.885   	
75.000000	29025.3   	75.000000	28403.6   	75.000000	28594.9   	75.000000	28617.6   	75.000000	222.528   	75.000000	112.447   	75.000000	194.774   	75.000000	158.428   	75.000000	198.842   	
80.000000	32431     	80.000000	31775.5   	80.000000	31964.1   	80.000000	31991.2   	80.000000	248.392   	80.000000	124.778   	80.000000	217.1     	80.000000	175.937   	80.000000	221.847   	
85.000000	35990.3   	85.000000	35304     	85.000000	35487.9   	85.000000	35519.9   	85.000000	275.349   	85.000000	137.572   	85.000000	240.372   	85.000000	194.145   	85.000000	245.871   	
90.000000	39699.6   	90.000000	38985.4   	90.000000	39163.4   	90.000000	39200.4   	90.000000	303.37    	90.000000	150.821   	90.000000	264.564   	90.000000	213.035   	90.000000	270.89    	
95.000000	43555.8   	95.000000	42816     	95.000000	42986.7   	95.000000	43029.2   	95.000000	332.409   	95.000000	164.506   	95.000000	289.643   	95.000000	232.582   	95.000000	296.876   	
100.000000	47555.6   	100.000000	46792.6   	100.000000	46954.5   	100.000000	47003.1   	100.000000	362.433   	100.000000	178.615   	100.000000	315.582   	100.000000	252.768   	100.000000	323.804   	
105.000000	51696.3   	105.000000	50911.7   	105.000000	51064.4   	105.000000	51119.2   	105.000000	393.418   	105.000000	193.142   	105.000000	342.357   	105.000000	273.577   	105.000000	351.654   	
110.000000	55974.9   	110.000000	55170.3   	110.000000	55313.2   	110.000000	55374.3   	110.000000	425.331   	110.000000	208.068   	110.000000	369.946   	110.000000	294.993   	110.000000	380.405   	
115.000000	60388.9   	115.000000	59565.4   	115.000000	59698     	115.000000	59765.7   	115.000000	458.137   	115.000000	223.376   	115.000000	398.32    	115.000000	316.998   	115.000000	410.032   	
120.000000	64935.7   	120.000000	64094.1   	120.000000	64215.7   	120.000000	64290.7   	120.000000	491.799   	120.000000	239.063   	120.000000	427.453   	120.000000	339.572   	120.000000	440.511   	
125.000000	69613     	125.000000	68753.4   	125.000000	68863.9   	125.000000	68946.6   	125.000000	526.298   	125.000000	255.111   	125.000000	457.327   	125.000000	362.704   	125.000000	471.828   	
130.000000	74418.4   	130.000000	73540.9   	130.000000	73640.5   	130.000000	73730.8   	130.000000	561.613   	130.000000	271.522   	130.000000	487.921   	130.000000	386.381   	130.000000	503.962   	
135.000000	79349.6   	135.000000	78453.7   	135.000000	78542.5   	135.000000	78640.9   	135.000000	597.706   	135.000000	288.283   	135.000000	519.212   	135.000000	410.586   	135.000000	536.894   	
140.000000	84404.6   	140.000000	83489.4   	140.000000	83567.2   	140.000000	83674.5   	140.000000	634.548   	140.000000	305.372   	140.000000	551.176   	140.000000	435.303   	140.000000	570.6     	
145.000000	89581.4   	145.000000	88645.5   	145.000000	88712.9   	145.000000	88829.2   	145.000000	672.126   	145.000000	322.788   	145.000000	583.799   	145.000000	460.523   	145.000000	605.069   	
150.000000	94877.9   	150.000000	93919.7   	150.000000	93977.3   	150.000000	94102.8   	150.000000	710.417   	150.000000	340.524   	150.000000	617.061   	150.000000	486.233   	150.000000	640.285   	
155.000000	100369    	155.000000	99309.6   	155.000000	99358.3   	155.000000	99493.1   	155.000000	749.398   	155.000000	358.573   	155.000000	650.945   	155.000000	512.422   	155.000000	676.229   	
160.000000	105974    	160.000000	104813    	160.000000	104854    	160.000000	104998    	160.000000	789.046   	160.000000	376.926   	160.000000	685.434   	160.000000	539.078   	160.000000	712.888   	
165.000000	111688    	165.000000	110428    	165.000000	110461    	165.000000	110615    	165.000000	829.332   	165.000000	395.573   	165.000000	720.504   	165.000000	566.186   	165.000000	750.238   	
170.000000	117510    	170.000000	116152    	170.000000	116178    	170.000000	116343    	170.000000	870.231   	170.000000	414.507   	170.000000	756.141   	170.000000	593.734   	170.000000	788.268   	
175.000000	123437    	175.000000	121983    	175.000000	122004    	175.000000	122180    	175.000000	911.735   	175.000000	433.728   	175.000000	792.33    	175.000000	621.716   	175.000000	826.963   	
180.000000	129467    	180.000000	127920    	180.000000	127936    	180.000000	128123    	180.000000	953.826   	180.000000	453.219   	180.000000	829.056   	180.000000	650.12    	180.000000	866.311   	
185.000000	135599    	185.000000	133960    	185.000000	133972    	185.000000	134170    	185.000000	996.483   	185.000000	472.97    	185.000000	866.306   	185.000000	678.936   	185.000000	906.298   	
190.000000	141832    	190.000000	140101    	190.000000	140112    	190.000000	140321    	190.000000	1039.69   	190.000000	492.985   	190.000000	904.063   	190.000000	708.156   	190.000000	946.909   	
195.000000	148162    	195.000000	146342    	195.000000	146352    	195.000000	146573    	195.000000	1083.42   	195.000000	513.261   	195.000000	942.312   	195.000000	737.768   	195.000000	988.13    	
200.000000	154590    	200.000000	152681    	200.000000	152691    	200.000000	152924    	200.000000	1127.66   	200.000000	533.779   	200.000000	981.036   	200.000000	767.761   	200.000000	1029.95   	
210.000000	167728    	210.000000	165646    	210.000000	165660    	210.000000	165918    	210.000000	1217.59   	210.000000	575.507   	210.000000	1059.86   	210.000000	828.855   	210.000000	1115.31   	
220.000000	181234    	220.000000	178981    	220.000000	179006    	220.000000	179290    	220.000000	1309.38   	220.000000	618.168   	220.000000	1140.43   	220.000000	891.377   	220.000000	1202.91   	
230.000000	195097    	230.000000	192676    	230.000000	192717    	230.000000	193028    	230.000000	1402.9    	230.000000	661.74    	230.000000	1222.67   	230.000000	955.263   	230.000000	1292.66   	
240.000000	209305    	240.000000	206717    	240.000000	206780    	240.000000	207119    	240.000000	1498.04   	240.000000	706.145   	240.000000	1306.46   	240.000000	1020.45   	240.000000	1384.47   	
250.000000	223848    	250.000000	221093    	250.000000	221183    	250.000000	221552    	250.000000	1594.66   	250.000000	751.34    	250.000000	1391.72   	250.000000	1086.86   	250.000000	1478.23   	
260.000000	238715    	260.000000	235794    	260.000000	235917    	260.000000	236316    	260.000000	1692.7    	260.000000	797.311   	260.000000	1478.36   	260.000000	1154.45   	260.000000	1573.87   	
270.000000	253898    	270.000000	250809    	270.000000	250972    	270.000000	251402    	270.000000	1792.05   	270.000000	844.029   	270.000000	1566.31   	270.000000	1223.17   	270.000000	1671.33   	
280.000000	269386    	280.000000	266128    	280.000000	266336    	280.000000	266797    	280.000000	1892.64   	280.000000	891.43    	280.000000	1655.5    	280.000000	1292.98   	280.000000	1770.51   	
290.000000	285172    	290.000000	281741    	290.000000	282001    	290.000000	282495    	290.000000	1994.35   	290.000000	939.489   	290.000000	1745.84   	290.000000	1363.8    	290.000000	1871.35   	
300.000000	301246    	300.000000	297639    	300.000000	297955    	300.000000	298483    	300.000000	2097.09   	300.000000	988.194   	300.000000	1837.26   	300.000000	1435.59   	300.000000	1973.77   	
310.000000	317602    	310.000000	313814    	310.000000	314192    	310.000000	314755    	310.000000	2200.82   	310.000000	1037.5    	310.000000	1929.71   	310.000000	1508.32   	310.000000	2077.71   	
320.000000	334230    	320.000000	330258    	320.000000	330703    	320.000000	331301    	320.000000	2305.46   	320.000000	1087.41   	320.000000	2023.12   	320.000000	1581.94   	320.000000	2183.11   	
330.000000	351123    	330.000000	346962    	330.000000	347479    	330.000000	348114    	330.000000	2410.94   	330.000000	1137.91   	330.000000	2117.44   	330.000000	1656.42   	330.000000	2289.91   	
340.000000	368276    	340.000000	363918    	340.000000	364513    	340.000000	365184    	340.000000	2517.2    	340.000000	1188.95   	340.000000	2212.61   	340.000000	1731.7    	340.000000	2398.06   	
350.000000	385679    	350.000000	381120    	350.000000	381797    	350.000000	382505    	350.000000	2624.17   	350.000000	1240.48   	350.000000	2308.57   	350.000000	1807.76   	350.000000	2507.47   	
360.000000	403328    	360.000000	398560    	360.000000	399322    	360.000000	400070    	360.000000	2731.76   	360.000000	1292.5    	360.000000	2405.26   	360.000000	1884.54   	360.000000	2618.1    	
370.000000	421215    	370.000000	416231    	370.000000	417082    	370.000000	417870    	370.000000	2839.95   	370.000000	1345.05   	370.000000	2502.66   	370.000000	1962.03   	370.000000	2729.91   	
380.000000	439334    	380.000000	434126    	380.000000	435071    	380.000000	435900    	380.000000	2948.7    	380.000000	1398.08   	380.000000	2600.7    	380.000000	2040.18   	380.000000	2842.85   	
390.000000	457680    	390.000000	452240    	390.000000	453282    	390.000000	454152    	390.000000	3057.95   	390.000000	1451.56   	390.000000	2699.35   	390.000000	2118.97   	390.000000	2956.86   	
400.000000	476246    	400.000000	470567    	400.000000	471710    	400.000000	472620    	400.000000	3167.66   	400.000000	1505.48   	400.000000	2798.56   	400.000000	2198.38   	400.000000	3071.9    	
410.000000	495027    	410.000000	489099    	410.000000	490347    	410.000000	491299    	410.000000	3277.78   	410.000000	1559.81   	410.000000	2898.31   	410.000000	2278.36   	410.000000	3187.93   	
420.000000	514018    	420.000000	507833    	420.000000	509187    	420.000000	510181    	420.000000	3388.26   	420.000000	1614.53   	420.000000	2998.53   	420.000000	2358.88   	420.000000	3304.9    	
430.000000	533213    	430.000000	526761    	430.000000	528224    	430.000000	529262    	430.000000	3499.04   	430.000000	1669.58   	430.000000	3099.2    	430.000000	2439.93   	430.000000	3422.76   	
440.000000	552607    	440.000000	545879    	440.000000	547453    	440.000000	548536    	440.000000	3610.09   	440.000000	1724.98   	440.000000	3200.28   	440.000000	2521.46   	440.000000	3541.48   	
450.000000	572196    	450.000000	565183    	450.000000	566869    	450.000000	567997    	450.000000	3721.4    	450.000000	1780.74   	450.000000	3301.74   	450.000000	2603.47   	450.000000	3661.02   	
460.000000	591974    	460.000000	584666    	460.000000	586466    	460.000000	587641    	460.000000	3832.93   	460.000000	1836.87   	460.000000	3403.56   	460.000000	2685.92   	460.000000	3781.35   	
470.000000	611937    	470.000000	604324    	470.000000	606241    	470.000000	607461    	470.000000	3944.65   	470.000000	1893.35   	470.000000	3505.7    	470.000000	2768.8    	470.000000	3902.42   	
480.000000	632081    	480.000000	624153    	480.000000	626188    	480.000000	627454    	480.000000	4056.53   	480.000000	1950.16   	480.000000	3608.14   	480.000000	2852.08   	480.000000	4024.22   	
490.000000	652402    	490.000000	644148    	490.000000	646301    	490.000000	647614    	490.000000	4168.52   	490.000000	2007.25   	490.000000	3710.83   	490.000000	2935.74   	490.000000	4146.69   	
500.000000	672894    	500.000000	664304    	500.000000	666577    	500.000000	667936    	500.000000	4280.61   	500.000000	2064.61   	500.000000	3813.76   	500.000000	3019.76   	500.000000	4269.81   	
520.000000	714378    	520.000000	705086    	520.000000	707594    	520.000000	709049    	520.000000	4504.9    	520.000000	2180.17   	520.000000	4020.22   	520.000000	3188.78   	520.000000	4517.84   	
540.000000	756502    	540.000000	746466    	540.000000	749205    	540.000000	750761    	540.000000	4729.2    	540.000000	2296.82   	540.000000	4227.32   	540.000000	3358.98   	540.000000	4768.06   	
560.000000	799237    	560.000000	788414    	560.000000	791382    	560.000000	793040    	560.000000	4953.41   	560.000000	2414.42   	560.000000	4434.9    	560.000000	3530.25   	560.000000	5020.3    	
580.000000	842555    	580.000000	830903    	580.000000	834097    	580.000000	835857    	580.000000	5177.37   	580.000000	2532.91   	580.000000	4642.83   	580.000000	3702.45   	580.000000	5274.35   	
600.000000	886428    	600.000000	873905    	600.000000	877320    	600.000000	879183    	600.000000	5400.96   	600.000000	2652.25   	600.000000	4850.97   	600.000000	3875.48   	600.000000	5530.03   	
620.000000	930832    	620.000000	917396    	620.000000	921028    	620.000000	922994    	620.000000	5624.06   	620.000000	2772.41   	620.000000	5059.19   	620.000000	4049.23   	620.000000	5787.16   	
640.000000	975742    	640.000000	961353    	640.000000	965192    	640.000000	967265    	640.000000	5846.52   	640.000000	2893.3    	640.000000	5267.37   	640.000000	4223.58   	640.000000	6045.58   	
660.000000	1.02113e+06	660.000000	1.00575e+06	660.000000	1.00979e+06	660.000000	1.01197e+06	660.000000	6068.22   	660.000000	3014.9    	660.000000	5475.39   	660.000000	4398.45   	660.000000	6305.11   	
680.000000	1.06699e+06	680.000000	1.05057e+06	680.000000	1.0548e+06	680.000000	1.05709e+06	680.000000	6289.12   	680.000000	3137.17   	680.000000	5683.18   	680.000000	4573.74   	680.000000	6565.64   	
700.000000	1.11329e+06	700.000000	1.09579e+06	700.000000	1.1002e+06	700.000000	1.10261e+06	700.000000	6509.16   	700.000000	3260.1    	700.000000	5890.65   	700.000000	4749.39   	700.000000	6827.05   	
720.000000	1.16e+06  	720.000000	1.1414e+06	720.000000	1.14598e+06	720.000000	1.1485e+06	720.000000	6728.27   	720.000000	3383.66   	720.000000	6097.73   	720.000000	4925.32   	720.000000	7089.21   	
740.000000	1.20712e+06	740.000000	1.18737e+06	740.000000	1.19211e+06	740.000000	1.19474e+06	740.000000	6946.38   	740.000000	3507.8    	740.000000	6304.35   	740.000000	5101.47   	740.000000	7352.01   	
760.000000	1.25462e+06	760.000000	1.23369e+06	760.000000	1.23858e+06	760.000000	1.24133e+06	760.000000	7163.45   	760.000000	3632.53   	760.000000	6510.44   	760.000000	5277.77   	760.000000	7615.35   	
780.000000	1.30249e+06	780.000000	1.28034e+06	780.000000	1.28538e+06	780.000000	1.28824e+06	780.000000	7379.43   	780.000000	3757.81   	780.000000	6715.95   	780.000000	5454.15   	780.000000	7879.12   	
800.000000	1.35071e+06	800.000000	1.3273e+06	800.000000	1.33248e+06	800.000000	1.33545e+06	800.000000	7594.25   	800.000000	3883.57   	800.000000	6920.82   	800.000000	5630.58   	800.000000	8143.24   	
820.000000	1.39926e+06	820.000000	1.37457e+06	820.000000	1.37986e+06	820.000000	1.38295e+06	820.000000	7807.86   	820.000000	4009.72   	820.000000	7125      	820.000000	5806.97   	820.000000	8407.6    	
840.000000	1.44813e+06	840.000000	1.42213e+06	840.000000	1.42753e+06	840.000000	1.43074e+06	840.000000	8020.24   	840.000000	4136.25   	840.000000	7328.43   	840.000000	5983.28   	840.000000	8672.11   	
860.000000	1.4973e+06	860.000000	1.46995e+06	860.000000	1.47545e+06	860.000000	1.47878e+06	860.000000	8231.36   	860.000000	4263.21   	860.000000	7531.09   	860.000000	6159.49   	860.000000	8936.73   	
880.000000	1.54677e+06	880.000000	1.51805e+06	880.000000	1.52363e+06	880.000000	1.52708e+06	880.000000	8441.23   	880.000000	4390.62   	880.000000	7732.95   	880.000000	6335.54   	880.000000	9201.37   	
900.000000	1.59651e+06	900.000000	1.56639e+06	900.000000	1.57204e+06	900.000000	1.57562e+06	900.000000	8649.83   	900.000000	4518.46   	900.000000	7933.99   	900.000000	6511.4    	900.000000	9465.99   	
920.000000	1.64651e+06	920.000000	1.61497e+06	920.000000	1.62069e+06	920.000000	1.62439e+06	920.000000	8857.13   	920.000000	4646.66   	920.000000	8134.16   	920.000000	6687.05   	920.000000	9730.51   	
940.000000	1.69677e+06	940.000000	1.66377e+06	940.000000	1.66955e+06	940.000000	1.67337e+06	940.000000	9063.13   	940.000000	4775.18   	940.000000	8333.46   	940.000000	6862.43   	940.000000	9994.89   	
960.000000	1.74727e+06	960.000000	1.71279e+06	960.000000	1.71862e+06	960.000000	1.72257e+06	960.000000	9267.8    	960.000000	4904.01   	960.000000	8531.85   	960.000000	7037.53   	960.000000	10259.1   	
980.000000	1.79799e+06	980.000000	1.76202e+06	980.000000	1.76789e+06	980.000000	1.77195e+06	980.000000	9471.14   	980.000000	5033.18   	980.000000	8729.31   	980.000000	7212.3    	980.000000	10523     	
1000.000000	1.84893e+06	1000.000000	1.81145e+06	1000.000000	1.81734e+06	1000.000000	1.82153e+06	1000.000000	9673.15   	1000.000000	5162.71   	1000.000000	8925.83   	1000.000000	7386.74   	1000.000000	10786.6   	
1020.000000	1.90008e+06	1020.000000	1.86106e+06	1020.000000	1.86698e+06	1020.000000	1.87129e+06	1020.000000	9873.81   	1020.000000	5292.6    	1020.000000	9121.39   	1020.000000	7560.8    	1020.000000	11049.9   	
1040.000000	1.95142e+06	1040.000000	1.91086e+06	1040.000000	1.91678e+06	1040.000000	1.92121e+06	1040.000000	10073.1   	1040.000000	5422.81   	1040.000000	9315.99   	1040.000000	7734.48   	1040.000000	11312.8   	
1060.000000	2.00295e+06	1060.000000	1.96082e+06	1060.000000	1.96675e+06	1060.000000	1.9713e+06	1060.000000	10271.1   	1060.000000	5553.32   	1060.000000	9509.61   	1060.000000	7907.75   	1060.000000	11575.2   	
1080.000000	2.05466e+06	1080.000000	2.01094e+06	1080.000000	2.01687e+06	1080.000000	2.02155e+06	1080.000000	10467.7   	1080.000000	5684.09   	1080.000000	9702.23   	1080.000000	8080.59   	1080.000000	11837.2   	
1100.000000	2.10654e+06	1100.000000	2.06122e+06	1100.000000	2.06714e+06	1100.000000	2.07194e+06	1100.000000	10663     	1100.000000	5815.1    	1100.000000	9893.86   	1100.000000	8252.98   	1100.000000	12098.8   	
1120.000000	2.15857e+06	1120.000000	2.11165e+06	1120.000000	2.11755e+06	1120.000000	2.12247e+06	1120.000000	10857     	1120.000000	5946.34   	1120.000000	10084.5   	1120.000000	8424.9    	1120.000000	12359.8   	
1140.000000	2.21076e+06	1140.000000	2.16222e+06	1140.000000	2.16809e+06	1140.000000	2.17314e+06	1140.000000	11049.6   	1140.000000	6077.81   	1140.000000	10274.1   	1140.000000	8596.33   	1140.000000	12620.2   	
1160.000000	2.26309e+06	1160.000000	2.21292e+06	1160.000000	2.21876e+06	1160.000000	2.22393e+06	1160.000000	11240.8   	1160.000000	6209.5    	1160.000000	10462.7   	1160.000000	8767.26   	1160.000000	12880.1   	
1180.000000	2.31555e+06	1180.000000	2.26375e+06	1180.000000	2.26954e+06	1180.000000	2.27485e+06	1180.000000	11430.7   	1180.000000	6341.41   	1180.000000	10650.2   	1180.000000	8937.68   	1180.000000	13139.3   	
1200.000000	2.36814e+06	1200.000000	2.31469e+06	1200.000000	2.32045e+06	1200.000000	2.32588e+06	1200.000000	11619.3   	1200.000000	6473.54   	1200.000000	10836.8   	1200.000000	9107.58   	1200.000000	13398     	
1220.000000	2.42085e+06	1220.000000	2.36576e+06	1220.000000	2.37146e+06	1220.000000	2.37702e+06	1220.000000	11806.5   	1220.000000	6605.88   	1220.000000	11022.3   	1220.000000	9276.93   	1220.000000	13655.9   	
1240.000000	2.47367e+06	1240.000000	2.41693e+06	1240.000000	2.42257e+06	1240.000000	2.42826e+06	1240.000000	11992.5   	1240.000000	6738.43   	1240.000000	11206.8   	1240.000000	9445.75   	1240.000000	13913.3   	
1260.000000	2.5266e+06	1260.000000	2.4682e+06	1260.000000	2.47379e+06	1260.000000	2.47961e+06	1260.000000	12177.1   	1260.000000	6871.2    	1260.000000	11390.2   	1260.000000	9614.01   	1260.000000	14169.9   	
1280.000000	2.57962e+06	1280.000000	2.51957e+06	1280.000000	2.52509e+06	1280.000000	2.53104e+06	1280.000000	12360.5   	1280.000000	7004.17   	1280.000000	11572.7   	1280.000000	9781.72   	1280.000000	14425.8   	
1300.000000	2.63274e+06	1300.000000	2.57103e+06	1300.000000	2.57649e+06	1300.000000	2.58257e+06	1300.000000	12542.6   	1300.000000	7137.34   	1300.000000	11754.1   	1300.000000	9948.86   	1300.000000	14681     	
1320.000000	2.68595e+06	1320.000000	2.62258e+06	1320.000000	2.62798e+06	1320.000000	2.63419e+06	1320.000000	12723.4   	1320.000000	7270.72   	1320.000000	11934.5   	1320.000000	10115.4   	1320.000000	14935.5   	
1340.000000	2.73924e+06	1340.000000	2.67421e+06	1340.000000	2.67955e+06	1340.000000	2.68588e+06	1340.000000	12902.9   	1340.000000	7404.28   	1340.000000	12113.9   	1340.000000	10281.4   	1340.000000	15189.3   	
1360.000000	2.7926e+06	1360.000000	2.72591e+06	1360.000000	2.73119e+06	1360.000000	2.73766e+06	1360.000000	13081.3   	1360.000000	7538.05   	1360.000000	12292.3   	1360.000000	10446.8   	1360.000000	15442.3   	
1380.000000	2.84603e+06	1380.000000	2.7777e+06	1380.000000	2.78291e+06	1380.000000	2.7895e+06	1380.000000	13258.4   	1380.000000	7672      	1380.000000	12469.7   	1380.000000	10611.6   	1380.000000	15694.5   	
1400.000000	2.89953e+06	1400.000000	2.82954e+06	1400.000000	2.8347e+06	1400.000000	2.84142e+06	1400.000000	13434.2   	1400.000000	7806.13   	1400.000000	12646.1   	1400.000000	10775.8   	1400.000000	15946     	
1420.000000	2.95309e+06	1420.000000	2.88146e+06	1420.000000	2.88655e+06	1420.000000	2.8934e+06	1420.000000	13608.9   	1420.000000	7940.45   	1420.000000	12821.5   	1420.000000	10939.5   	1420.000000	16196.7   	
1440.000000	3.00669e+06	1440.000000	2.93343e+06	1440.000000	2.93847e+06	1440.000000	2.94545e+06	1440.000000	13782.3   	1440.000000	8074.95   	1440.000000	12995.9   	1440.000000	11102.5   	1440.000000	16446.5   	
1460.000000	3.06035e+06	1460.000000	2.98546e+06	1460.000000	2.99044e+06	1460.000000	2.99755e+06	1460.000000	13954.6   	1460.000000	8209.62   	1460.000000	13169.3   	1460.000000	11264.9   	1460.000000	16695.6   	
1480.000000	3.11405e+06	1480.000000	3.03755e+06	1480.000000	3.04247e+06	1480.000000	3.04971e+06	1480.000000	14125.6   	1480.000000	8344.47   	1480.000000	13341.7   	1480.000000	11426.7   	1480.000000	16943.9   	
1500.000000	3.1678e+06	1500.000000	3.08968e+06	1500.000000	3.09456e+06	1500.000000	3.10192e+06	1500.000000	14295.6   	1500.000000	8479.49   	1500.000000	13513.2   	1500.000000	11587.9   	1500.000000	17191.4   	
1520.000000	3.22157e+06	1520.000000	3.14186e+06	1520.000000	3.14669e+06	1520.000000	3.15419e+06	1520.000000	14464.3   	1520.000000	8614.68   	1520.000000	13683.7   	1520.000000	11748.5   	1520.000000	17438.1   	
1540.000000	3.27538e+06	1540.000000	3.19408e+06	1540.000000	3.19888e+06	1540.000000	3.2065e+06	1540.000000	14632     	1540.000000	8750.04   	1540.000000	13853.3   	1540.000000	11908.5   	1540.000000	17683.9   	
1560.000000	3.32921e+06	1560.000000	3.24634e+06	1560.000000	3.2511e+06	1560.000000	3.25885e+06	1560.000000	14798.4   	1560.000000	8885.57   	1560.000000	14021.9   	1560.000000	12067.8   	1560.000000	17928.9   	
1580.000000	3.38307e+06	1580.000000	3.29864e+06	1580.000000	3.30337e+06	1580.000000	3.31125e+06	1580.000000	14963.8   	1580.000000	9021.26   	1580.000000	14189.5   	1580.000000	12226.6   	1580.000000	18173.1   	
1600.000000	3.43695e+06	1600.000000	3.35096e+06	1600.000000	3.35568e+06	1600.000000	3.36368e+06	1600.000000	15128.1   	1600.000000	9157.12   	1600.000000	14356.2   	1600.000000	12384.7   	1600.000000	18416.4   	
1620.000000	3.49084e+06	1620.000000	3.40332e+06	1620.000000	3.40803e+06	1620.000000	3.41616e+06	1620.000000	15291.2   	1620.000000	9293.14   	1620.000000	14522     	1620.000000	12542.2   	1620.000000	18658.9   	
1640.000000	3.54474e+06	1640.000000	3.45571e+06	1640.000000	3.46041e+06	1640.000000	3.46867e+06	1640.000000	15453.3   	1640.000000	9429.32   	1640.000000	14686.8   	1640.000000	12699.1   	1640.000000	18900.6   	
1660.000000	3.59865e+06	1660.000000	3.50812e+06	1660.000000	3.51282e+06	1660.000000	3.52121e+06	1660.000000	15614.3   	1660.000000	9565.67   	1660.000000	14850.8   	1660.000000	12855.4   	1660.000000	19141.4   	
1680.000000	3.65257e+06	1680.000000	3.56055e+06	1680.000000	3.56526e+06	1680.000000	3.57378e+06	1680.000000	15774.3   	1680.000000	9702.17   	1680.000000	15013.8   	1680.000000	13011.1   	1680.000000	19381.4   	
1700.000000	3.70649e+06	1700.000000	3.613e+06 	1700.000000	3.61773e+06	1700.000000	3.62638e+06	1700.000000	15933.1   	1700.000000	9838.82   	1700.000000	15175.9   	1700.000000	13166.2   	1700.000000	19620.5   	
1750.000000	3.84126e+06	1750.000000	3.7442e+06	1750.000000	3.74902e+06	1750.000000	3.75799e+06	1750.000000	16325.8   	1750.000000	10181.1   	1750.000000	15577.2   	1750.000000	13551.1   	1750.000000	20214.6   	
1800.000000	3.97598e+06	1800.000000	3.87546e+06	1800.000000	3.88045e+06	1800.000000	3.88975e+06	1800.000000	16712.2   	1800.000000	10524.3   	1800.000000	15973.1   	1800.000000	13932.3   	1800.000000	20803.4   	
1850.000000	4.1106e+06	1850.000000	4.00676e+06	1850.000000	4.01198e+06	1850.000000	4.02161e+06	1850.000000	17092.4   	1850.000000	10868.4   	1850.000000	16363.6   	1850.000000	14309.7   	1850.000000	21387     	
1900.000000	4.24507e+06	1900.000000	4.13806e+06	1900.000000	4.14361e+06	1900.000000	4.15357e+06	1900.000000	17466.6   	1900.000000	11213.2   	1900.000000	16748.8   	1900.000000	14683.3   	1900.000000	21965.3   	
1950.000000	4.37936e+06	1950.000000	4.26933e+06	1950.000000	4.2753e+06	1950.000000	4.28559e+06	1950.000000	17835.1   	1950.000000	11558.8   	1950.000000	17128.9   	1950.000000	15053.2   	1950.000000	22538.3   	
2000.000000	4.51343e+06	2000.000000	4.40055e+06	2000.000000	4.40705e+06	2000.000000	4.41767e+06	2000.000000	18198     	2000.000000	11905.2   	2000.000000	17504     	2000.000000	15419.5   	2000.000000	23106.3   	
2100.000000	4.78081e+06	2100.000000	4.66274e+06	2100.000000	4.67062e+06	2100.000000	4.68189e+06	2100.000000	18907.7   	2100.000000	12600.5   	2100.000000	18239.7   	2100.000000	16141.2   	2100.000000	24226.7   	
2200.000000	5.04696e+06	2200.000000	4.92445e+06	2200.000000	4.93421e+06	2200.000000	4.94613e+06	2200.000000	19596.7   	2200.000000	13299.2   	2200.000000	18956.7   	2200.000000	16848.8   	2200.000000	25327.1   	
2300.000000	5.3117e+06	2300.000000	5.18553e+06	2300.000000	5.19771e+06	2300.000000	5.21027e+06	2300.000000	20266.3   	2300.000000	14001.6   	2300.000000	19656     	2300.000000	17542.6   	2300.000000	26407.7   	
2400.000000	5.57486e+06	2400.000000	5.44586e+06	2400.000000	5.46104e+06	2400.000000	5.47423e+06	2400.000000	20917.6   	2400.000000	14707.6   	2400.000000	20338.3   	2400.000000	18223.2   	2400.000000	27469.2   	
2500.000000	5.83629e+06	2500.000000	5.70531e+06	2500.000000	5.72413e+06	2500.000000	5.73795e+06	2500.000000	21551.4   	2500.000000	15416.9   	2500.000000	21004.6   	2500.000000	18890.9   	2500.000000	28512     	
2600.000000	6.09588e+06	2600.000000	5.96381e+06	2600.000000	5.9869e+06	2600.000000	6.00135e+06	2600.000000	22168.8   	2600.000000	16129.3   	2600.000000	21655.4   	2600.000000	19546     	2600.000000	29536.5   	
2700.000000	6.35352e+06	2700.000000	6.22126e+06	2700.000000	6.2493e+06	2700.000000	6.26437e+06	2700.000000	22770.3   	2700.000000	16844.7   	2700.000000	22291.5   	2700.000000	20189     	2700.000000	30543.3   	
2800.000000	6.60912e+06	2800.000000	6.4776e+06	2800.000000	6.51128e+06	2800.000000	6.52697e+06	2800.000000	23356.9   	2800.000000	17562.9   	2800.000000	22913.5   	2800.000000	20820.2   	2800.000000	31532.8   	
2900.000000	6.86261e+06	2900.000000	6.73277e+06	2900.000000	6.77282e+06	2900.000000	6.78912e+06	2900.000000	23929.3   	2900.000000	18284.1   	2900.000000	23522.1   	2900.000000	21440.1   	2900.000000	32505.7   	
3000.000000	7.11393e+06	3000.000000	6.98672e+06	3000.000000	7.03388e+06	3000.000000	7.05079e+06	3000.000000	24488.2   	3000.000000	19008.1   	3000.000000	24117.9   	3000.000000	22048.9   	3000.000000	33462.3   	
3200.000000	7.60988e+06	3200.000000	7.49079e+06	3200.000000	7.55451e+06	3200.000000	7.57264e+06	3200.000000	25568.3   	3200.000000	20465.1   	3200.000000	25273.4   	3200.000000	23235.2   	3200.000000	35328.9   	
3400.000000	8.09669e+06	3400.000000	7.98956e+06	3400.000000	8.07305e+06	3400.000000	8.0924e+06	3400.000000	26601.9   	3400.000000	21933.9   	3400.000000	26384.2   	3400.000000	24381.8   	3400.000000	37136.7   	
3600.000000	8.57418e+06	3600.000000	8.48283e+06	3600.000000	8.58943e+06	3600.000000	8.61e+06  	3600.000000	27593.3   	3600.000000	23415.1   	3600.000000	27454     	3600.000000	25491.5   	3600.000000	38889.4   	
3800.000000	9.04227e+06	3800.000000	8.97048e+06	3800.000000	9.10362e+06	3800.000000	9.12541e+06	3800.000000	28546.1   	3800.000000	24908.7   	3800.000000	28486.4   	3800.000000	26566.6   	3800.000000	40590.4   	
4000.000000	9.50096e+06	4000.000000	9.45246e+06	4000.000000	9.61562e+06	4000.000000	9.63862e+06	4000.000000	29463.6   	4000.000000	26414.9   	4000.000000	29484.2   	4000.000000	27609.5   	4000.000000	42242.9   	
4200.000000	9.95031e+06	4200.000000	9.92872e+06	4200.000000	1.01254e+07	4200.000000	1.01496e+07	4200.000000	30348.7   	4200.000000	27933.9   	4200.000000	30450.1   	4200.000000	28622.2   	4200.000000	43850     	
4400.000000	1.03904e+07	4400.000000	1.03993e+07	4400.000000	1.06331e+07	4400.000000	1.06585e+07	4400.000000	31204     	4400.000000	29465.6   	4400.000000	31386.7   	4400.000000	29606.7   	4400.000000	45414.4   	
4600.000000	1.08213e+07	4600.000000	1.08641e+07	4600.000000	1.11386e+07	4600.000000	1.11652e+07	4600.000000	32031.6   	4600.000000	31009.9   	4600.000000	32296.1   	4600.000000	30564.6   	4600.000000	46938.7   	
4800.000000	1.12433e+07	4800.000000	1.13234e+07	4800.000000	1.16421e+07	4800.000000	1.16698e+07	4800.000000	32833.5   	4800.000000	32566.6   	4800.000000	33180.2   	4800.000000	31497.7   	4800.000000	48425.1   	
5000.000000	1.16564e+07	5000.000000	1.1777e+07	5000.000000	1.21435e+07	5000.000000	1.21723e+07	5000.000000	33611.6   	5000.000000	34135.6   	5000.000000	34040.9   	5000.000000	32407.3   	5000.000000	49876     	
5250.000000	1.21607e+07	5250.000000	1.23362e+07	5250.000000	1.27674e+07	5250.000000	1.27976e+07	5250.000000	34553.1   	5250.000000	36113.9   	5250.000000	35086.1   	5250.000000	33513.5   	5250.000000	51642.5   	
5500.000000	1.26518e+07	5500.000000	1.2887e+07	5500.000000	1.33883e+07	5500.000000	1.34199e+07	5500.000000	35462.7   	5500.000000	38110.9   	5500.000000	36100.1   	5500.000000	34587.7   	5500.000000	53360     	
6000.000000	1.35961e+07	6000.000000	1.39638e+07	6000.000000	1.46213e+07	6000.000000	1.46557e+07	6000.000000	37195.7   	6000.000000	42160     	6000.000000	38043.7   	6000.000000	36648.7   	6000.000000	56661.2   	
6500.000000	1.44924e+07	6500.000000	1.50087e+07	6500.000000	1.58433e+07	6500.000000	1.58803e+07	6500.000000	38827.3   	6500.000000	46281.1   	6500.000000	39889     	6500.000000	38605.6   	6500.000000	59802.3   	
7000.000000	1.53437e+07	7000.000000	1.60232e+07	7000.000000	1.70548e+07	7000.000000	1.70945e+07	7000.000000	40370.8   	7000.000000	50472.9   	7000.000000	41649.8   	7000.000000	40471.4   	7000.000000	62802.7   	
7500.000000	1.61531e+07	7500.000000	1.70087e+07	7500.000000	1.82567e+07	7500.000000	1.82989e+07	7500.000000	41837.2   	7500.000000	54733.8   	7500.000000	43337.7   	7500.000000	42256.7   	7500.000000	65678.4   	
8000.000000	1.69232e+07	8000.000000	1.79667e+07	8000.000000	1.94494e+07	8000.000000	1.94942e+07	8000.000000	43235.4   	8000.000000	59062.9   	8000.000000	44961.9   	8000.000000	43970.7   	8000.000000	68443.3   	
8500.000000	1.76566e+07	8500.000000	1.88985e+07	8500.000000	2.06335e+07	8500.000000	2.06808e+07	8500.000000	44572.7   	8500.000000	63458.5   	8500.000000	46530.4   	8500.000000	45621.1   	8500.000000	71109     	
9000.000000	1.83559e+07	9000.000000	1.98054e+07	9000.000000	2.18096e+07	9000.000000	2.18594e+07	9000.000000	45855.7   	9000.000000	67916.4   	9000.000000	48049.9   	9000.000000	47214.6   	9000.000000	73685.9   	
9500.000000	1.90232e+07	9500.000000	2.06886e+07	9500.000000	2.29782e+07	9500.000000	2.30303e+07	9500.000000	47089.7   	9500.000000	72434.6   	9500.000000	49526     	9500.000000	48757     	9500.000000	76182.8   	
10000.000000	1.96606e+07	10000.000000	2.15494e+07	10000.000000	2.41396e+07	10000.000000	2.4194e+07	10000.000000	48279.1   	10000.000000	77013.6   	10000.000000	50963.6   	10000.000000	50253.3   	10000.000000	78607.2   	
11000.000000	2.08531e+07	11000.000000	2.32077e+07	11000.000000	2.64425e+07	11000.000000	2.65013e+07	11000.000000	50539.1   	11000.000000	86354.7   	11000.000000	53739.1   	11000.000000	53124.2   	11000.000000	83264.5   	
12000.000000	2.19471e+07	12000.000000	2.47882e+07	12000.000000	2.87209e+07	12000.000000	2.87841e+07	12000.000000	52661.4   	12000.000000	95935.9   	12000.000000	56403     	12000.000000	55856.1   	12000.000000	87702.3   	
13000.000000	2.2954e+07	13000.000000	2.62977e+07	13000.000000	3.09771e+07	13000.000000	3.10446e+07	13000.000000	54666.1   	13000.000000	105747    	13000.000000	58975.7   	13000.000000	58471.4   	13000.000000	91955.6   	
14000.000000	2.38839e+07	14000.000000	2.77425e+07	14000.000000	3.32131e+07	14000.000000	3.32849e+07	14000.000000	56568.8   	14000.000000	115775    	14000.000000	61473     	14000.000000	60988.4   	14000.000000	96052.6   	
15000.000000	2.4745e+07	15000.000000	2.91278e+07	15000.000000	3.54307e+07	15000.000000	3.55067e+07	15000.000000	58382.4   	15000.000000	126011    	15000.000000	63907.1   	15000.000000	63421.2   	15000.000000	100016    	
16000.000000	2.55447e+07	16000.000000	3.04585e+07	16000.000000	3.76314e+07	16000.000000	3.77114e+07	16000.000000	60117.2   	16000.000000	136447    	16000.000000	66287.5   	16000.000000	65781.6   	16000.000000	103864    	
17000.000000	2.62892e+07	17000.000000	3.17387e+07	17000.000000	3.98163e+07	17000.000000	3.99003e+07	17000.000000	61781.8   	17000.000000	147078    	17000.000000	68621.8   	17000.000000	68079.1   	17000.000000	107611    	
18000.000000	2.69841e+07	18000.000000	3.29723e+07	18000.000000	4.19867e+07	18000.000000	4.20745e+07	18000.000000	63383.2   	18000.000000	157901    	18000.000000	70916.1   	18000.000000	70321.4   	18000.000000	111271    	
19000.000000	2.76341e+07	19000.000000	3.41624e+07	19000.000000	4.41434e+07	19000.000000	4.4235e+07	19000.000000	64927.7   	19000.000000	168912    	19000.000000	73175     	19000.000000	72515.3   	19000.000000	114853    	
20000.000000	2.82433e+07	20000.000000	3.53122e+07	20000.000000	4.62874e+07	20000.000000	4.63827e+07	20000.000000	66420.3   	20000.000000	180110    	20000.000000	75402.6   	20000.000000	74666.1   	20000.000000	118366    	
21000.000000	2.88155e+07	21000.000000	3.64244e+07	21000.000000	4.84195e+07	21000.000000	4.85185e+07	21000.000000	67865.5   	21000.000000	191489    	21000.000000	77601.9   	21000.000000	76778.3   	21000.000000	121819    	
22000.000000	2.93538e+07	22000.000000	3.75014e+07	22000.000000	5.05403e+07	22000.000000	5.06429e+07	22000.000000	69267.2   	22000.000000	203044    	22000.000000	79775.5   	22000.000000	78855.9   	22000.000000	125216    	
23000.000000	2.98611e+07	23000.000000	3.85454e+07	23000.000000	5.26505e+07	23000.000000	5.27567e+07	23000.000000	70628.9   	23000.000000	214773    	23000.000000	81925.2   	23000.000000	80902     	23000.000000	128563    	
24000.000000	3.034e+07 	24000.000000	3.95585e+07	24000.000000	5.47508e+07	24000.000000	5.48604e+07	24000.000000	71953.7   	24000.000000	226673    	24000.000000	84053     	24000.000000	82919.5   	24000.000000	131865    	
25000.000000	3.07928e+07	25000.000000	4.05424e+07	25000.000000	5.68416e+07	25000.000000	5.69545e+07	25000.000000	73244.2   	25000.000000	238730    	25000.000000	86160.2   	25000.000000	84910.9   	25000.000000	135125    	
26000.000000	3.12215e+07	26000.000000	4.14988e+07	26000.000000	5.89233e+07	26000.000000	5.90396e+07	26000.000000	74502.5   	26000.000000	250936    	26000.000000	88247.9   	26000.000000	86878     	26000.000000	138348    	
27000.000000	3.1628e+07	27000.000000	4.24293e+07	27000.000000	6.09965e+07	27000.000000	6.1116e+07	27000.000000	75730.9   	27000.000000	263295    	27000.000000	90317.2   	27000.000000	88822.7   	27000.000000	141536    	
28000.000000	3.20138e+07	28000.000000	4.33353e+07	28000.000000	6.30615e+07	28000.000000	6.31842e+07	28000.000000	76931.4   	28000.000000	275811    	28000.000000	92368.6   	28000.000000	90746.4   	28000.000000	144690    	
29000.000000	3.23805e+07	29000.000000	4.4218e+07	29000.000000	6.51187e+07	29000.000000	6.52445e+07	29000.000000	78105.6   	29000.000000	288480    	29000.000000	94402.9   	29000.000000	92650.6   	29000.000000	147814    	
30000.000000	3.27295e+07	30000.000000	4.50787e+07	30000.000000	6.71685e+07	30000.000000	6.72973e+07	30000.000000	79255.1   	30000.000000	301293    	30000.000000	96420.7   	30000.000000	94536.3   	30000.000000	150910    	
32000.000000	3.3379e+07	32000.000000	4.67383e+07	32000.000000	7.12469e+07	32000.000000	7.13816e+07	32000.000000	81485.3   	32000.000000	327333    	32000.000000	100408    	32000.000000	98256.1   	32000.000000	157022    	
34000.000000	3.39707e+07	34000.000000	4.83221e+07	34000.000000	7.52991e+07	34000.000000	7.54393e+07	34000.000000	83631.9   	34000.000000	353922    	34000.000000	104335    	34000.000000	101913    	34000.000000	163036    	
36000.000000	3.4512e+07	36000.000000	4.98367e+07	36000.000000	7.9327e+07	36000.000000	7.94724e+07	36000.000000	85703.2   	36000.000000	381050    	36000.000000	108201    	36000.000000	105510    	36000.000000	168961    	
38000.000000	3.50087e+07	38000.000000	5.12882e+07	38000.000000	8.33323e+07	38000.000000	8.34826e+07	38000.000000	87706.2   	38000.000000	408684    	38000.000000	112010    	38000.000000	109053    	38000.000000	174803    	
40000.000000	3.5466e+07	40000.000000	5.26817e+07	40000.000000	8.73165e+07	40000.000000	8.74715e+07	40000.000000	89646.9   	40000.000000	436792    	40000.000000	115763    	40000.000000	112545    	40000.000000	180567    	
42000.000000	3.58882e+07	42000.000000	5.40218e+07	42000.000000	9.1281e+07	42000.000000	9.14404e+07	42000.000000	91530.4   	42000.000000	465358    	42000.000000	119461    	42000.000000	115988    	42000.000000	186258    	
44000.000000	3.62791e+07	44000.000000	5.53126e+07	44000.000000	9.52269e+07	44000.000000	9.53905e+07	44000.000000	93361.3   	44000.000000	494381    	44000.000000	123104    	44000.000000	119384    	44000.000000	191878    	
46000.000000	3.66419e+07	46000.000000	5.65577e+07	46000.000000	9.91554e+07	46000.000000	9.93229e+07	46000.000000	95143.6   	46000.000000	523861    	46000.000000	126695    	46000.000000	122735    	46000.000000	197430    	
48000.000000	3.69793e+07	48000.000000	5.77603e+07	48000.000000	1.03067e+08	48000.000000	1.03239e+08	48000.000000	96880.8   	48000.000000	553801    	48000.000000	130234    	48000.000000	126042    	48000.000000	202917    	
50000.000000	3.72939e+07	50000.000000	5.89232e+07	50000.000000	1.06964e+08	50000.000000	1.07138e+08	50000.000000	98576.1   	50000.000000	584194    	50000.000000	133721    	50000.000000	129306    	50000.000000	208340    	
