*Energy (MeV/u)1	0 - [He-base] F.Hubert et al, AD&ND Tables 46(1990)1	Energy (MeV/u)2	1 - [H -base] J.F.Ziegler et al, Pergamon Press, NY (low energy)	Energy (MeV/u)3	2 - ATIMA 1.2  LS-theory (recommended for high energy)	Energy (MeV/u)4	3 - ATIMA 1.2  without LS-correction	Energy (MeV/u)5	4 - electrical component of [1] - J.F.Ziegler et al	Energy (MeV/u)6	5 - nuclear component of [1] - J.F.Ziegler et al	
0.001000	0.890844  	0.001000	0.119652  	0.001000	0.118241  	0.001000	0.118241  	0.001000	0.0821583 	0.001000	0.0374939 	
0.002000	0.983082  	0.002000	0.149964  	0.002000	0.150359  	0.002000	0.150359  	0.002000	0.113798  	0.002000	0.0361657 	
0.005000	1.21311   	0.005000	0.205044  	0.005000	0.210547  	0.005000	0.210547  	0.005000	0.175052  	0.005000	0.0299924 	
0.008000	1.39174   	0.008000	0.243886  	0.008000	0.253947  	0.008000	0.253947  	0.008000	0.218325  	0.008000	0.0255609 	
0.010000	1.49246   	0.010000	0.265819  	0.010000	0.278696  	0.010000	0.278696  	0.010000	0.242466  	0.010000	0.0233531 	
0.015000	1.74825   	0.015000	0.312755  	0.015000	0.332116  	0.015000	0.332116  	0.015000	0.293369  	0.015000	0.0193865 	
0.020000	1.95308   	0.020000	0.356541  	0.020000	0.383147  	0.020000	0.383147  	0.020000	0.33982   	0.020000	0.016721  	
0.025000	2.18344   	0.025000	0.399847  	0.025000	0.434814  	0.025000	0.434814  	0.025000	0.38506   	0.025000	0.0147869 	
0.030000	2.3791    	0.030000	0.442607  	0.030000	0.47201   	0.030000	0.47201   	0.030000	0.429299  	0.030000	0.0133084 	
0.035000	2.54015   	0.035000	0.483295  	0.035000	0.507321  	0.035000	0.507321  	0.035000	0.47116   	0.035000	0.0121353 	
0.040000	2.66714   	0.040000	0.521975  	0.040000	0.540883  	0.040000	0.540883  	0.040000	0.510797  	0.040000	0.011178  	
0.045000	2.76072   	0.045000	0.558691  	0.045000	0.57279   	0.045000	0.57279   	0.045000	0.548311  	0.045000	0.0103795 	
0.050000	2.81854   	0.050000	0.593261  	0.050000	0.603109  	0.050000	0.603109  	0.050000	0.583559  	0.050000	0.00970168	
0.055000	2.93793   	0.055000	0.624793  	0.055000	0.631898  	0.055000	0.631898  	0.055000	0.615675  	0.055000	0.0091179 	
0.060000	3.03857   	0.060000	0.654572  	0.060000	0.659209  	0.060000	0.659209  	0.060000	0.645963  	0.060000	0.00860905	
0.070000	3.18922   	0.070000	0.70908   	0.070000	0.709595  	0.070000	0.709595  	0.070000	0.701317  	0.070000	0.00776287	
0.080000	3.34999   	0.080000	0.757231  	0.080000	0.754653  	0.080000	0.754653  	0.080000	0.750146  	0.080000	0.0070854 	
0.090000	3.46979   	0.090000	0.799479  	0.090000	0.794734  	0.090000	0.794734  	0.090000	0.79299   	0.090000	0.00648858	
0.100000	3.55894   	0.100000	0.836422  	0.100000	0.830313  	0.100000	0.830313  	0.100000	0.830396  	0.100000	0.00602612	
0.120000	3.59087   	0.120000	0.896318  	0.120000	0.889362  	0.120000	0.889362  	0.120000	0.891027  	0.120000	0.00529121	
0.140000	3.58689   	0.140000	0.94078   	0.140000	0.934679  	0.140000	0.934679  	0.140000	0.936049  	0.140000	0.00473105	
0.160000	3.59197   	0.160000	0.975975  	0.160000	0.968854  	0.160000	0.968854  	0.160000	0.9717    	0.160000	0.0042749 	
0.180000	3.61311   	0.180000	1.00939   	0.180000	0.99414   	0.180000	0.99414   	0.180000	1.00547   	0.180000	0.00391644	
0.200000	3.63185   	0.200000	1.03327   	0.200000	1.01237   	0.200000	1.01237   	0.200000	1.02965   	0.200000	0.00361861	
0.250000	3.58746   	0.250000	1.07231   	0.250000	1.03623   	0.250000	1.03623   	0.250000	1.06925   	0.250000	0.00305385	
0.300000	3.57269   	0.300000	1.09559   	0.300000	1.04096   	0.300000	1.04096   	0.300000	1.09294   	0.300000	0.0026531 	
0.350000	3.55215   	0.350000	1.10717   	0.350000	1.04222   	0.350000	1.04222   	0.350000	1.10482   	0.350000	0.00235253	
0.400000	3.54742   	0.400000	1.11846   	0.400000	1.03885   	0.400000	1.03885   	0.400000	1.11634   	0.400000	0.00211791	
0.450000	3.52248   	0.450000	1.12246   	0.450000	1.03037   	0.450000	1.03037   	0.450000	1.12053   	0.450000	0.0019292 	
0.500000	3.47782   	0.500000	1.11882   	0.500000	1.01884   	0.500000	1.01884   	0.500000	1.11705   	0.500000	0.00177381	
0.600000	3.23951   	0.600000	1.09692   	0.600000	0.990003  	0.600000	0.990003  	0.600000	1.09538   	0.600000	0.00153229	
0.700000	2.98994   	0.700000	1.06664   	0.700000	0.961389  	0.700000	0.961389  	0.700000	1.06528   	0.700000	0.00135261	
0.800000	2.84938   	0.800000	1.02899   	0.800000	0.934016  	0.800000	0.934016  	0.800000	1.02778   	0.800000	0.00121326	
0.900000	2.71631   	0.900000	0.992927  	0.900000	0.908049  	0.900000	0.908049  	0.900000	0.991825  	0.900000	0.00110176	
1.000000	2.59198   	1.000000	0.958809  	1.000000	0.883415  	1.000000	0.883415  	1.000000	0.957799  	1.000000	0.00101035	
1.250000	2.30333   	1.250000	0.877253  	1.250000	0.823116  	1.250000	0.823116  	1.250000	0.876413  	1.250000	0.000840068	
1.500000	2.07032   	1.500000	0.809821  	1.500000	0.771579  	1.500000	0.771579  	1.500000	0.809099  	1.500000	0.000721703	
1.750000	1.88004   	1.750000	0.753515  	1.750000	0.726616  	1.750000	0.726616  	1.750000	0.752881  	1.750000	0.000634289	
2.000000	1.71269   	2.000000	0.700991  	2.000000	0.686606  	2.000000	0.686606  	2.000000	0.700424  	2.000000	0.000566893	
2.250000	1.57469   	2.250000	0.655944  	2.250000	0.6507    	2.250000	0.6507    	2.250000	0.655431  	2.250000	0.000513228	
2.500000	1.42954   	2.500000	0.618469  	2.500000	0.618332  	2.500000	0.618332  	2.500000	0.617999  	2.500000	0.00046941	
3.000000	1.26183   	3.000000	0.558368  	3.000000	0.562577  	3.000000	0.562577  	3.000000	0.557966  	3.000000	0.000401998	
3.500000	1.1313    	3.500000	0.511231  	3.500000	0.516448  	3.500000	0.516448  	3.500000	0.510879  	3.500000	0.000352414	
4.000000	1.02667   	4.000000	0.472736  	4.000000	0.477856  	4.000000	0.477856  	4.000000	0.472421  	4.000000	0.000314307	
4.500000	0.940859  	4.500000	0.440505  	4.500000	0.4452    	4.500000	0.4452    	4.500000	0.440221  	4.500000	0.000284045	
5.000000	0.869132  	5.000000	0.413043  	5.000000	0.417251  	5.000000	0.417251  	5.000000	0.412783  	5.000000	0.000259394	
5.500000	0.808241  	5.500000	0.389326  	5.500000	0.393076  	5.500000	0.393076  	5.500000	0.389087  	5.500000	0.000238898	
6.000000	0.755869  	6.000000	0.368613  	6.000000	0.371958  	6.000000	0.371958  	6.000000	0.368391  	6.000000	0.000221573	
6.500000	0.710319  	6.500000	0.350349  	6.500000	0.353346  	6.500000	0.353346  	6.500000	0.350143  	6.500000	0.000206722	
7.000000	0.670321  	7.000000	0.334112  	7.000000	0.336808  	7.000000	0.336808  	7.000000	0.333918  	7.000000	0.000193841	
7.500000	0.634902  	7.500000	0.319569  	7.500000	0.322007  	7.500000	0.322007  	7.500000	0.319387  	7.500000	0.000182557	
8.000000	0.603307  	8.000000	0.30646   	8.000000	0.308674  	8.000000	0.308674  	8.000000	0.306287  	8.000000	0.000172584	
8.500000	0.574938  	8.500000	0.294573  	8.500000	0.296593  	8.500000	0.296593  	8.500000	0.294409  	8.500000	0.000163702	
9.000000	0.549319  	9.000000	0.283739  	9.000000	0.285587  	9.000000	0.285587  	9.000000	0.283583  	9.000000	0.000155738	
9.500000	0.526061  	9.500000	0.273817  	9.500000	0.275514  	9.500000	0.275514  	9.500000	0.273668  	9.500000	0.000148555	
10.000000	0.504848  	10.000000	0.266586  	10.000000	0.266253  	10.000000	0.266253  	10.000000	0.266444  	10.000000	0.000142041	
11.000000	0.467547  	11.000000	0.252371  	11.000000	0.250374  	11.000000	0.250501  	11.000000	0.25224   	11.000000	0.000130671	
12.000000	0.435789  	12.000000	0.239472  	12.000000	0.236529  	12.000000	0.236734  	12.000000	0.239351  	12.000000	0.000121073	
13.000000	0.408406  	13.000000	0.227783  	13.000000	0.224326  	13.000000	0.224578  	13.000000	0.22767   	13.000000	0.000112856	
14.000000	0.384538  	14.000000	0.217178  	14.000000	0.213474  	14.000000	0.213755  	14.000000	0.217072  	14.000000	0.000105738	
15.000000	0.363541  	15.000000	0.207533  	15.000000	0.203753  	15.000000	0.20405   	15.000000	0.207434  	15.000000	9.95079e-05	
16.000000	0.344917  	16.000000	0.198739  	16.000000	0.194992  	16.000000	0.195292  	16.000000	0.198645  	16.000000	9.4007e-05	
17.000000	0.32828   	17.000000	0.190696  	17.000000	0.187051  	17.000000	0.187345  	17.000000	0.190606  	17.000000	8.91122e-05	
18.000000	0.313323  	18.000000	0.183316  	18.000000	0.179813  	18.000000	0.180096  	18.000000	0.183231  	18.000000	8.47271e-05	
19.000000	0.299799  	19.000000	0.176524  	19.000000	0.173182  	19.000000	0.173456  	19.000000	0.176443  	19.000000	8.07745e-05	
20.000000	0.287509  	20.000000	0.170256  	20.000000	0.167059  	20.000000	0.167329  	20.000000	0.170178  	20.000000	7.71925e-05	
21.000000	0.276289  	21.000000	0.164453  	21.000000	0.161424  	21.000000	0.161687  	21.000000	0.164379  	21.000000	7.39305e-05	
22.000000	0.266001  	22.000000	0.159068  	22.000000	0.156213  	22.000000	0.156457  	22.000000	0.158997  	22.000000	7.09466e-05	
23.000000	0.256533  	23.000000	0.154057  	23.000000	0.151375  	23.000000	0.151595  	23.000000	0.153989  	23.000000	6.82061e-05	
24.000000	0.247789  	24.000000	0.149383  	24.000000	0.14686   	24.000000	0.14706   	24.000000	0.149318  	24.000000	6.568e-05 	
25.000000	0.239687  	25.000000	0.145014  	25.000000	0.142635  	25.000000	0.14282   	25.000000	0.14495   	25.000000	6.33436e-05	
27.000000	0.225143  	27.000000	0.137076  	27.000000	0.134955  	27.000000	0.135107  	27.000000	0.137017  	27.000000	5.91591e-05	
29.000000	0.21245   	29.000000	0.130055  	29.000000	0.128152  	29.000000	0.128267  	29.000000	0.129999  	29.000000	5.5518e-05	
31.000000	0.201272  	31.000000	0.123798  	31.000000	0.122088  	31.000000	0.122158  	31.000000	0.123746  	31.000000	5.23193e-05	
33.000000	0.191347  	33.000000	0.118188  	33.000000	0.116655  	33.000000	0.116683  	33.000000	0.118138  	33.000000	4.94859e-05	
35.000000	0.182473  	35.000000	0.113128  	35.000000	0.11176   	35.000000	0.111769  	35.000000	0.113081  	35.000000	4.69575e-05	
38.000000	0.170788  	38.000000	0.106405  	38.000000	0.105283  	38.000000	0.105251  	38.000000	0.106361  	38.000000	4.36357e-05	
41.000000	0.160692  	41.000000	0.100542  	41.000000	0.0996298 	41.000000	0.0995723 	41.000000	0.100501  	41.000000	4.07729e-05	
44.000000	0.151877  	44.000000	0.0953834 	44.000000	0.0946468 	44.000000	0.0945762 	44.000000	0.0953452 	44.000000	3.82788e-05	
47.000000	0.144109  	47.000000	0.0908079 	47.000000	0.0902265 	47.000000	0.0901423 	47.000000	0.0907718 	47.000000	3.60854e-05	
50.000000	0.137208  	50.000000	0.086721  	50.000000	0.0862706 	50.000000	0.0861781 	50.000000	0.0866869 	50.000000	3.41406e-05	
55.000000	0.127267  	55.000000	0.0807985 	55.000000	0.0805463 	55.000000	0.0804232 	55.000000	0.0807672 	55.000000	3.13456e-05	
60.000000	0.118873  	60.000000	0.0757672 	60.000000	0.0756521 	60.000000	0.0755219 	60.000000	0.0757382 	60.000000	2.89917e-05	
65.000000	0.111684  	65.000000	0.0714381 	65.000000	0.0714199 	65.000000	0.071293  	65.000000	0.0714112 	65.000000	2.69809e-05	
70.000000	0.105454  	70.000000	0.0676726 	70.000000	0.0677395 	70.000000	0.0676043 	70.000000	0.0676473 	70.000000	2.52422e-05	
75.000000	0.0999987 	75.000000	0.0643661 	75.000000	0.0644971 	75.000000	0.0643566 	75.000000	0.0643424 	75.000000	2.37232e-05	
80.000000	0.0951795 	80.000000	0.0614389 	80.000000	0.0616186 	80.000000	0.0614736 	80.000000	0.0614165 	80.000000	2.23842e-05	
85.000000	0.090889  	85.000000	0.0588286 	85.000000	0.0590447 	85.000000	0.0588963 	85.000000	0.0588074 	85.000000	2.11945e-05	
90.000000	0.0870429 	90.000000	0.0564859 	90.000000	0.0567189 	90.000000	0.0565777 	90.000000	0.0564657 	90.000000	2.01301e-05	
95.000000	0.0835741 	95.000000	0.0543712 	95.000000	0.0546244 	95.000000	0.0544801 	95.000000	0.0543521 	95.000000	1.9172e-05	
100.000000	0.0804284 	100.000000	0.0524526 	100.000000	0.0527195 	100.000000	0.0525728 	100.000000	0.0524343 	100.000000	1.83047e-05	
105.000000	0.0775616 	105.000000	0.0507038 	105.000000	0.0509802 	105.000000	0.0508309 	105.000000	0.0506862 	105.000000	1.75158e-05	
110.000000	0.0749374 	110.000000	0.0491029 	110.000000	0.0493774 	110.000000	0.0492334 	110.000000	0.0490861 	110.000000	1.6795e-05	
115.000000	0.0725255 	115.000000	0.0476318 	115.000000	0.0479055 	115.000000	0.0477628 	115.000000	0.0476157 	115.000000	1.61336e-05	
120.000000	0.0703006 	120.000000	0.0462752 	120.000000	0.0465504 	120.000000	0.0464045 	120.000000	0.0462597 	120.000000	1.55245e-05	
125.000000	0.0682412 	125.000000	0.0450202 	125.000000	0.0452911 	125.000000	0.045146  	125.000000	0.0450052 	125.000000	1.49617e-05	
130.000000	0.0663289 	130.000000	0.0438556 	130.000000	0.0441167 	130.000000	0.0439766 	130.000000	0.0438412 	130.000000	1.444e-05 	
135.000000	0.0645483 	135.000000	0.0427721 	135.000000	0.0430273 	135.000000	0.042887  	135.000000	0.0427581 	135.000000	1.3955e-05	
140.000000	0.0628858 	140.000000	0.0417612 	140.000000	0.0420121 	140.000000	0.0418694 	140.000000	0.0417477 	140.000000	1.35028e-05	
145.000000	0.0613297 	145.000000	0.040816  	145.000000	0.0410587 	145.000000	0.0409167 	145.000000	0.040803  	145.000000	1.30803e-05	
150.000000	0.0598699 	150.000000	0.0399302 	150.000000	0.0401606 	150.000000	0.040023  	150.000000	0.0399175 	150.000000	1.26845e-05	
155.000000	0.0578145 	155.000000	0.0390984 	155.000000	0.0393204 	155.000000	0.0391829 	155.000000	0.0390861 	155.000000	1.2313e-05	
160.000000	0.0566097 	160.000000	0.0383157 	160.000000	0.0385294 	160.000000	0.0383916 	160.000000	0.0383037 	160.000000	1.19636e-05	
165.000000	0.0554736 	165.000000	0.0375778 	165.000000	0.0377793 	165.000000	0.0376452 	165.000000	0.0375662 	165.000000	1.16343e-05	
170.000000	0.0544004 	170.000000	0.0368812 	170.000000	0.0370723 	170.000000	0.0369398 	170.000000	0.0368698 	170.000000	1.13234e-05	
175.000000	0.0533849 	175.000000	0.0362222 	175.000000	0.036406  	175.000000	0.0362722 	175.000000	0.0362112 	175.000000	1.10293e-05	
180.000000	0.0524225 	180.000000	0.0355981 	180.000000	0.0357746 	180.000000	0.0356395 	180.000000	0.0355874 	180.000000	1.07508e-05	
185.000000	0.0515092 	185.000000	0.0350061 	185.000000	0.035173  	185.000000	0.0350389 	185.000000	0.0349956 	185.000000	1.04867e-05	
190.000000	0.0506411 	190.000000	0.0344437 	190.000000	0.0345991 	190.000000	0.0344681 	190.000000	0.0344335 	190.000000	1.02357e-05	
195.000000	0.049815  	195.000000	0.0339088 	195.000000	0.0340548 	195.000000	0.0339249 	195.000000	0.0338988 	195.000000	9.99695e-06	
200.000000	0.049028  	200.000000	0.0333995 	200.000000	0.0335382 	200.000000	0.0334075 	200.000000	0.0333897 	200.000000	9.76957e-06	
210.000000	0.0475601 	210.000000	0.0324504 	210.000000	0.0325696 	210.000000	0.0324428 	210.000000	0.0324411 	210.000000	9.34573e-06	
220.000000	0.0462185 	220.000000	0.0315841 	220.000000	0.0316885 	220.000000	0.0315617 	220.000000	0.0315752 	220.000000	8.95858e-06	
230.000000	0.0449874 	230.000000	0.0307902 	230.000000	0.0308774 	230.000000	0.0307538 	230.000000	0.0307816 	230.000000	8.6035e-06	
240.000000	0.0438537 	240.000000	0.0300601 	240.000000	0.030133  	240.000000	0.0300105 	240.000000	0.0300518 	240.000000	8.2766e-06	
250.000000	0.0428062 	250.000000	0.0293864 	250.000000	0.0294486 	250.000000	0.0293246 	250.000000	0.0293784 	250.000000	7.97462e-06	
260.000000	0.0418353 	260.000000	0.0287628 	260.000000	0.0288118 	260.000000	0.0286896 	260.000000	0.0287551 	260.000000	7.69476e-06	
270.000000	0.040933  	270.000000	0.028184  	270.000000	0.02822   	270.000000	0.0281003 	270.000000	0.0281766 	270.000000	7.43467e-06	
280.000000	0.0400922 	280.000000	0.0276455 	280.000000	0.0276723 	280.000000	0.027552  	280.000000	0.0276383 	280.000000	7.19227e-06	
290.000000	0.0393069 	290.000000	0.0271431 	290.000000	0.0271581 	290.000000	0.0270407 	290.000000	0.0271362 	290.000000	6.96581e-06	
300.000000	0.0385717 	300.000000	0.0266735 	300.000000	0.0266794 	300.000000	0.0265628 	300.000000	0.0266668 	300.000000	6.75375e-06	
310.000000	0.0378821 	310.000000	0.0262336 	310.000000	0.0262319 	310.000000	0.0261153 	310.000000	0.026227  	310.000000	6.55472e-06	
320.000000	0.0372339 	320.000000	0.0258207 	320.000000	0.0258094 	320.000000	0.0256955 	320.000000	0.0258143 	320.000000	6.36755e-06	
330.000000	0.0366236 	330.000000	0.0254324 	330.000000	0.0254144 	330.000000	0.0253009 	330.000000	0.0254262 	330.000000	6.1912e-06	
340.000000	0.0360479 	340.000000	0.0250667 	340.000000	0.025043  	340.000000	0.0249294 	340.000000	0.0250607 	340.000000	6.02475e-06	
350.000000	0.0355041 	350.000000	0.0247217 	350.000000	0.0246906 	350.000000	0.0245792 	350.000000	0.0247158 	350.000000	5.86736e-06	
360.000000	0.0349897 	360.000000	0.0243957 	360.000000	0.0243589 	360.000000	0.0242485 	360.000000	0.0243899 	360.000000	5.71831e-06	
370.000000	0.0345022 	370.000000	0.0240872 	370.000000	0.0240467 	370.000000	0.0239358 	370.000000	0.0240816 	370.000000	5.57695e-06	
380.000000	0.0340398 	380.000000	0.023795  	380.000000	0.0237494 	380.000000	0.0236397 	380.000000	0.0237895 	380.000000	5.44269e-06	
390.000000	0.0336006 	390.000000	0.0235177 	390.000000	0.023467  	390.000000	0.0233591 	390.000000	0.0235124 	390.000000	5.31499e-06	
400.000000	0.0331829 	400.000000	0.0232544 	400.000000	0.0232007 	400.000000	0.0230928 	400.000000	0.0232492 	400.000000	5.19339e-06	
410.000000	0.0327853 	410.000000	0.023004  	410.000000	0.0229479 	410.000000	0.0228399 	410.000000	0.0229989 	410.000000	5.07745e-06	
420.000000	0.0324063 	420.000000	0.0227657 	420.000000	0.022706  	420.000000	0.0225992 	420.000000	0.0227607 	420.000000	4.96677e-06	
430.000000	0.0320448 	430.000000	0.0225386 	430.000000	0.0224754 	430.000000	0.0223702 	430.000000	0.0225337 	430.000000	4.86101e-06	
440.000000	0.0316995 	440.000000	0.022322  	440.000000	0.0222571 	440.000000	0.0221519 	440.000000	0.0223172 	440.000000	4.75984e-06	
450.000000	0.0313696 	450.000000	0.0221152 	450.000000	0.0220492 	450.000000	0.0219438 	450.000000	0.0221105 	450.000000	4.66296e-06	
460.000000	0.0310539 	460.000000	0.0219176 	460.000000	0.0218497 	460.000000	0.021745  	460.000000	0.021913  	460.000000	4.5701e-06	
470.000000	0.0307517 	470.000000	0.0217286 	470.000000	0.0216584 	470.000000	0.0215552 	470.000000	0.0217242 	470.000000	4.48101e-06	
480.000000	0.0304622 	480.000000	0.0215478 	480.000000	0.0214762 	480.000000	0.0213737 	480.000000	0.0215434 	480.000000	4.39547e-06	
490.000000	0.0301846 	490.000000	0.0213746 	490.000000	0.0213028 	490.000000	0.0212    	490.000000	0.0213703 	490.000000	4.31326e-06	
500.000000	0.0299182 	500.000000	0.0212086 	500.000000	0.0211367 	500.000000	0.0210338 	500.000000	0.0212043 	500.000000	4.23419e-06	
520.000000	0.0294167 	520.000000	0.0208965 	520.000000	0.0208225 	520.000000	0.0207217 	520.000000	0.0208924 	520.000000	4.08477e-06	
540.000000	0.0289532 	540.000000	0.0206086 	540.000000	0.0205347 	540.000000	0.0204344 	540.000000	0.0206047 	540.000000	3.94593e-06	
560.000000	0.0285238 	560.000000	0.0203425 	560.000000	0.0202697 	560.000000	0.0201694 	560.000000	0.0203386 	560.000000	3.81657e-06	
580.000000	0.0281252 	580.000000	0.0200958 	580.000000	0.0200228 	580.000000	0.0199244 	580.000000	0.0200921 	580.000000	3.69574e-06	
600.000000	0.0277545 	600.000000	0.0198669 	600.000000	0.0197953 	600.000000	0.0196974 	600.000000	0.0198633 	600.000000	3.58261e-06	
620.000000	0.0274091 	620.000000	0.0196539 	620.000000	0.0195849 	620.000000	0.0194867 	620.000000	0.0196504 	620.000000	3.47646e-06	
640.000000	0.0270867 	640.000000	0.0194554 	640.000000	0.0193876 	640.000000	0.0192908 	640.000000	0.019452  	640.000000	3.37665e-06	
660.000000	0.0267854 	660.000000	0.0192702 	660.000000	0.019204  	660.000000	0.0191084 	660.000000	0.0192669 	660.000000	3.28263e-06	
680.000000	0.0265034 	680.000000	0.0190971 	680.000000	0.0190341 	680.000000	0.0189382 	680.000000	0.0190939 	680.000000	3.1939e-06	
700.000000	0.0262391 	700.000000	0.0189351 	700.000000	0.018875  	700.000000	0.0187793 	700.000000	0.018932  	700.000000	3.11003e-06	
720.000000	0.0259912 	720.000000	0.0187833 	720.000000	0.0187251 	720.000000	0.0186306 	720.000000	0.0187803 	720.000000	3.0306e-06	
740.000000	0.0257583 	740.000000	0.0186409 	740.000000	0.018585  	740.000000	0.0184914 	740.000000	0.018638  	740.000000	2.95529e-06	
760.000000	0.0255394 	760.000000	0.0185072 	760.000000	0.0184546 	760.000000	0.018361  	760.000000	0.0185043 	760.000000	2.88377e-06	
780.000000	0.0253335 	780.000000	0.0183815 	780.000000	0.0183324 	780.000000	0.0182385 	780.000000	0.0183787 	780.000000	2.81576e-06	
800.000000	0.0251396 	800.000000	0.0182633 	800.000000	0.0182168 	800.000000	0.0181235 	800.000000	0.0182606 	800.000000	2.751e-06 	
820.000000	0.0249568 	820.000000	0.018152  	820.000000	0.0181076 	820.000000	0.0180154 	820.000000	0.0181493 	820.000000	2.68926e-06	
840.000000	0.0247845 	840.000000	0.0180471 	840.000000	0.0180052 	840.000000	0.0179136 	840.000000	0.0180445 	840.000000	2.63034e-06	
860.000000	0.0246219 	860.000000	0.0179482 	860.000000	0.0179094 	860.000000	0.0178178 	860.000000	0.0179456 	860.000000	2.57404e-06	
880.000000	0.0244685 	880.000000	0.0178549 	880.000000	0.0178193 	880.000000	0.0177275 	880.000000	0.0178524 	880.000000	2.5202e-06	
900.000000	0.0243236 	900.000000	0.0177668 	900.000000	0.017734  	900.000000	0.0176423 	900.000000	0.0177644 	900.000000	2.46864e-06	
920.000000	0.0241868 	920.000000	0.0176837 	920.000000	0.0176529 	920.000000	0.0175619 	920.000000	0.0176813 	920.000000	2.41923e-06	
940.000000	0.0240574 	940.000000	0.0176051 	940.000000	0.0175761 	940.000000	0.017486  	940.000000	0.0176027 	940.000000	2.37183e-06	
960.000000	0.0239352 	960.000000	0.0175309 	960.000000	0.0175039 	960.000000	0.0174143 	960.000000	0.0175285 	960.000000	2.32632e-06	
980.000000	0.0238197 	980.000000	0.0174607 	980.000000	0.0174361 	980.000000	0.0173465 	980.000000	0.0174584 	980.000000	2.28259e-06	
1000.000000	0.0237104 	1000.000000	0.0173943 	1000.000000	0.0173722 	1000.000000	0.0172823 	1000.000000	0.0173921 	1000.000000	2.24054e-06	
1020.000000	0.0236072 	1020.000000	0.0173315 	1020.000000	0.0173116 	1020.000000	0.0172216 	1020.000000	0.0173293 	1020.000000	2.20006e-06	
1040.000000	0.0235095 	1040.000000	0.0172722 	1040.000000	0.0172539 	1040.000000	0.0171642 	1040.000000	0.01727   	1040.000000	2.16108e-06	
1060.000000	0.0234173 	1060.000000	0.017216  	1060.000000	0.0171989 	1060.000000	0.0171098 	1060.000000	0.0172139 	1060.000000	2.1235e-06	
1080.000000	0.02333   	1080.000000	0.0171629 	1080.000000	0.0171468 	1080.000000	0.0170583 	1080.000000	0.0171608 	1080.000000	2.08726e-06	
1100.000000	0.0232476 	1100.000000	0.0171126 	1100.000000	0.0170974 	1100.000000	0.0170094 	1100.000000	0.0171105 	1100.000000	2.05228e-06	
1120.000000	0.0231697 	1120.000000	0.0170651 	1120.000000	0.0170514 	1120.000000	0.0169636 	1120.000000	0.017063  	1120.000000	2.0185e-06	
1140.000000	0.0230962 	1140.000000	0.0170201 	1140.000000	0.0170082 	1140.000000	0.0169204 	1140.000000	0.0170181 	1140.000000	1.98585e-06	
1160.000000	0.0230268 	1160.000000	0.0169776 	1160.000000	0.0169673 	1160.000000	0.0168793 	1160.000000	0.0169757 	1160.000000	1.95428e-06	
1180.000000	0.0229613 	1180.000000	0.0169375 	1180.000000	0.0169285 	1180.000000	0.0168405 	1180.000000	0.0169355 	1180.000000	1.92374e-06	
1200.000000	0.0228996 	1200.000000	0.0168995 	1200.000000	0.0168917 	1200.000000	0.0168036 	1200.000000	0.0168976 	1200.000000	1.89417e-06	
1220.000000	0.0228414 	1220.000000	0.0168637 	1220.000000	0.0168565 	1220.000000	0.0167687 	1220.000000	0.0168618 	1220.000000	1.86553e-06	
1240.000000	0.0227866 	1240.000000	0.0168298 	1240.000000	0.016823  	1240.000000	0.0167356 	1240.000000	0.016828  	1240.000000	1.83778e-06	
1260.000000	0.0227352 	1260.000000	0.0167979 	1260.000000	0.0167912 	1260.000000	0.0167042 	1260.000000	0.0167961 	1260.000000	1.81087e-06	
1280.000000	0.0226868 	1280.000000	0.0167678 	1280.000000	0.016761  	1280.000000	0.0166745 	1280.000000	0.016766  	1280.000000	1.78477e-06	
1300.000000	0.0226414 	1300.000000	0.0167395 	1300.000000	0.0167325 	1300.000000	0.0166463 	1300.000000	0.0167377 	1300.000000	1.75943e-06	
1320.000000	0.0225989 	1320.000000	0.0167128 	1320.000000	0.0167056 	1320.000000	0.0166196 	1320.000000	0.016711  	1320.000000	1.73483e-06	
1340.000000	0.0225591 	1340.000000	0.0166877 	1340.000000	0.0166803 	1340.000000	0.0165943 	1340.000000	0.016686  	1340.000000	1.71094e-06	
1360.000000	0.0225219 	1360.000000	0.0166641 	1360.000000	0.0166564 	1360.000000	0.0165703 	1360.000000	0.0166624 	1360.000000	1.68772e-06	
1380.000000	0.0224873 	1380.000000	0.016642  	1380.000000	0.0166338 	1380.000000	0.0165476 	1380.000000	0.0166403 	1380.000000	1.66514e-06	
1400.000000	0.022455  	1400.000000	0.0166213 	1400.000000	0.0166124 	1400.000000	0.0165262 	1400.000000	0.0166197 	1400.000000	1.64319e-06	
1420.000000	0.0224252 	1420.000000	0.0166019 	1420.000000	0.0165921 	1420.000000	0.0165058 	1420.000000	0.0166003 	1420.000000	1.62182e-06	
1440.000000	0.0223975 	1440.000000	0.0165839 	1440.000000	0.0165729 	1440.000000	0.0164866 	1440.000000	0.0165822 	1440.000000	1.60103e-06	
1460.000000	0.022372  	1460.000000	0.016567  	1460.000000	0.0165545 	1460.000000	0.0164684 	1460.000000	0.0165654 	1460.000000	1.58078e-06	
1480.000000	0.0223485 	1480.000000	0.0165513 	1480.000000	0.016537  	1480.000000	0.0164512 	1480.000000	0.0165498 	1480.000000	1.56105e-06	
1500.000000	0.0223271 	1500.000000	0.0165368 	1500.000000	0.016521  	1500.000000	0.0164354 	1500.000000	0.0165353 	1500.000000	1.54183e-06	
1520.000000	0.0223076 	1520.000000	0.0165234 	1520.000000	0.0165059 	1520.000000	0.0164206 	1520.000000	0.0165218 	1520.000000	1.5231e-06	
1540.000000	0.0222899 	1540.000000	0.016511  	1540.000000	0.0164916 	1540.000000	0.0164066 	1540.000000	0.0165095 	1540.000000	1.50483e-06	
1560.000000	0.022274  	1560.000000	0.0164996 	1560.000000	0.0164782 	1560.000000	0.0163934 	1560.000000	0.0164981 	1560.000000	1.48701e-06	
1580.000000	0.0222599 	1580.000000	0.0164892 	1580.000000	0.0164656 	1580.000000	0.0163811 	1580.000000	0.0164877 	1580.000000	1.46962e-06	
1600.000000	0.0222474 	1600.000000	0.0164797 	1600.000000	0.0164539 	1600.000000	0.0163695 	1600.000000	0.0164783 	1600.000000	1.45265e-06	
1620.000000	0.0222365 	1620.000000	0.0164711 	1620.000000	0.0164429 	1620.000000	0.0163586 	1620.000000	0.0164697 	1620.000000	1.43608e-06	
1640.000000	0.0222271 	1640.000000	0.0164634 	1640.000000	0.0164328 	1640.000000	0.0163485 	1640.000000	0.016462  	1640.000000	1.4199e-06	
1660.000000	0.0222193 	1660.000000	0.0164566 	1660.000000	0.0164233 	1660.000000	0.0163389 	1660.000000	0.0164552 	1660.000000	1.40409e-06	
1680.000000	0.0222129 	1680.000000	0.0164505 	1680.000000	0.0164145 	1680.000000	0.0163301 	1680.000000	0.0164492 	1680.000000	1.38865e-06	
1700.000000	0.022208  	1700.000000	0.0164453 	1700.000000	0.0164063 	1700.000000	0.0163218 	1700.000000	0.0164439 	1700.000000	1.37355e-06	
1750.000000	0.0222014 	1750.000000	0.0164353 	1750.000000	0.0163883 	1750.000000	0.0163037 	1750.000000	0.016434  	1750.000000	1.33726e-06	
1800.000000	0.0222028 	1800.000000	0.0164297 	1800.000000	0.0163734 	1800.000000	0.0162889 	1800.000000	0.0164284 	1800.000000	1.3029e-06	
1850.000000	0.0222114 	1850.000000	0.0164281 	1850.000000	0.0163613 	1850.000000	0.0162771 	1850.000000	0.0164269 	1850.000000	1.27032e-06	
1900.000000	0.0222268 	1900.000000	0.0164302 	1900.000000	0.0163519 	1900.000000	0.016268  	1900.000000	0.0164289 	1900.000000	1.23939e-06	
1950.000000	0.0222485 	1950.000000	0.0164356 	1950.000000	0.0163448 	1950.000000	0.0162613 	1950.000000	0.0164344 	1950.000000	1.20998e-06	
2000.000000	0.0222761 	2000.000000	0.0164442 	2000.000000	0.01634   	2000.000000	0.0162569 	2000.000000	0.016443  	2000.000000	1.18199e-06	
2100.000000	0.0223474 	2100.000000	0.0164698 	2100.000000	0.0163365 	2100.000000	0.0162539 	2100.000000	0.0164687 	2100.000000	1.12984e-06	
2200.000000	0.0224381 	2200.000000	0.0165055 	2200.000000	0.01634   	2200.000000	0.0162576 	2200.000000	0.0165044 	2200.000000	1.08225e-06	
2300.000000	0.0225459 	2300.000000	0.01655   	2300.000000	0.0163493 	2300.000000	0.0162669 	2300.000000	0.0165489 	2300.000000	1.03864e-06	
2400.000000	0.022669  	2400.000000	0.0166021 	2400.000000	0.0163631 	2400.000000	0.0162808 	2400.000000	0.0166011 	2400.000000	9.9852e-07	
2500.000000	0.0228057 	2500.000000	0.0166609 	2500.000000	0.0163807 	2500.000000	0.0162985 	2500.000000	0.0166599 	2500.000000	9.61487e-07	
2600.000000	0.0229547 	2600.000000	0.0167257 	2600.000000	0.0164015 	2600.000000	0.0163195 	2600.000000	0.0167247 	2600.000000	9.27193e-07	
2700.000000	0.0231149 	2700.000000	0.0167957 	2700.000000	0.0164249 	2700.000000	0.0163432 	2700.000000	0.0167948 	2700.000000	8.95342e-07	
2800.000000	0.0232852 	2800.000000	0.0168705 	2800.000000	0.0164505 	2800.000000	0.0163691 	2800.000000	0.0168696 	2800.000000	8.65679e-07	
2900.000000	0.0234649 	2900.000000	0.0169495 	2900.000000	0.0164781 	2900.000000	0.0163969 	2900.000000	0.0169486 	2900.000000	8.37983e-07	
3000.000000	0.0236531 	3000.000000	0.0170322 	3000.000000	0.0165071 	3000.000000	0.0164262 	3000.000000	0.0170314 	3000.000000	8.12063e-07	
3200.000000	0.0240526 	3200.000000	0.0172076 	3200.000000	0.016569  	3200.000000	0.0164886 	3200.000000	0.0172068 	3200.000000	7.649e-07 	
3400.000000	0.0244794 	3400.000000	0.0173942 	3400.000000	0.0166344 	3400.000000	0.0165545 	3400.000000	0.0173935 	3400.000000	7.23082e-07	
3600.000000	0.02493   	3600.000000	0.0175901 	3600.000000	0.0167023 	3600.000000	0.0166227 	3600.000000	0.0175894 	3600.000000	6.85738e-07	
3800.000000	0.0254016 	3800.000000	0.0177937 	3800.000000	0.0167717 	3800.000000	0.0166922 	3800.000000	0.017793  	3800.000000	6.5218e-07	
4000.000000	0.0258922 	4000.000000	0.0180038 	4000.000000	0.0168418 	4000.000000	0.0167624 	4000.000000	0.0180032 	4000.000000	6.21855e-07	
4200.000000	0.0263997 	4200.000000	0.0182195 	4200.000000	0.0169122 	4200.000000	0.0168327 	4200.000000	0.0182189 	4200.000000	5.94312e-07	
4400.000000	0.0269229 	4400.000000	0.0184399 	4400.000000	0.0169823 	4400.000000	0.0169029 	4400.000000	0.0184393 	4400.000000	5.6918e-07	
4600.000000	0.0274604 	4600.000000	0.0186644 	4600.000000	0.017052  	4600.000000	0.0169726 	4600.000000	0.0186638 	4600.000000	5.46154e-07	
4800.000000	0.0280112 	4800.000000	0.0188924 	4800.000000	0.017121  	4800.000000	0.0170416 	4800.000000	0.0188919 	4800.000000	5.24977e-07	
5000.000000	0.0285744 	5000.000000	0.0191234 	5000.000000	0.0171891 	5000.000000	0.0171097 	5000.000000	0.0191229 	5000.000000	5.05432e-07	
5250.000000	0.0292947 	5250.000000	0.019416  	5250.000000	0.0172728 	5250.000000	0.0171935 	5250.000000	0.0194155 	5250.000000	4.83019e-07	
5500.000000	0.0300321 	5500.000000	0.019712  	5500.000000	0.0173549 	5500.000000	0.0172757 	5500.000000	0.0197116 	5500.000000	4.6257e-07	
6000.000000	0.0315539 	6000.000000	0.0203127 	6000.000000	0.0175139 	6000.000000	0.0174349 	6000.000000	0.0203123 	6000.000000	4.26605e-07	
6500.000000	0.0331336 	6500.000000	0.0209222 	6500.000000	0.0176657 	6500.000000	0.0175869 	6500.000000	0.0209218 	6500.000000	3.95982e-07	
7000.000000	0.0347665 	7000.000000	0.0215383 	7000.000000	0.0178104 	7000.000000	0.0177318 	7000.000000	0.021538  	7000.000000	3.69583e-07	
7500.000000	0.0364492 	7500.000000	0.0221594 	7500.000000	0.0179484 	7500.000000	0.0178699 	7500.000000	0.022159  	7500.000000	3.46582e-07	
8000.000000	0.0381792 	8000.000000	0.0227841 	8000.000000	0.01808   	8000.000000	0.0180015 	8000.000000	0.0227838 	8000.000000	3.26358e-07	
8500.000000	0.0399545 	8500.000000	0.0234117 	8500.000000	0.0182053 	8500.000000	0.0181271 	8500.000000	0.0234114 	8500.000000	3.0843e-07	
9000.000000	0.0417736 	9000.000000	0.0240414 	9000.000000	0.0183246 	9000.000000	0.018247  	9000.000000	0.0240411 	9000.000000	2.92426e-07	
9500.000000	0.0436353 	9500.000000	0.0246727 	9500.000000	0.0184386 	9500.000000	0.0183616 	9500.000000	0.0246724 	9500.000000	2.78049e-07	
10000.000000	0.0455386 	10000.000000	0.0253051 	10000.000000	0.0185479 	10000.000000	0.0184713 	10000.000000	0.0253048 	10000.000000	2.6506e-07	
11000.000000	0.0494671 	11000.000000	0.0265721 	11000.000000	0.0187536 	11000.000000	0.0186772 	11000.000000	0.0265718 	11000.000000	2.42507e-07	
12000.000000	0.0535546 	12000.000000	0.0278405 	12000.000000	0.0189436 	12000.000000	0.0188672 	12000.000000	0.0278403 	12000.000000	2.23589e-07	
13000.000000	0.0577979 	13000.000000	0.0291091 	13000.000000	0.0191194 	13000.000000	0.0190432 	13000.000000	0.0291089 	13000.000000	2.07487e-07	
14000.000000	0.062195  	14000.000000	0.0303771 	14000.000000	0.0192825 	14000.000000	0.019207  	14000.000000	0.0303769 	14000.000000	1.93609e-07	
15000.000000	0.0667445 	15000.000000	0.0316439 	15000.000000	0.0194345 	15000.000000	0.01936   	15000.000000	0.0316437 	15000.000000	1.81521e-07	
16000.000000	0.0714457 	16000.000000	0.0329091 	16000.000000	0.0195769 	16000.000000	0.0195035 	16000.000000	0.0329089 	16000.000000	1.70894e-07	
17000.000000	0.0762979 	17000.000000	0.0341725 	17000.000000	0.0197111 	17000.000000	0.0196384 	17000.000000	0.0341724 	17000.000000	1.61476e-07	
18000.000000	0.0813008 	18000.000000	0.0354341 	18000.000000	0.0198378 	18000.000000	0.0197657 	18000.000000	0.0354339 	18000.000000	1.53071e-07	
19000.000000	0.0864545 	19000.000000	0.0366936 	19000.000000	0.0199579 	19000.000000	0.0198861 	19000.000000	0.0366934 	19000.000000	1.45521e-07	
20000.000000	0.091759  	20000.000000	0.037951  	20000.000000	0.0200719 	20000.000000	0.0200003 	20000.000000	0.0379508 	20000.000000	1.38702e-07	
21000.000000	0.0972146 	21000.000000	0.0392063 	21000.000000	0.02018   	21000.000000	0.0201089 	21000.000000	0.0392061 	21000.000000	1.32511e-07	
22000.000000	0.102821  	22000.000000	0.0404594 	22000.000000	0.020282  	22000.000000	0.0202123 	22000.000000	0.0404593 	22000.000000	1.26864e-07	
23000.000000	0.10858   	23000.000000	0.0417105 	23000.000000	0.0203801 	23000.000000	0.020311  	23000.000000	0.0417104 	23000.000000	1.21693e-07	
24000.000000	0.114491  	24000.000000	0.0429595 	24000.000000	0.0204742 	24000.000000	0.0204054 	24000.000000	0.0429594 	24000.000000	1.16938e-07	
25000.000000	0.120554  	25000.000000	0.0442065 	25000.000000	0.0205638 	25000.000000	0.0204957 	25000.000000	0.0442063 	25000.000000	1.12551e-07	
26000.000000	0.126771  	26000.000000	0.0454514 	26000.000000	0.0206495 	26000.000000	0.0205825 	26000.000000	0.0454513 	26000.000000	1.08491e-07	
27000.000000	0.133142  	27000.000000	0.0466943 	27000.000000	0.0207318 	27000.000000	0.0206658 	27000.000000	0.0466942 	27000.000000	1.04722e-07	
28000.000000	0.139667  	28000.000000	0.0479353 	28000.000000	0.0208109 	28000.000000	0.0207459 	28000.000000	0.0479352 	28000.000000	1.01213e-07	
29000.000000	0.146348  	29000.000000	0.0491744 	29000.000000	0.0208869 	29000.000000	0.0208231 	29000.000000	0.0491743 	29000.000000	9.79384e-08	
30000.000000	0.153184  	30000.000000	0.0504116 	30000.000000	0.0209602 	30000.000000	0.0208975 	30000.000000	0.0504115 	30000.000000	9.48751e-08	
32000.000000	0.167327  	32000.000000	0.0528806 	32000.000000	0.0210993 	32000.000000	0.0210389 	32000.000000	0.0528805 	32000.000000	8.93045e-08	
34000.000000	0.182102  	34000.000000	0.0553426 	34000.000000	0.0212295 	34000.000000	0.0211712 	34000.000000	0.0553426 	34000.000000	8.43689e-08	
36000.000000	0.197515  	36000.000000	0.057798  	36000.000000	0.0213513 	36000.000000	0.0212955 	36000.000000	0.0577979 	36000.000000	7.99645e-08	
38000.000000	0.213574  	38000.000000	0.060247  	38000.000000	0.0214657 	38000.000000	0.0214127 	38000.000000	0.060247  	38000.000000	7.60092e-08	
40000.000000	0.230284  	40000.000000	0.06269   	40000.000000	0.0215735 	40000.000000	0.0215234 	40000.000000	0.0626899 	40000.000000	7.24371e-08	
42000.000000	0.247651  	42000.000000	0.0651271 	42000.000000	0.0216757 	42000.000000	0.0216284 	42000.000000	0.065127  	42000.000000	6.91946e-08	
44000.000000	0.265684  	44000.000000	0.0675586 	44000.000000	0.0217729 	44000.000000	0.0217282 	44000.000000	0.0675585 	44000.000000	6.62377e-08	
46000.000000	0.284388  	46000.000000	0.0699848 	46000.000000	0.0218656 	46000.000000	0.0218232 	46000.000000	0.0699847 	46000.000000	6.35299e-08	
48000.000000	0.303772  	48000.000000	0.0724058 	48000.000000	0.0219541 	48000.000000	0.0219139 	48000.000000	0.0724058 	48000.000000	6.10407e-08	
50000.000000	0.323841  	50000.000000	0.0748219 	50000.000000	0.0220384 	50000.000000	0.0220006 	50000.000000	0.0748219 	50000.000000	5.87445e-08	
