*Energy (MeV/u)1	0 - [He-base] F.Hubert et al, AD&ND Tables 46(1990)1	Energy (MeV/u)2	1 - [H -base] J.F.Ziegler et al, Pergamon Press, NY (low energy)	Energy (MeV/u)3	2 - ATIMA 1.2  LS-theory (recommended for high energy)	Energy (MeV/u)4	3 - ATIMA 1.2  without LS-correction	Energy (MeV/u)5	4 - electrical component of [1] - J.F.Ziegler et al	Energy (MeV/u)6	5 - nuclear component of [1] - J.F.Ziegler et al	
0.001000	0.771895  	0.001000	0.123862  	0.001000	0.121934  	0.001000	0.121934  	0.001000	0.0834002 	0.001000	0.0404621 	
0.002000	0.851817  	0.002000	0.1539    	0.002000	0.153599  	0.002000	0.153599  	0.002000	0.115518  	0.002000	0.0383813 	
0.005000	1.05113   	0.005000	0.208686  	0.005000	0.213162  	0.005000	0.213162  	0.005000	0.177698  	0.005000	0.0309875 	
0.008000	1.20591   	0.008000	0.247656  	0.008000	0.256465  	0.008000	0.256465  	0.008000	0.221625  	0.008000	0.0260303 	
0.010000	1.29318   	0.010000	0.269755  	0.010000	0.281257  	0.010000	0.281257  	0.010000	0.246131  	0.010000	0.0236238 	
0.015000	1.51481   	0.015000	0.317191  	0.015000	0.334922  	0.015000	0.334922  	0.015000	0.297804  	0.015000	0.0193869 	
0.020000	1.6923    	0.020000	0.362442  	0.020000	0.386469  	0.020000	0.386469  	0.020000	0.345846  	0.020000	0.0165961 	
0.025000	1.8919    	0.025000	0.407646  	0.025000	0.438635  	0.025000	0.438635  	0.025000	0.39305   	0.025000	0.0145968 	
0.030000	2.06143   	0.030000	0.452164  	0.030000	0.477915  	0.030000	0.477915  	0.030000	0.439081  	0.030000	0.0130828 	
0.035000	2.20098   	0.035000	0.494427  	0.035000	0.515124  	0.035000	0.515124  	0.035000	0.482537  	0.035000	0.01189   	
0.040000	2.31101   	0.040000	0.534476  	0.040000	0.550389  	0.040000	0.550389  	0.040000	0.523554  	0.040000	0.0109221 	
0.045000	2.39209   	0.045000	0.572341  	0.045000	0.583799  	0.045000	0.583799  	0.045000	0.562222  	0.045000	0.0101185 	
0.050000	2.4422    	0.050000	0.607817  	0.050000	0.615424  	0.050000	0.615424  	0.050000	0.598378  	0.050000	0.0094389 	
0.055000	2.54564   	0.055000	0.640032  	0.055000	0.645328  	0.055000	0.645328  	0.055000	0.631177  	0.055000	0.0088556 	
0.060000	2.63285   	0.060000	0.670291  	0.060000	0.673568  	0.060000	0.673568  	0.060000	0.661942  	0.060000	0.00834864	
0.070000	2.76338   	0.070000	0.725197  	0.070000	0.72529   	0.070000	0.72529   	0.070000	0.717688  	0.070000	0.00750863	
0.080000	2.90269   	0.080000	0.773104  	0.080000	0.771061  	0.080000	0.771061  	0.080000	0.766265  	0.080000	0.00683884	
0.090000	3.00649   	0.090000	0.814577  	0.090000	0.811303  	0.090000	0.811303  	0.090000	0.808345  	0.090000	0.00623224	
0.100000	3.08373   	0.100000	0.850382  	0.100000	0.846621  	0.100000	0.846621  	0.100000	0.844602  	0.100000	0.00577959	
0.120000	3.1114    	0.120000	0.907297  	0.120000	0.904164  	0.120000	0.904164  	0.120000	0.902234  	0.120000	0.00506228	
0.140000	3.10795   	0.140000	0.948421  	0.140000	0.947157  	0.140000	0.947157  	0.140000	0.943903  	0.140000	0.00451735	
0.160000	3.11235   	0.160000	0.980452  	0.160000	0.978662  	0.160000	0.978662  	0.160000	0.976364  	0.160000	0.00408779	
0.180000	3.13067   	0.180000	1.01099   	0.180000	1.00122   	0.180000	1.00122   	0.180000	1.00725   	0.180000	0.00373952	
0.200000	3.14691   	0.200000	1.03242   	0.200000	1.01687   	0.200000	1.01687   	0.200000	1.02897   	0.200000	0.00345085	
0.250000	3.10845   	0.250000	1.0672    	0.250000	1.0355    	0.250000	1.0355    	0.250000	1.0643    	0.250000	0.00290518	
0.300000	3.09565   	0.300000	1.08817   	0.300000	1.03682   	0.300000	1.03682   	0.300000	1.08565   	0.300000	0.00251937	
0.350000	3.07785   	0.350000	1.09842   	0.350000	1.03597   	0.350000	1.03597   	0.350000	1.09618   	0.350000	0.00223076	
0.400000	3.07375   	0.400000	1.10867   	0.400000	1.03124   	0.400000	1.03124   	0.400000	1.10666   	0.400000	0.00200595	
0.450000	3.05215   	0.450000	1.11164   	0.450000	1.02179   	0.450000	1.02179   	0.450000	1.10982   	0.450000	0.00182544	
0.500000	3.01344   	0.500000	1.1069    	0.500000	1.00945   	0.500000	1.00945   	0.500000	1.10523   	0.500000	0.00167701	
0.600000	2.80696   	0.600000	1.0825    	0.600000	0.97899   	0.600000	0.97899   	0.600000	1.08105   	0.600000	0.0014467 	
0.700000	2.59071   	0.700000	1.04947   	0.700000	0.948513  	0.700000	0.948513  	0.700000	1.04819   	0.700000	0.00127568	
0.800000	2.46891   	0.800000	1.0092    	0.800000	0.919099  	0.800000	0.919099  	0.800000	1.00805   	0.800000	0.00114324	
0.900000	2.35361   	0.900000	0.970678  	0.900000	0.891049  	0.900000	0.891049  	0.900000	0.969641  	0.900000	0.0010374 	
1.000000	2.24588   	1.000000	0.93437   	1.000000	0.864403  	1.000000	0.864403  	1.000000	0.933419  	1.000000	0.000950717	
1.250000	1.99578   	1.250000	0.848777  	1.250000	0.799865  	1.250000	0.799865  	1.250000	0.847988  	1.250000	0.000789473	
1.500000	1.79388   	1.500000	0.778811  	1.500000	0.745203  	1.500000	0.745203  	1.500000	0.778133  	1.500000	0.000677571	
1.750000	1.62901   	1.750000	0.721036  	1.750000	0.698102  	1.750000	0.698102  	1.750000	0.720441  	1.750000	0.000595035	
2.000000	1.484     	2.000000	0.668005  	2.000000	0.656732  	2.000000	0.656732  	2.000000	0.667473  	2.000000	0.000531464	
2.250000	1.36443   	2.250000	0.622918  	2.250000	0.620042  	2.250000	0.620042  	2.250000	0.622437  	2.250000	0.000480887	
2.500000	1.23866   	2.500000	0.585608  	2.500000	0.587305  	2.500000	0.587305  	2.500000	0.585168  	2.500000	0.000439621	
3.000000	1.09335   	3.000000	0.526231  	3.000000	0.5316    	3.000000	0.5316    	3.000000	0.525855  	3.000000	0.000376189	
3.500000	0.980239  	3.500000	0.480101  	3.500000	0.486105  	3.500000	0.486105  	3.500000	0.479771  	3.500000	0.000329578	
4.000000	0.889588  	4.000000	0.442715  	4.000000	0.448408  	4.000000	0.448408  	4.000000	0.442422  	4.000000	0.000293785	
4.500000	0.815231  	4.500000	0.411606  	4.500000	0.416743  	4.500000	0.416743  	4.500000	0.411341  	4.500000	0.000265379	
5.000000	0.753082  	5.000000	0.385232  	5.000000	0.389803  	5.000000	0.389803  	5.000000	0.38499   	5.000000	0.000242253	
5.500000	0.700321  	5.500000	0.362547  	5.500000	0.36661   	5.500000	0.36661   	5.500000	0.362324  	5.500000	0.000223035	
6.000000	0.654942  	6.000000	0.342803  	6.000000	0.346431  	6.000000	0.346431  	6.000000	0.342596  	6.000000	0.000206797	
6.500000	0.615474  	6.500000	0.325444  	6.500000	0.328706  	6.500000	0.328706  	6.500000	0.325251  	6.500000	0.000192883	
7.000000	0.580816  	7.000000	0.310049  	7.000000	0.313003  	7.000000	0.313003  	7.000000	0.309869  	7.000000	0.000180819	
7.500000	0.550127  	7.500000	0.296292  	7.500000	0.298986  	7.500000	0.298986  	7.500000	0.296122  	7.500000	0.000170254	
8.000000	0.52275   	8.000000	0.283915  	8.000000	0.286387  	8.000000	0.286387  	8.000000	0.283754  	8.000000	0.000160919	
8.500000	0.49817   	8.500000	0.272711  	8.500000	0.274993  	8.500000	0.274993  	8.500000	0.272559  	8.500000	0.000152608	
9.000000	0.475971  	9.000000	0.262516  	9.000000	0.264633  	9.000000	0.264633  	9.000000	0.262371  	9.000000	0.000145158	
9.500000	0.455819  	9.500000	0.253192  	9.500000	0.255166  	9.500000	0.255166  	9.500000	0.253054  	9.500000	0.000138439	
10.000000	0.437438  	10.000000	0.246907  	10.000000	0.246476  	10.000000	0.246476  	10.000000	0.246775  	10.000000	0.000132348	
11.000000	0.405118  	11.000000	0.23348   	11.000000	0.231842  	11.000000	0.231955  	11.000000	0.233359  	11.000000	0.000121719	
12.000000	0.377601  	12.000000	0.221346  	12.000000	0.219144  	12.000000	0.219326  	12.000000	0.221233  	12.000000	0.000112749	
13.000000	0.353873  	13.000000	0.210382  	13.000000	0.207995  	13.000000	0.208219  	13.000000	0.210277  	13.000000	0.000105073	
14.000000	0.333193  	14.000000	0.200457  	14.000000	0.198107  	14.000000	0.198357  	14.000000	0.200359  	14.000000	9.84247e-05	
15.000000	0.314999  	15.000000	0.191449  	15.000000	0.189264  	15.000000	0.189528  	15.000000	0.191356  	15.000000	9.26077e-05	
16.000000	0.298862  	16.000000	0.183247  	16.000000	0.181301  	16.000000	0.181568  	16.000000	0.183159  	16.000000	8.74727e-05	
17.000000	0.284447  	17.000000	0.175755  	17.000000	0.174086  	17.000000	0.174347  	17.000000	0.175672  	17.000000	8.29046e-05	
18.000000	0.271487  	18.000000	0.168888  	18.000000	0.167506  	18.000000	0.167758  	18.000000	0.168809  	18.000000	7.88128e-05	
19.000000	0.259769  	19.000000	0.162575  	19.000000	0.161473  	19.000000	0.161717  	19.000000	0.162499  	19.000000	7.51254e-05	
20.000000	0.24912   	20.000000	0.156752  	20.000000	0.155886  	20.000000	0.156126  	20.000000	0.15668   	20.000000	7.17844e-05	
21.000000	0.239397  	21.000000	0.151366  	21.000000	0.150748  	21.000000	0.150981  	21.000000	0.151298  	21.000000	6.87422e-05	
22.000000	0.230483  	22.000000	0.146371  	22.000000	0.145989  	22.000000	0.146207  	22.000000	0.146305  	22.000000	6.59598e-05	
23.000000	0.22228   	23.000000	0.141726  	23.000000	0.141565  	23.000000	0.141761  	23.000000	0.141662  	23.000000	6.34049e-05	
24.000000	0.214703  	24.000000	0.137395  	24.000000	0.13743   	24.000000	0.137608  	24.000000	0.137334  	24.000000	6.10501e-05	
25.000000	0.207683  	25.000000	0.133348  	25.000000	0.133554  	25.000000	0.133718  	25.000000	0.133289  	25.000000	5.88724e-05	
27.000000	0.19508   	27.000000	0.126001  	27.000000	0.12649   	27.000000	0.126626  	27.000000	0.125946  	27.000000	5.4973e-05	
29.000000	0.184083  	29.000000	0.119505  	29.000000	0.120211  	29.000000	0.120313  	29.000000	0.119454  	29.000000	5.15806e-05	
31.000000	0.174397  	31.000000	0.113722  	31.000000	0.114503  	31.000000	0.114565  	31.000000	0.113673  	31.000000	4.86011e-05	
33.000000	0.165798  	33.000000	0.108538  	33.000000	0.109311  	33.000000	0.109336  	33.000000	0.108492  	33.000000	4.59623e-05	
35.000000	0.158108  	35.000000	0.103865  	35.000000	0.104626  	35.000000	0.104634  	35.000000	0.103821  	35.000000	4.3608e-05	
38.000000	0.147984  	38.000000	0.0976584 	38.000000	0.0984344 	38.000000	0.0984057 	38.000000	0.0976179 	38.000000	4.05157e-05	
41.000000	0.139236  	41.000000	0.0922488 	41.000000	0.0930379 	41.000000	0.0929869 	41.000000	0.0922109 	41.000000	3.78511e-05	
44.000000	0.131598  	44.000000	0.0874906 	44.000000	0.0882883 	44.000000	0.0882257 	44.000000	0.0874551 	44.000000	3.55302e-05	
47.000000	0.124867  	47.000000	0.0832719 	47.000000	0.0840809 	47.000000	0.0840061 	47.000000	0.0832384 	47.000000	3.34895e-05	
50.000000	0.118887  	50.000000	0.0795049 	50.000000	0.0803207 	50.000000	0.0802385 	50.000000	0.0794732 	50.000000	3.16805e-05	
55.000000	0.110274  	55.000000	0.0740478 	55.000000	0.0748875 	55.000000	0.0747783 	55.000000	0.0740187 	55.000000	2.90809e-05	
60.000000	0.103001  	60.000000	0.0694135 	60.000000	0.0702526 	60.000000	0.0701369 	60.000000	0.0693866 	60.000000	2.68923e-05	
65.000000	0.0967717 	65.000000	0.0654272 	65.000000	0.0662522 	65.000000	0.0661395 	65.000000	0.0654022 	65.000000	2.5023e-05	
70.000000	0.0913733 	70.000000	0.0619607 	70.000000	0.0627784 	70.000000	0.0626584 	70.000000	0.0619373 	70.000000	2.3407e-05	
75.000000	0.0866464 	75.000000	0.0589176 	75.000000	0.0597227 	75.000000	0.0595979 	75.000000	0.0588956 	75.000000	2.19955e-05	
80.000000	0.0824707 	80.000000	0.0562239 	80.000000	0.0570135 	80.000000	0.0568848 	80.000000	0.0562032 	80.000000	2.07514e-05	
85.000000	0.0787531 	85.000000	0.0538223 	85.000000	0.054594  	85.000000	0.0544623 	85.000000	0.0538027 	85.000000	1.96462e-05	
90.000000	0.0754206 	90.000000	0.0516672 	90.000000	0.0524107 	90.000000	0.0522853 	90.000000	0.0516486 	90.000000	1.86575e-05	
95.000000	0.0724149 	95.000000	0.0497222 	95.000000	0.050446  	95.000000	0.0503178 	95.000000	0.0497044 	95.000000	1.77677e-05	
100.000000	0.0696892 	100.000000	0.0479577 	100.000000	0.0486609 	100.000000	0.0485306 	100.000000	0.0479407 	100.000000	1.69623e-05	
105.000000	0.0672052 	105.000000	0.0463494 	105.000000	0.0470322 	105.000000	0.0468997 	105.000000	0.0463332 	105.000000	1.62298e-05	
110.000000	0.0649314 	110.000000	0.0448774 	110.000000	0.0455329 	110.000000	0.0454051 	110.000000	0.0448619 	110.000000	1.55606e-05	
115.000000	0.0628416 	115.000000	0.0435249 	115.000000	0.044157  	115.000000	0.0440304 	115.000000	0.0435099 	115.000000	1.49466e-05	
120.000000	0.0609138 	120.000000	0.0422777 	120.000000	0.042891  	120.000000	0.0427614 	120.000000	0.0422634 	120.000000	1.43812e-05	
125.000000	0.0591293 	125.000000	0.041124  	125.000000	0.0417152 	125.000000	0.0415864 	125.000000	0.0411102 	125.000000	1.38589e-05	
130.000000	0.0574724 	130.000000	0.0400536 	130.000000	0.0406196 	130.000000	0.0404952 	130.000000	0.0400402 	130.000000	1.33747e-05	
135.000000	0.0559295 	135.000000	0.0390576 	135.000000	0.0396037 	135.000000	0.0394791 	135.000000	0.0390447 	135.000000	1.29246e-05	
140.000000	0.054489  	140.000000	0.0381285 	140.000000	0.0386573 	140.000000	0.0385306 	140.000000	0.038116  	140.000000	1.2505e-05	
145.000000	0.0531407 	145.000000	0.0372599 	145.000000	0.0377691 	145.000000	0.037643  	145.000000	0.0372478 	145.000000	1.2113e-05	
150.000000	0.0518758 	150.000000	0.0364458 	150.000000	0.036933  	150.000000	0.0368107 	150.000000	0.0364341 	150.000000	1.17458e-05	
155.000000	0.0500948 	155.000000	0.0356814 	155.000000	0.0361508 	155.000000	0.0360287 	155.000000	0.03567   	155.000000	1.14012e-05	
160.000000	0.0490509 	160.000000	0.0349621 	160.000000	0.0354148 	160.000000	0.0352925 	160.000000	0.0349511 	160.000000	1.1077e-05	
165.000000	0.0480665 	165.000000	0.0342842 	165.000000	0.0347173 	165.000000	0.0345982 	165.000000	0.0342734 	165.000000	1.07715e-05	
170.000000	0.0471366 	170.000000	0.0336441 	170.000000	0.03406   	170.000000	0.0339424 	170.000000	0.0336336 	170.000000	1.04832e-05	
175.000000	0.0462567 	175.000000	0.0330386 	175.000000	0.0334406 	175.000000	0.0333218 	175.000000	0.0330284 	175.000000	1.02104e-05	
180.000000	0.0454228 	180.000000	0.0324652 	180.000000	0.0328538 	180.000000	0.0327338 	180.000000	0.0324553 	180.000000	9.95216e-06	
185.000000	0.0446314 	185.000000	0.0319213 	185.000000	0.032295  	185.000000	0.0321759 	185.000000	0.0319116 	185.000000	9.70716e-06	
190.000000	0.0438793 	190.000000	0.0314046 	190.000000	0.0317622 	190.000000	0.0316459 	190.000000	0.0313952 	190.000000	9.47443e-06	
195.000000	0.0431635 	195.000000	0.0309133 	195.000000	0.0312569 	195.000000	0.0311416 	195.000000	0.030904  	195.000000	9.25306e-06	
200.000000	0.0424815 	200.000000	0.0304454 	200.000000	0.0307774 	200.000000	0.0306613 	200.000000	0.0304364 	200.000000	9.04223e-06	
210.000000	0.0412096 	210.000000	0.0295736 	210.000000	0.0298787 	210.000000	0.0297662 	210.000000	0.029565  	210.000000	8.64926e-06	
220.000000	0.0400472 	220.000000	0.0287779 	220.000000	0.0290616 	220.000000	0.028949  	220.000000	0.0287696 	220.000000	8.29034e-06	
230.000000	0.0389805 	230.000000	0.0280487 	230.000000	0.0283097 	230.000000	0.0282    	230.000000	0.0280407 	230.000000	7.96118e-06	
240.000000	0.0379982 	240.000000	0.0273781 	240.000000	0.0276198 	240.000000	0.0275111 	240.000000	0.0273704 	240.000000	7.65817e-06	
250.000000	0.0370905 	250.000000	0.0267593 	250.000000	0.0269857 	250.000000	0.0268756 	250.000000	0.0267519 	250.000000	7.37828e-06	
260.000000	0.0362493 	260.000000	0.0261867 	260.000000	0.026396  	260.000000	0.0262875 	260.000000	0.0261795 	260.000000	7.11892e-06	
270.000000	0.0354675 	270.000000	0.0256552 	270.000000	0.025848  	270.000000	0.0257418 	270.000000	0.0256483 	270.000000	6.87788e-06	
280.000000	0.0347389 	280.000000	0.0251606 	280.000000	0.025341  	280.000000	0.0252342 	280.000000	0.025154  	280.000000	6.65327e-06	
290.000000	0.0340585 	290.000000	0.0246994 	290.000000	0.0248652 	290.000000	0.0247609 	290.000000	0.0246929 	290.000000	6.44344e-06	
300.000000	0.0334215 	300.000000	0.0242682 	300.000000	0.0244222 	300.000000	0.0243187 	300.000000	0.0242619 	300.000000	6.24695e-06	
310.000000	0.0328239 	310.000000	0.0238642 	310.000000	0.0240082 	310.000000	0.0239047 	310.000000	0.0238582 	310.000000	6.06256e-06	
320.000000	0.0322623 	320.000000	0.0234851 	320.000000	0.0236175 	320.000000	0.0235163 	320.000000	0.0234792 	320.000000	5.88917e-06	
330.000000	0.0317334 	330.000000	0.0231286 	330.000000	0.0232521 	330.000000	0.0231513 	330.000000	0.0231229 	330.000000	5.7258e-06	
340.000000	0.0312346 	340.000000	0.0227929 	340.000000	0.0229086 	340.000000	0.0228077 	340.000000	0.0227873 	340.000000	5.57161e-06	
350.000000	0.0307635 	350.000000	0.0224761 	350.000000	0.0225828 	350.000000	0.0224838 	350.000000	0.0224707 	350.000000	5.42583e-06	
360.000000	0.0303177 	360.000000	0.0221768 	360.000000	0.0222761 	360.000000	0.0221781 	360.000000	0.0221716 	360.000000	5.28778e-06	
370.000000	0.0298953 	370.000000	0.0218937 	370.000000	0.0219875 	370.000000	0.021889  	370.000000	0.0218885 	370.000000	5.15685e-06	
380.000000	0.0294947 	380.000000	0.0216254 	380.000000	0.0217126 	380.000000	0.0216153 	380.000000	0.0216204 	380.000000	5.03251e-06	
390.000000	0.0291141 	390.000000	0.0213709 	390.000000	0.0214516 	390.000000	0.0213559 	390.000000	0.021366  	390.000000	4.91425e-06	
400.000000	0.0287522 	400.000000	0.0211292 	400.000000	0.0212054 	400.000000	0.0211097 	400.000000	0.0211244 	400.000000	4.80164e-06	
410.000000	0.0284077 	410.000000	0.0208994 	410.000000	0.0209718 	410.000000	0.0208758 	410.000000	0.0208947 	410.000000	4.69428e-06	
420.000000	0.0280793 	420.000000	0.0206807 	420.000000	0.0207482 	420.000000	0.0206534 	420.000000	0.0206761 	420.000000	4.5918e-06	
430.000000	0.027766  	430.000000	0.0204722 	430.000000	0.0205351 	430.000000	0.0204417 	430.000000	0.0204677 	430.000000	4.49387e-06	
440.000000	0.0274669 	440.000000	0.0202734 	440.000000	0.0203333 	440.000000	0.0202399 	440.000000	0.020269  	440.000000	4.4002e-06	
450.000000	0.027181  	450.000000	0.0200836 	450.000000	0.0201411 	450.000000	0.0200475 	450.000000	0.0200793 	450.000000	4.3105e-06	
460.000000	0.0269075 	460.000000	0.0199023 	460.000000	0.0199568 	460.000000	0.0198638 	460.000000	0.0198981 	460.000000	4.22453e-06	
470.000000	0.0266456 	470.000000	0.0197289 	470.000000	0.01978   	470.000000	0.0196883 	470.000000	0.0197248 	470.000000	4.14205e-06	
480.000000	0.0263947 	480.000000	0.019563  	480.000000	0.0196115 	480.000000	0.0195205 	480.000000	0.0195589 	480.000000	4.06286e-06	
490.000000	0.0261542 	490.000000	0.019404  	490.000000	0.0194512 	490.000000	0.01936   	490.000000	0.0194    	490.000000	3.98676e-06	
500.000000	0.0259234 	500.000000	0.0192517 	500.000000	0.0192976 	500.000000	0.0192063 	500.000000	0.0192477 	500.000000	3.91356e-06	
520.000000	0.0254888 	520.000000	0.0189653 	520.000000	0.0190073 	520.000000	0.0189177 	520.000000	0.0189615 	520.000000	3.77525e-06	
540.000000	0.0250872 	540.000000	0.0187012 	540.000000	0.0187411 	540.000000	0.0186521 	540.000000	0.0186975 	540.000000	3.64674e-06	
560.000000	0.0247152 	560.000000	0.018457  	560.000000	0.0184961 	560.000000	0.0184071 	560.000000	0.0184535 	560.000000	3.52701e-06	
580.000000	0.0243698 	580.000000	0.0182308 	580.000000	0.0182678 	580.000000	0.0181804 	580.000000	0.0182274 	580.000000	3.41519e-06	
600.000000	0.0240486 	600.000000	0.0180207 	600.000000	0.0180573 	600.000000	0.0179704 	600.000000	0.0180174 	600.000000	3.31049e-06	
620.000000	0.0237493 	620.000000	0.0178254 	620.000000	0.0178626 	620.000000	0.0177754 	620.000000	0.0178222 	620.000000	3.21227e-06	
640.000000	0.02347   	640.000000	0.0176433 	640.000000	0.01768   	640.000000	0.0175941 	640.000000	0.0176402 	640.000000	3.11991e-06	
660.000000	0.0232089 	660.000000	0.0174735 	660.000000	0.0175101 	660.000000	0.0174251 	660.000000	0.0174704 	660.000000	3.03292e-06	
680.000000	0.0229645 	680.000000	0.0173147 	680.000000	0.0173527 	680.000000	0.0172675 	680.000000	0.0173118 	680.000000	2.95082e-06	
700.000000	0.0227356 	700.000000	0.0171662 	700.000000	0.0172053 	700.000000	0.0171203 	700.000000	0.0171633 	700.000000	2.87322e-06	
720.000000	0.0225207 	720.000000	0.017027  	720.000000	0.0170664 	720.000000	0.0169825 	720.000000	0.0170242 	720.000000	2.79974e-06	
740.000000	0.022319  	740.000000	0.0168965 	740.000000	0.0169365 	740.000000	0.0168534 	740.000000	0.0168938 	740.000000	2.73006e-06	
760.000000	0.0221293 	760.000000	0.0167739 	760.000000	0.0168156 	760.000000	0.0167324 	760.000000	0.0167712 	760.000000	2.6639e-06	
780.000000	0.0219508 	780.000000	0.0166587 	780.000000	0.0167021 	780.000000	0.0166188 	780.000000	0.0166561 	780.000000	2.60099e-06	
800.000000	0.0217828 	800.000000	0.0165503 	800.000000	0.0165948 	800.000000	0.016512  	800.000000	0.0165478 	800.000000	2.54109e-06	
820.000000	0.0216245 	820.000000	0.0164483 	820.000000	0.0164934 	820.000000	0.0164115 	820.000000	0.0164458 	820.000000	2.48398e-06	
840.000000	0.0214752 	840.000000	0.0163522 	840.000000	0.0163983 	840.000000	0.016317  	840.000000	0.0163498 	840.000000	2.42948e-06	
860.000000	0.0213343 	860.000000	0.0162616 	860.000000	0.0163092 	860.000000	0.0162278 	860.000000	0.0162592 	860.000000	2.37741e-06	
880.000000	0.0212014 	880.000000	0.0161761 	880.000000	0.0162254 	880.000000	0.0161438 	880.000000	0.0161738 	880.000000	2.32761e-06	
900.000000	0.0210758 	900.000000	0.0160955 	900.000000	0.0161459 	900.000000	0.0160645 	900.000000	0.0160932 	900.000000	2.27993e-06	
920.000000	0.0209572 	920.000000	0.0160193 	920.000000	0.0160703 	920.000000	0.0159896 	920.000000	0.0160171 	920.000000	2.23423e-06	
940.000000	0.0208452 	940.000000	0.0159473 	940.000000	0.0159988 	940.000000	0.0159188 	940.000000	0.0159452 	940.000000	2.1904e-06	
960.000000	0.0207393 	960.000000	0.0158794 	960.000000	0.0159315 	960.000000	0.0158519 	960.000000	0.0158772 	960.000000	2.14832e-06	
980.000000	0.0206392 	980.000000	0.0158151 	980.000000	0.0158681 	980.000000	0.0157885 	980.000000	0.015813  	980.000000	2.10788e-06	
1000.000000	0.0205445 	1000.000000	0.0157543 	1000.000000	0.0158084 	1000.000000	0.0157286 	1000.000000	0.0157523 	1000.000000	2.06899e-06	
1020.000000	0.020455  	1020.000000	0.0156969 	1020.000000	0.0157517 	1020.000000	0.0156718 	1020.000000	0.0156949 	1020.000000	2.03157e-06	
1040.000000	0.0203704 	1040.000000	0.0156426 	1040.000000	0.0156976 	1040.000000	0.015618  	1040.000000	0.0156406 	1040.000000	1.99552e-06	
1060.000000	0.0202905 	1060.000000	0.0155912 	1060.000000	0.0156462 	1060.000000	0.015567  	1060.000000	0.0155892 	1060.000000	1.96078e-06	
1080.000000	0.0202149 	1080.000000	0.0155426 	1080.000000	0.0155973 	1080.000000	0.0155187 	1080.000000	0.0155406 	1080.000000	1.92727e-06	
1100.000000	0.0201435 	1100.000000	0.0154966 	1100.000000	0.015551  	1100.000000	0.0154728 	1100.000000	0.0154947 	1100.000000	1.89493e-06	
1120.000000	0.020076  	1120.000000	0.0154531 	1120.000000	0.015508  	1120.000000	0.01543   	1120.000000	0.0154513 	1120.000000	1.8637e-06	
1140.000000	0.0200123 	1140.000000	0.0154121 	1140.000000	0.0154676 	1140.000000	0.0153896 	1140.000000	0.0154102 	1140.000000	1.83351e-06	
1160.000000	0.0199521 	1160.000000	0.0153732 	1160.000000	0.0154293 	1160.000000	0.0153512 	1160.000000	0.0153714 	1160.000000	1.80433e-06	
1180.000000	0.0198954 	1180.000000	0.0153365 	1180.000000	0.015393  	1180.000000	0.0153149 	1180.000000	0.0153347 	1180.000000	1.77609e-06	
1200.000000	0.0198419 	1200.000000	0.0153018 	1200.000000	0.0153585 	1200.000000	0.0152803 	1200.000000	0.0153001 	1200.000000	1.74876e-06	
1220.000000	0.0197915 	1220.000000	0.0152691 	1220.000000	0.0153255 	1220.000000	0.0152476 	1220.000000	0.0152674 	1220.000000	1.72228e-06	
1240.000000	0.0197441 	1240.000000	0.0152382 	1240.000000	0.0152941 	1240.000000	0.0152165 	1240.000000	0.0152365 	1240.000000	1.69663e-06	
1260.000000	0.0196995 	1260.000000	0.0152091 	1260.000000	0.0152642 	1260.000000	0.015187  	1260.000000	0.0152074 	1260.000000	1.67175e-06	
1280.000000	0.0196575 	1280.000000	0.0151816 	1280.000000	0.0152359 	1280.000000	0.015159  	1280.000000	0.01518   	1280.000000	1.64762e-06	
1300.000000	0.0196182 	1300.000000	0.0151558 	1300.000000	0.0152091 	1300.000000	0.0151325 	1300.000000	0.0151542 	1300.000000	1.6242e-06	
1320.000000	0.0195814 	1320.000000	0.0151315 	1320.000000	0.0151837 	1320.000000	0.0151073 	1320.000000	0.0151299 	1320.000000	1.60147e-06	
1340.000000	0.0195469 	1340.000000	0.0151086 	1340.000000	0.0151598 	1340.000000	0.0150834 	1340.000000	0.015107  	1340.000000	1.57938e-06	
1360.000000	0.0195147 	1360.000000	0.0150871 	1360.000000	0.0151372 	1360.000000	0.0150608 	1360.000000	0.0150856 	1360.000000	1.55792e-06	
1380.000000	0.0194847 	1380.000000	0.015067  	1380.000000	0.0151158 	1380.000000	0.0150393 	1380.000000	0.0150655 	1380.000000	1.53705e-06	
1400.000000	0.0194567 	1400.000000	0.0150482 	1400.000000	0.0150955 	1400.000000	0.0150189 	1400.000000	0.0150467 	1400.000000	1.51676e-06	
1420.000000	0.0194308 	1420.000000	0.0150306 	1420.000000	0.0150763 	1420.000000	0.0149996 	1420.000000	0.0150291 	1420.000000	1.49701e-06	
1440.000000	0.0194069 	1440.000000	0.0150141 	1440.000000	0.0150579 	1440.000000	0.0149814 	1440.000000	0.0150126 	1440.000000	1.47779e-06	
1460.000000	0.0193848 	1460.000000	0.0149988 	1460.000000	0.0150405 	1460.000000	0.0149641 	1460.000000	0.0149974 	1460.000000	1.45908e-06	
1480.000000	0.0193645 	1480.000000	0.0149846 	1480.000000	0.0150239 	1480.000000	0.0149477 	1480.000000	0.0149832 	1480.000000	1.44085e-06	
1500.000000	0.0193459 	1500.000000	0.0149714 	1500.000000	0.0150082 	1500.000000	0.0149322 	1500.000000	0.01497   	1500.000000	1.42309e-06	
1520.000000	0.019329  	1520.000000	0.0149593 	1520.000000	0.0149933 	1520.000000	0.0149176 	1520.000000	0.0149579 	1520.000000	1.40577e-06	
1540.000000	0.0193137 	1540.000000	0.0149481 	1540.000000	0.0149792 	1540.000000	0.0149037 	1540.000000	0.0149467 	1540.000000	1.38889e-06	
1560.000000	0.0192999 	1560.000000	0.0149378 	1560.000000	0.0149659 	1560.000000	0.0148907 	1560.000000	0.0149364 	1560.000000	1.37242e-06	
1580.000000	0.0192876 	1580.000000	0.0149284 	1580.000000	0.0149534 	1580.000000	0.0148783 	1580.000000	0.014927  	1580.000000	1.35636e-06	
1600.000000	0.0192768 	1600.000000	0.0149199 	1600.000000	0.0149417 	1600.000000	0.0148667 	1600.000000	0.0149185 	1600.000000	1.34068e-06	
1620.000000	0.0192674 	1620.000000	0.0149122 	1620.000000	0.0149307 	1620.000000	0.0148558 	1620.000000	0.0149108 	1620.000000	1.32536e-06	
1640.000000	0.0192593 	1640.000000	0.0149053 	1640.000000	0.0149204 	1640.000000	0.0148455 	1640.000000	0.014904  	1640.000000	1.31041e-06	
1660.000000	0.0192525 	1660.000000	0.0148991 	1660.000000	0.0149107 	1660.000000	0.0148359 	1660.000000	0.0148979 	1660.000000	1.29581e-06	
1680.000000	0.019247  	1680.000000	0.0148938 	1680.000000	0.0149017 	1680.000000	0.0148268 	1680.000000	0.0148925 	1680.000000	1.28153e-06	
1700.000000	0.0192427 	1700.000000	0.0148891 	1700.000000	0.0148933 	1700.000000	0.0148183 	1700.000000	0.0148878 	1700.000000	1.26758e-06	
1750.000000	0.019237  	1750.000000	0.0148804 	1750.000000	0.0148745 	1750.000000	0.0147994 	1750.000000	0.0148792 	1750.000000	1.23405e-06	
1800.000000	0.0192382 	1800.000000	0.0148757 	1800.000000	0.0148587 	1800.000000	0.0147836 	1800.000000	0.0148745 	1800.000000	1.2023e-06	
1850.000000	0.0192456 	1850.000000	0.0148746 	1850.000000	0.0148454 	1850.000000	0.0147706 	1850.000000	0.0148734 	1850.000000	1.17221e-06	
1900.000000	0.019259  	1900.000000	0.0148769 	1900.000000	0.0148346 	1900.000000	0.0147602 	1900.000000	0.0148757 	1900.000000	1.14363e-06	
1950.000000	0.0192778 	1950.000000	0.0148823 	1950.000000	0.0148261 	1950.000000	0.014752  	1950.000000	0.0148812 	1950.000000	1.11646e-06	
2000.000000	0.0193017 	2000.000000	0.0148906 	2000.000000	0.0148197 	2000.000000	0.0147459 	2000.000000	0.0148895 	2000.000000	1.0906e-06	
2100.000000	0.0193635 	2100.000000	0.0149149 	2100.000000	0.0148126 	2100.000000	0.0147393 	2100.000000	0.0149139 	2100.000000	1.04243e-06	
2200.000000	0.0194421 	2200.000000	0.0149485 	2200.000000	0.0148121 	2200.000000	0.0147389 	2200.000000	0.0149475 	2200.000000	9.9847e-07	
2300.000000	0.0195355 	2300.000000	0.0149901 	2300.000000	0.0148169 	2300.000000	0.0147438 	2300.000000	0.0149891 	2300.000000	9.58187e-07	
2400.000000	0.0196421 	2400.000000	0.0150387 	2400.000000	0.0148261 	2400.000000	0.0147531 	2400.000000	0.0150378 	2400.000000	9.21133e-07	
2500.000000	0.0197606 	2500.000000	0.0150935 	2500.000000	0.0148389 	2500.000000	0.014766  	2500.000000	0.0150927 	2500.000000	8.86931e-07	
2600.000000	0.0198897 	2600.000000	0.0151538 	2600.000000	0.0148547 	2600.000000	0.014782  	2600.000000	0.015153  	2600.000000	8.55261e-07	
2700.000000	0.0200285 	2700.000000	0.0152189 	2700.000000	0.0148731 	2700.000000	0.0148005 	2700.000000	0.0152181 	2700.000000	8.25847e-07	
2800.000000	0.0201761 	2800.000000	0.0152883 	2800.000000	0.0148936 	2800.000000	0.0148212 	2800.000000	0.0152875 	2800.000000	7.98455e-07	
2900.000000	0.0203318 	2900.000000	0.0153616 	2900.000000	0.0149158 	2900.000000	0.0148438 	2900.000000	0.0153608 	2900.000000	7.72881e-07	
3000.000000	0.0204948 	3000.000000	0.0154384 	3000.000000	0.0149396 	3000.000000	0.0148678 	3000.000000	0.0154376 	3000.000000	7.48948e-07	
3200.000000	0.020841  	3200.000000	0.015601  	3200.000000	0.0149908 	3200.000000	0.0149195 	3200.000000	0.0156003 	3200.000000	7.05404e-07	
3400.000000	0.0212108 	3400.000000	0.0157738 	3400.000000	0.0150456 	3400.000000	0.0149746 	3400.000000	0.0157731 	3400.000000	6.66796e-07	
3600.000000	0.0216012 	3600.000000	0.0159552 	3600.000000	0.0151029 	3600.000000	0.0150322 	3600.000000	0.0159545 	3600.000000	6.32322e-07	
3800.000000	0.0220099 	3800.000000	0.0161436 	3800.000000	0.0151617 	3800.000000	0.0150912 	3800.000000	0.016143  	3800.000000	6.01345e-07	
4000.000000	0.0224349 	4000.000000	0.0163381 	4000.000000	0.0152215 	4000.000000	0.015151  	4000.000000	0.0163375 	4000.000000	5.73354e-07	
4200.000000	0.0228747 	4200.000000	0.0165376 	4200.000000	0.0152817 	4200.000000	0.0152112 	4200.000000	0.016537  	4200.000000	5.47932e-07	
4400.000000	0.023328  	4400.000000	0.0167415 	4400.000000	0.0153419 	4400.000000	0.0152713 	4400.000000	0.0167409 	4400.000000	5.24738e-07	
4600.000000	0.0237938 	4600.000000	0.0169491 	4600.000000	0.0154017 	4600.000000	0.0153312 	4600.000000	0.0169486 	4600.000000	5.03487e-07	
4800.000000	0.024271  	4800.000000	0.0171599 	4800.000000	0.0154611 	4800.000000	0.0153906 	4800.000000	0.0171594 	4800.000000	4.83944e-07	
5000.000000	0.024759  	5000.000000	0.0173735 	5000.000000	0.0155199 	5000.000000	0.0154494 	5000.000000	0.017373  	5000.000000	4.65908e-07	
5250.000000	0.0253831 	5250.000000	0.0176439 	5250.000000	0.0155922 	5250.000000	0.0155218 	5250.000000	0.0176435 	5250.000000	4.45226e-07	
5500.000000	0.026022  	5500.000000	0.0179176 	5500.000000	0.0156632 	5500.000000	0.0155929 	5500.000000	0.0179171 	5500.000000	4.26358e-07	
6000.000000	0.0273407 	6000.000000	0.0184727 	6000.000000	0.0158009 	6000.000000	0.0157308 	6000.000000	0.0184723 	6000.000000	3.93176e-07	
6500.000000	0.0287094 	6500.000000	0.019036  	6500.000000	0.0159327 	6500.000000	0.0158627 	6500.000000	0.0190356 	6500.000000	3.64925e-07	
7000.000000	0.0301243 	7000.000000	0.0196053 	7000.000000	0.0160585 	7000.000000	0.0159887 	7000.000000	0.0196049 	7000.000000	3.40573e-07	
7500.000000	0.0315823 	7500.000000	0.0201791 	7500.000000	0.0161786 	7500.000000	0.0161089 	7500.000000	0.0201788 	7500.000000	3.19357e-07	
8000.000000	0.0330814 	8000.000000	0.0207563 	8000.000000	0.0162933 	8000.000000	0.0162235 	8000.000000	0.020756  	8000.000000	3.00703e-07	
8500.000000	0.0346196 	8500.000000	0.0213361 	8500.000000	0.0164025 	8500.000000	0.016333  	8500.000000	0.0213358 	8500.000000	2.8417e-07	
9000.000000	0.0361958 	9000.000000	0.0219177 	9000.000000	0.0165065 	9000.000000	0.0164376 	9000.000000	0.0219175 	9000.000000	2.69411e-07	
9500.000000	0.0378089 	9500.000000	0.0225009 	9500.000000	0.0166059 	9500.000000	0.0165376 	9500.000000	0.0225006 	9500.000000	2.56152e-07	
10000.000000	0.0394581 	10000.000000	0.023085  	10000.000000	0.0167013 	10000.000000	0.0166333 	10000.000000	0.0230848 	10000.000000	2.44175e-07	
11000.000000	0.0428621 	11000.000000	0.0242553 	11000.000000	0.0168809 	11000.000000	0.0168132 	11000.000000	0.0242551 	11000.000000	2.2338e-07	
12000.000000	0.0464037 	12000.000000	0.0254269 	12000.000000	0.017047  	12000.000000	0.0169791 	12000.000000	0.0254267 	12000.000000	2.05939e-07	
13000.000000	0.0500804 	13000.000000	0.0265986 	13000.000000	0.0172007 	13000.000000	0.017133  	13000.000000	0.0265984 	13000.000000	1.91094e-07	
14000.000000	0.0538904 	14000.000000	0.0277696 	14000.000000	0.0173432 	14000.000000	0.0172762 	14000.000000	0.0277695 	14000.000000	1.78302e-07	
15000.000000	0.0578325 	15000.000000	0.0289396 	15000.000000	0.0174761 	15000.000000	0.01741   	15000.000000	0.0289394 	15000.000000	1.67159e-07	
16000.000000	0.0619059 	16000.000000	0.0301081 	16000.000000	0.0176008 	16000.000000	0.0175355 	16000.000000	0.0301079 	16000.000000	1.57365e-07	
17000.000000	0.0661102 	17000.000000	0.031275  	17000.000000	0.0177181 	17000.000000	0.0176536 	17000.000000	0.0312748 	17000.000000	1.48685e-07	
18000.000000	0.0704452 	18000.000000	0.03244   	18000.000000	0.017829  	18000.000000	0.017765  	18000.000000	0.0324399 	18000.000000	1.40939e-07	
19000.000000	0.0749107 	19000.000000	0.0336032 	19000.000000	0.0179341 	19000.000000	0.0178704 	19000.000000	0.033603  	19000.000000	1.33982e-07	
20000.000000	0.0795069 	20000.000000	0.0347644 	20000.000000	0.0180339 	20000.000000	0.0179704 	20000.000000	0.0347643 	20000.000000	1.27698e-07	
21000.000000	0.084234  	21000.000000	0.0359237 	21000.000000	0.0181285 	21000.000000	0.0180654 	21000.000000	0.0359235 	21000.000000	1.21993e-07	
22000.000000	0.0890923 	22000.000000	0.037081  	22000.000000	0.0182178 	22000.000000	0.0181559 	22000.000000	0.0370809 	22000.000000	1.16791e-07	
23000.000000	0.094082  	23000.000000	0.0382363 	23000.000000	0.0183036 	23000.000000	0.0182423 	23000.000000	0.0382362 	23000.000000	1.12026e-07	
24000.000000	0.0992036 	24000.000000	0.0393898 	24000.000000	0.018386  	24000.000000	0.0183249 	24000.000000	0.0393897 	24000.000000	1.07645e-07	
25000.000000	0.104457  	25000.000000	0.0405413 	25000.000000	0.0184645 	25000.000000	0.0184041 	25000.000000	0.0405412 	25000.000000	1.03603e-07	
26000.000000	0.109844  	26000.000000	0.041691  	26000.000000	0.0185395 	26000.000000	0.01848   	26000.000000	0.0416909 	26000.000000	9.98629e-08	
27000.000000	0.115364  	27000.000000	0.0428388 	27000.000000	0.0186116 	27000.000000	0.0185529 	27000.000000	0.0428387 	27000.000000	9.63906e-08	
28000.000000	0.121018  	28000.000000	0.0439848 	28000.000000	0.0186808 	28000.000000	0.0186231 	28000.000000	0.0439847 	28000.000000	9.31583e-08	
29000.000000	0.126807  	29000.000000	0.0451291 	29000.000000	0.0187474 	29000.000000	0.0186907 	29000.000000	0.045129  	29000.000000	9.01419e-08	
30000.000000	0.13273   	30000.000000	0.0462716 	30000.000000	0.0188116 	30000.000000	0.0187559 	30000.000000	0.0462715 	30000.000000	8.73201e-08	
32000.000000	0.144984  	32000.000000	0.0485517 	32000.000000	0.0189334 	32000.000000	0.0188797 	32000.000000	0.0485516 	32000.000000	8.21891e-08	
34000.000000	0.157787  	34000.000000	0.0508253 	34000.000000	0.0190473 	34000.000000	0.0189956 	34000.000000	0.0508252 	34000.000000	7.76431e-08	
36000.000000	0.171142  	36000.000000	0.0530927 	36000.000000	0.019154  	36000.000000	0.0191044 	36000.000000	0.0530927 	36000.000000	7.35866e-08	
38000.000000	0.185056  	38000.000000	0.0553543 	38000.000000	0.0192541 	38000.000000	0.019207  	38000.000000	0.0553542 	38000.000000	6.9944e-08	
40000.000000	0.199535  	40000.000000	0.0576102 	40000.000000	0.0193485 	40000.000000	0.019304  	40000.000000	0.0576102 	40000.000000	6.66544e-08	
42000.000000	0.214584  	42000.000000	0.0598608 	42000.000000	0.0194379 	42000.000000	0.019396  	42000.000000	0.0598607 	42000.000000	6.36684e-08	
44000.000000	0.230209  	44000.000000	0.0621062 	44000.000000	0.019523  	44000.000000	0.0194834 	44000.000000	0.0621062 	44000.000000	6.09455e-08	
46000.000000	0.246416  	46000.000000	0.0643467 	46000.000000	0.0196042 	46000.000000	0.0195666 	46000.000000	0.0643466 	46000.000000	5.84522e-08	
48000.000000	0.263211  	48000.000000	0.0665824 	48000.000000	0.0196817 	48000.000000	0.019646  	48000.000000	0.0665824 	48000.000000	5.61602e-08	
50000.000000	0.2806    	50000.000000	0.0688136 	50000.000000	0.0197554 	50000.000000	0.019722  	50000.000000	0.0688135 	50000.000000	5.4046e-08	
