*Energy (MeV/u)1	0 - [He-base] F.Hubert et al, AD&ND Tables 46(1990)1	Energy (MeV/u)2	1 - [H -base] J.F.Ziegler et al, Pergamon Press, NY (low energy)	Energy (MeV/u)3	2 - ATIMA 1.2  LS-theory (recommended for high energy)	Energy (MeV/u)4	3 - ATIMA 1.2  without LS-correction	Energy (MeV/u)5	4 - electrical component of [1] - J.F.Ziegler et al	Energy (MeV/u)6	5 - nuclear component of [1] - J.F.Ziegler et al	
0.001000	0.467956  	0.001000	0.0677192 	0.001000	0.0792581 	0.001000	0.0792581 	0.001000	0.0481275 	0.001000	0.0195917 	
0.002000	0.552659  	0.002000	0.0895246 	0.002000	0.103443  	0.002000	0.103443  	0.002000	0.0704627 	0.002000	0.0190619 	
0.005000	0.782679  	0.005000	0.132647  	0.005000	0.14943   	0.005000	0.14943   	0.005000	0.116634  	0.005000	0.0160128 	
0.008000	0.974249  	0.008000	0.164776  	0.008000	0.182497  	0.008000	0.182497  	0.008000	0.15104   	0.008000	0.0137359 	
0.010000	1.08723   	0.010000	0.183349  	0.010000	0.201267  	0.010000	0.201267  	0.010000	0.170763  	0.010000	0.0125863 	
0.015000	1.27743   	0.015000	0.223924  	0.015000	0.241586  	0.015000	0.241586  	0.015000	0.213424  	0.015000	0.0105004 	
0.020000	1.42643   	0.020000	0.2585    	0.020000	0.278682  	0.020000	0.278682  	0.020000	0.249414  	0.020000	0.00908555	
0.025000	1.58839   	0.025000	0.290166  	0.025000	0.315247  	0.025000	0.315247  	0.025000	0.282113  	0.025000	0.00805285	
0.030000	1.71969   	0.030000	0.319999  	0.030000	0.341029  	0.030000	0.341029  	0.030000	0.312739  	0.030000	0.0072602 	
0.035000	1.8247    	0.035000	0.347174  	0.035000	0.365336  	0.035000	0.365336  	0.035000	0.340545  	0.035000	0.00662933	
0.040000	1.90526   	0.040000	0.372612  	0.040000	0.388299  	0.040000	0.388299  	0.040000	0.366499  	0.040000	0.00611324	
0.045000	1.96266   	0.045000	0.396622  	0.045000	0.410003  	0.045000	0.410003  	0.045000	0.39094   	0.045000	0.00568191	
0.050000	1.99856   	0.050000	0.419257  	0.050000	0.430511  	0.050000	0.430511  	0.050000	0.413942  	0.050000	0.00531514	
0.055000	2.07812   	0.055000	0.440564  	0.055000	0.449876  	0.055000	0.449876  	0.055000	0.435565  	0.055000	0.00499882	
0.060000	2.14428   	0.060000	0.460584  	0.060000	0.468143  	0.060000	0.468143  	0.060000	0.455861  	0.060000	0.00472276	
0.070000	2.24066   	0.070000	0.496944  	0.070000	0.501553  	0.070000	0.501553  	0.070000	0.492681  	0.070000	0.00426301	
0.080000	2.34397   	0.080000	0.528706  	0.080000	0.531068  	0.080000	0.531068  	0.080000	0.524812  	0.080000	0.0038943 	
0.090000	2.41842   	0.090000	0.556258  	0.090000	0.557007  	0.090000	0.557007  	0.090000	0.552666  	0.090000	0.00359106	
0.100000	2.47339   	0.100000	0.579975  	0.100000	0.57966   	0.100000	0.57966   	0.100000	0.576659  	0.100000	0.00331616	
0.120000	2.50831   	0.120000	0.624766  	0.120000	0.616409  	0.120000	0.616409  	0.120000	0.621851  	0.120000	0.00291483	
0.140000	2.5144    	0.140000	0.658606  	0.140000	0.643531  	0.140000	0.643531  	0.140000	0.655998  	0.140000	0.0026084 	
0.160000	2.51463   	0.160000	0.685248  	0.160000	0.66297   	0.160000	0.66297   	0.160000	0.682889  	0.160000	0.00235835	
0.180000	2.51157   	0.180000	0.703193  	0.180000	0.67638   	0.180000	0.67638   	0.180000	0.701031  	0.180000	0.00216186	
0.200000	2.51822   	0.200000	0.718253  	0.200000	0.685091  	0.200000	0.685091  	0.200000	0.716255  	0.200000	0.00199845	
0.250000	2.46671   	0.250000	0.738497  	0.250000	0.692824  	0.250000	0.692824  	0.250000	0.736809  	0.250000	0.00168817	
0.300000	2.45866   	0.300000	0.75964   	0.300000	0.693186  	0.300000	0.693186  	0.300000	0.758172  	0.300000	0.00146769	
0.350000	2.43009   	0.350000	0.765074  	0.350000	0.688011  	0.350000	0.688011  	0.350000	0.763772  	0.350000	0.00130214	
0.400000	2.38907   	0.400000	0.762708  	0.400000	0.67818   	0.400000	0.67818   	0.400000	0.761535  	0.400000	0.00117281	
0.450000	2.33508   	0.450000	0.753536  	0.450000	0.665336  	0.450000	0.665336  	0.450000	0.752467  	0.450000	0.00106872	
0.500000	2.28259   	0.500000	0.743816  	0.500000	0.652213  	0.500000	0.652213  	0.500000	0.742833  	0.500000	0.000982957	
0.600000	2.09479   	0.600000	0.719987  	0.600000	0.626922  	0.600000	0.626922  	0.600000	0.719138  	0.600000	0.000849571	
0.700000	1.90678   	0.700000	0.690776  	0.700000	0.603777  	0.700000	0.603777  	0.700000	0.690026  	0.700000	0.000750263	
0.800000	1.82369   	0.800000	0.672409  	0.800000	0.582764  	0.800000	0.582764  	0.800000	0.671736  	0.800000	0.000673201	
0.900000	1.73517   	0.900000	0.650038  	0.900000	0.563553  	0.900000	0.563553  	0.900000	0.649426  	0.900000	0.000611511	
1.000000	1.64732   	1.000000	0.625607  	1.000000	0.544403  	1.000000	0.544403  	1.000000	0.625046  	1.000000	0.000560914	
1.250000	1.44581   	1.250000	0.566332  	1.250000	0.503525  	1.250000	0.503525  	1.250000	0.565865  	1.250000	0.000466614	
1.500000	1.25528   	1.500000	0.499398  	1.500000	0.469357  	1.500000	0.469357  	1.500000	0.498997  	1.500000	0.000401021	
1.750000	1.11565   	1.750000	0.452025  	1.750000	0.43951   	1.750000	0.43951   	1.750000	0.451673  	1.750000	0.000352556	
2.000000	1.00767   	2.000000	0.416122  	2.000000	0.413039  	2.000000	0.413039  	2.000000	0.415807  	2.000000	0.000315175	
2.250000	0.922428  	2.250000	0.387468  	2.250000	0.389298  	2.250000	0.389298  	2.250000	0.387182  	2.250000	0.0002854 	
2.500000	0.823263  	2.500000	0.363715  	2.500000	0.367984  	2.500000	0.367984  	2.500000	0.363454  	2.500000	0.000261081	
3.000000	0.723372  	3.000000	0.325872  	3.000000	0.331569  	3.000000	0.331569  	3.000000	0.325649  	3.000000	0.000223656	
3.500000	0.646395  	3.500000	0.296479  	3.500000	0.301897  	3.500000	0.301897  	3.500000	0.296283  	3.500000	0.000196117	
4.000000	0.585157  	4.000000	0.272713  	4.000000	0.27745   	4.000000	0.27745   	4.000000	0.272538  	4.000000	0.000174946	
4.500000	0.535211  	4.500000	0.253014  	4.500000	0.257056  	4.500000	0.257056  	4.500000	0.252856  	4.500000	0.00015813	
5.000000	0.493651  	5.000000	0.236392  	5.000000	0.239829  	5.000000	0.239829  	5.000000	0.236248  	5.000000	0.000144428	
5.500000	0.458496  	5.500000	0.222166  	5.500000	0.2251    	5.500000	0.2251    	5.500000	0.222033  	5.500000	0.000133034	
6.000000	0.42835   	6.000000	0.209842  	6.000000	0.212365  	6.000000	0.212365  	6.000000	0.209718  	6.000000	0.000123401	
6.500000	0.402195  	6.500000	0.199053  	6.500000	0.201242  	6.500000	0.201242  	6.500000	0.198938  	6.500000	0.000115142	
7.000000	0.379276  	7.000000	0.189522  	7.000000	0.191437  	7.000000	0.191437  	7.000000	0.189414  	7.000000	0.000107978	
7.500000	0.359017  	7.500000	0.181033  	7.500000	0.182721  	7.500000	0.182721  	7.500000	0.180931  	7.500000	0.000101701	
8.000000	0.340973  	8.000000	0.173416  	8.000000	0.174916  	8.000000	0.174916  	8.000000	0.17332   	8.000000	9.61527e-05	
8.500000	0.324794  	8.500000	0.166539  	8.500000	0.16788   	8.500000	0.16788   	8.500000	0.166447  	8.500000	9.12112e-05	
9.000000	0.310199  	9.000000	0.160292  	9.000000	0.161498  	9.000000	0.161498  	9.000000	0.160205  	9.000000	8.67801e-05	
9.500000	0.296964  	9.500000	0.154589  	9.500000	0.15568   	9.500000	0.15568   	9.500000	0.154507  	9.500000	8.27828e-05	
10.000000	0.284903  	10.000000	0.150428  	10.000000	0.150348  	10.000000	0.150348  	10.000000	0.150348  	10.000000	7.91575e-05	
11.000000	0.26372   	11.000000	0.142289  	11.000000	0.141188  	11.000000	0.141226  	11.000000	0.142217  	11.000000	7.28294e-05	
12.000000	0.245707  	12.000000	0.134938  	12.000000	0.133248  	12.000000	0.133309  	12.000000	0.134871  	12.000000	6.74866e-05	
13.000000	0.230193  	13.000000	0.128297  	13.000000	0.12628   	13.000000	0.126356  	13.000000	0.128234  	13.000000	6.29121e-05	
14.000000	0.216683  	14.000000	0.122285  	14.000000	0.120108  	14.000000	0.12019   	14.000000	0.122226  	14.000000	5.89487e-05	
15.000000	0.204806  	15.000000	0.116827  	15.000000	0.114596  	15.000000	0.114677  	15.000000	0.116772  	15.000000	5.54795e-05	
16.000000	0.194278  	16.000000	0.111857  	16.000000	0.109635  	16.000000	0.109715  	16.000000	0.111805  	16.000000	5.24161e-05	
17.000000	0.184878  	17.000000	0.107316  	17.000000	0.105141  	17.000000	0.105219  	17.000000	0.107266  	17.000000	4.969e-05 	
18.000000	0.176431  	18.000000	0.103153  	18.000000	0.101052  	18.000000	0.101125  	18.000000	0.103105  	18.000000	4.72476e-05	
19.000000	0.168797  	19.000000	0.0993233 	19.000000	0.0973122 	19.000000	0.0973791 	19.000000	0.0992782 	19.000000	4.50459e-05	
20.000000	0.161861  	20.000000	0.0957905 	20.000000	0.0938633 	20.000000	0.0939276 	20.000000	0.0957474 	20.000000	4.30506e-05	
21.000000	0.155531  	21.000000	0.0925216 	21.000000	0.0906874 	21.000000	0.0907495 	21.000000	0.0924804 	21.000000	4.12333e-05	
22.000000	0.149729  	22.000000	0.0894886 	22.000000	0.0877514 	22.000000	0.0878058 	22.000000	0.0894491 	22.000000	3.95709e-05	
23.000000	0.14439   	23.000000	0.0866671 	23.000000	0.0850266 	23.000000	0.08507   	23.000000	0.0866291 	23.000000	3.8044e-05	
24.000000	0.139461  	24.000000	0.0840358 	24.000000	0.0824843 	24.000000	0.0825196 	24.000000	0.0839992 	24.000000	3.66365e-05	
25.000000	0.134894  	25.000000	0.0815762 	25.000000	0.0801046 	25.000000	0.0801354 	25.000000	0.0815409 	25.000000	3.53346e-05	
27.000000	0.126698  	27.000000	0.0771092 	27.000000	0.0757797 	27.000000	0.075801  	27.000000	0.0770762 	27.000000	3.30027e-05	
29.000000	0.119547  	29.000000	0.073158  	29.000000	0.0719491 	29.000000	0.0719583 	29.000000	0.073127  	29.000000	3.09735e-05	
31.000000	0.113251  	31.000000	0.0696378 	31.000000	0.0685391 	31.000000	0.0685365 	31.000000	0.0696086 	31.000000	2.91908e-05	
33.000000	0.107662  	33.000000	0.0664815 	33.000000	0.0654924 	33.000000	0.0654791 	33.000000	0.0664539 	33.000000	2.76114e-05	
35.000000	0.102665  	35.000000	0.0636352 	35.000000	0.0627543 	35.000000	0.0627319 	35.000000	0.063609  	35.000000	2.6202e-05	
38.000000	0.0960862 	38.000000	0.0598531 	38.000000	0.05912   	38.000000	0.0590862 	38.000000	0.0598287 	38.000000	2.43502e-05	
41.000000	0.0904032 	41.000000	0.0565551 	41.000000	0.0559519 	41.000000	0.0559087 	41.000000	0.0565323 	41.000000	2.27542e-05	
44.000000	0.0854416 	44.000000	0.0536532 	44.000000	0.0531621 	44.000000	0.0531115 	44.000000	0.0536318 	44.000000	2.13635e-05	
47.000000	0.0810697 	47.000000	0.0510793 	47.000000	0.0506866 	47.000000	0.0506283 	47.000000	0.0510592 	47.000000	2.01405e-05	
50.000000	0.0771864 	50.000000	0.0487805 	50.000000	0.048465  	50.000000	0.0484073 	50.000000	0.0487614 	50.000000	1.9056e-05	
55.000000	0.0715927 	55.000000	0.045449  	55.000000	0.0452427 	55.000000	0.045182  	55.000000	0.0454316 	55.000000	1.74972e-05	
60.000000	0.0668696 	60.000000	0.0426189 	60.000000	0.0424992 	60.000000	0.0424339 	60.000000	0.0426027 	60.000000	1.61844e-05	
65.000000	0.062825  	65.000000	0.0401838 	65.000000	0.0401257 	65.000000	0.0400621 	65.000000	0.0401688 	65.000000	1.50628e-05	
70.000000	0.0593198 	70.000000	0.0380657 	70.000000	0.0380625 	70.000000	0.0379928 	70.000000	0.0380516 	70.000000	1.40929e-05	
75.000000	0.0562508 	75.000000	0.0362059 	75.000000	0.0362366 	75.000000	0.0361704 	75.000000	0.0361926 	75.000000	1.32456e-05	
80.000000	0.0535397 	80.000000	0.0345593 	80.000000	0.0346214 	80.000000	0.0345524 	80.000000	0.0345468 	80.000000	1.24985e-05	
85.000000	0.051126  	85.000000	0.033091  	85.000000	0.0331713 	85.000000	0.0331057 	85.000000	0.0330792 	85.000000	1.18348e-05	
90.000000	0.0489624 	90.000000	0.0317732 	90.000000	0.0318721 	90.000000	0.031804  	90.000000	0.031762  	90.000000	1.12409e-05	
95.000000	0.047011  	95.000000	0.0305837 	95.000000	0.0306911 	95.000000	0.0306262 	95.000000	0.030573  	95.000000	1.07063e-05	
100.000000	0.0452414 	100.000000	0.0295045 	100.000000	0.0296224 	100.000000	0.0295552 	100.000000	0.0294943 	100.000000	1.02224e-05	
105.000000	0.0436288 	105.000000	0.0285208 	105.000000	0.0286413 	105.000000	0.028577  	105.000000	0.028511  	105.000000	9.78213e-06	
110.000000	0.0421526 	110.000000	0.0276203 	110.000000	0.0277454 	110.000000	0.0276797 	110.000000	0.0276109 	110.000000	9.37985e-06	
115.000000	0.0407959 	115.000000	0.0267928 	115.000000	0.026918  	115.000000	0.0268537 	115.000000	0.0267838 	115.000000	9.01076e-06	
120.000000	0.0395443 	120.000000	0.0260297 	120.000000	0.0261543 	120.000000	0.0260907 	120.000000	0.0260211 	120.000000	8.67084e-06	
125.000000	0.0383858 	125.000000	0.0253238 	125.000000	0.0254485 	125.000000	0.0253837 	125.000000	0.0253154 	125.000000	8.35672e-06	
130.000000	0.0373102 	130.000000	0.0246687 	130.000000	0.0247891 	130.000000	0.0247268 	130.000000	0.0246607 	130.000000	8.06553e-06	
135.000000	0.0363086 	135.000000	0.0240592 	135.000000	0.0241745 	135.000000	0.0241146 	135.000000	0.0240514 	135.000000	7.79481e-06	
140.000000	0.0353734 	140.000000	0.0234906 	140.000000	0.0236032 	140.000000	0.0235428 	140.000000	0.0234831 	140.000000	7.54245e-06	
145.000000	0.0344981 	145.000000	0.022959  	145.000000	0.0230685 	145.000000	0.0230075 	145.000000	0.0229517 	145.000000	7.3066e-06	
150.000000	0.0336769 	150.000000	0.0224607 	150.000000	0.0225643 	150.000000	0.0225053 	150.000000	0.0224536 	150.000000	7.08569e-06	
155.000000	0.0325207 	155.000000	0.0219928 	155.000000	0.0220926 	155.000000	0.0220332 	155.000000	0.0219859 	155.000000	6.87831e-06	
160.000000	0.031843  	160.000000	0.0215525 	160.000000	0.0216485 	160.000000	0.0215886 	160.000000	0.0215458 	160.000000	6.68324e-06	
165.000000	0.0312039 	165.000000	0.0211375 	165.000000	0.0212273 	165.000000	0.0211691 	165.000000	0.021131  	165.000000	6.4994e-06	
170.000000	0.0306003 	170.000000	0.0207456 	170.000000	0.0208308 	170.000000	0.0207727 	170.000000	0.0207393 	170.000000	6.32583e-06	
175.000000	0.030029  	175.000000	0.020375  	175.000000	0.0204565 	175.000000	0.0203975 	175.000000	0.0203688 	175.000000	6.16169e-06	
180.000000	0.0294877 	180.000000	0.0200239 	180.000000	0.0201001 	180.000000	0.0200419 	180.000000	0.0200179 	180.000000	6.00621e-06	
185.000000	0.0289739 	185.000000	0.0196909 	185.000000	0.0197607 	185.000000	0.0197044 	185.000000	0.019685  	185.000000	5.85872e-06	
190.000000	0.0284857 	190.000000	0.0193745 	190.000000	0.0194385 	190.000000	0.0193835 	190.000000	0.0193688 	190.000000	5.7186e-06	
195.000000	0.028021  	195.000000	0.0190737 	195.000000	0.0191333 	195.000000	0.0190783 	195.000000	0.0190681 	195.000000	5.58531e-06	
200.000000	0.0275783 	200.000000	0.0187872 	200.000000	0.0188432 	200.000000	0.0187874 	200.000000	0.0187817 	200.000000	5.45836e-06	
210.000000	0.0267526 	210.000000	0.0182533 	210.000000	0.0182993 	210.000000	0.0182452 	210.000000	0.0182481 	210.000000	5.22171e-06	
220.000000	0.0259979 	220.000000	0.017766  	220.000000	0.0178046 	220.000000	0.0177499 	220.000000	0.017761  	220.000000	5.00554e-06	
230.000000	0.0253054 	230.000000	0.0173195 	230.000000	0.0173495 	230.000000	0.0172957 	230.000000	0.0173147 	230.000000	4.80727e-06	
240.000000	0.0246677 	240.000000	0.0169088 	240.000000	0.0169295 	240.000000	0.0168779 	240.000000	0.0169041 	240.000000	4.62473e-06	
250.000000	0.0240785 	250.000000	0.0165298 	250.000000	0.0165441 	250.000000	0.0164923 	250.000000	0.0165253 	250.000000	4.4561e-06	
260.000000	0.0235324 	260.000000	0.016179  	260.000000	0.016187  	260.000000	0.0161353 	260.000000	0.0161747 	260.000000	4.29982e-06	
270.000000	0.0230248 	270.000000	0.0158535 	270.000000	0.0158545 	270.000000	0.015804  	270.000000	0.0158493 	270.000000	4.15457e-06	
280.000000	0.0225519 	280.000000	0.0155505 	280.000000	0.015547  	280.000000	0.0154958 	280.000000	0.0155465 	280.000000	4.01921e-06	
290.000000	0.0221101 	290.000000	0.015268  	290.000000	0.0152587 	290.000000	0.0152083 	290.000000	0.0152641 	290.000000	3.89274e-06	
300.000000	0.0216966 	300.000000	0.0150038 	300.000000	0.0149885 	300.000000	0.0149396 	300.000000	0.0150001 	300.000000	3.7743e-06	
310.000000	0.0213087 	310.000000	0.0147564 	310.000000	0.0147363 	310.000000	0.014688  	310.000000	0.0147527 	310.000000	3.66314e-06	
320.000000	0.0209441 	320.000000	0.0145241 	320.000000	0.0145008 	320.000000	0.014452  	320.000000	0.0145205 	320.000000	3.55861e-06	
330.000000	0.0206008 	330.000000	0.0143057 	330.000000	0.0142787 	330.000000	0.0142301 	330.000000	0.0143022 	330.000000	3.46011e-06	
340.000000	0.020277  	340.000000	0.0141    	340.000000	0.0140686 	340.000000	0.0140212 	340.000000	0.0140966 	340.000000	3.36714e-06	
350.000000	0.0199711 	350.000000	0.0139059 	350.000000	0.0138706 	350.000000	0.0138243 	350.000000	0.0139026 	350.000000	3.27923e-06	
360.000000	0.0196817 	360.000000	0.0137225 	360.000000	0.0136847 	360.000000	0.0136384 	360.000000	0.0137193 	360.000000	3.19598e-06	
370.000000	0.0194075 	370.000000	0.013549  	370.000000	0.0135093 	370.000000	0.0134626 	370.000000	0.0135459 	370.000000	3.11702e-06	
380.000000	0.0191474 	380.000000	0.0133846 	380.000000	0.0133424 	380.000000	0.0132961 	380.000000	0.0133816 	380.000000	3.04203e-06	
390.000000	0.0189003 	390.000000	0.0132287 	390.000000	0.0131838 	390.000000	0.0131383 	390.000000	0.0132257 	390.000000	2.9707e-06	
400.000000	0.0186654 	400.000000	0.0130806 	400.000000	0.0130342 	400.000000	0.0129886 	400.000000	0.0130777 	400.000000	2.90277e-06	
410.000000	0.0184417 	410.000000	0.0129397 	410.000000	0.0128924 	410.000000	0.0128463 	410.000000	0.0129369 	410.000000	2.838e-06 	
420.000000	0.0182286 	420.000000	0.0128057 	420.000000	0.0127568 	420.000000	0.0127111 	420.000000	0.0128029 	420.000000	2.77618e-06	
430.000000	0.0180252 	430.000000	0.0126779 	430.000000	0.0126272 	430.000000	0.0125823 	430.000000	0.0126752 	430.000000	2.7171e-06	
440.000000	0.017831  	440.000000	0.0125561 	440.000000	0.0125036 	440.000000	0.0124595 	440.000000	0.0125534 	440.000000	2.66058e-06	
450.000000	0.0176454 	450.000000	0.0124398 	450.000000	0.0123861 	450.000000	0.0123425 	450.000000	0.0124372 	450.000000	2.60646e-06	
460.000000	0.0174678 	460.000000	0.0123286 	460.000000	0.0122744 	460.000000	0.0122307 	460.000000	0.0123261 	460.000000	2.55458e-06	
470.000000	0.0172978 	470.000000	0.0122223 	470.000000	0.012168  	470.000000	0.012124  	470.000000	0.0122198 	470.000000	2.50482e-06	
480.000000	0.017135  	480.000000	0.0121206 	480.000000	0.012066  	480.000000	0.0120219 	480.000000	0.0121182 	480.000000	2.45703e-06	
490.000000	0.0169788 	490.000000	0.0120232 	490.000000	0.011968  	490.000000	0.0119243 	490.000000	0.0120208 	490.000000	2.4111e-06	
500.000000	0.016829  	500.000000	0.0119298 	500.000000	0.0118738 	500.000000	0.0118307 	500.000000	0.0119274 	500.000000	2.36692e-06	
520.000000	0.0165469 	520.000000	0.0117543 	520.000000	0.0116972 	520.000000	0.0116553 	520.000000	0.011752  	520.000000	2.28344e-06	
540.000000	0.0162862 	540.000000	0.0115923 	540.000000	0.0115358 	540.000000	0.0114937 	540.000000	0.0115901 	540.000000	2.20587e-06	
560.000000	0.0160446 	560.000000	0.0114426 	560.000000	0.011387  	560.000000	0.0113447 	560.000000	0.0114405 	560.000000	2.1336e-06	
580.000000	0.0158204 	580.000000	0.0113039 	580.000000	0.0112484 	580.000000	0.0112069 	580.000000	0.0113018 	580.000000	2.06609e-06	
600.000000	0.0156119 	600.000000	0.0111751 	600.000000	0.0111207 	600.000000	0.0110793 	600.000000	0.0111731 	600.000000	2.00288e-06	
620.000000	0.0154176 	620.000000	0.0110553 	620.000000	0.0110026 	620.000000	0.0109608 	620.000000	0.0110534 	620.000000	1.94356e-06	
640.000000	0.0152363 	640.000000	0.0109437 	640.000000	0.010892  	640.000000	0.0108506 	640.000000	0.0109418 	640.000000	1.8878e-06	
660.000000	0.0150668 	660.000000	0.0108395 	660.000000	0.0107886 	660.000000	0.010748  	660.000000	0.0108376 	660.000000	1.83526e-06	
680.000000	0.0149082 	680.000000	0.0107421 	680.000000	0.0106923 	680.000000	0.0106523 	680.000000	0.0107403 	680.000000	1.78568e-06	
700.000000	0.0147595 	700.000000	0.010651  	700.000000	0.0106027 	700.000000	0.0105629 	700.000000	0.0106493 	700.000000	1.73881e-06	
720.000000	0.01462   	720.000000	0.0105656 	720.000000	0.0105194 	720.000000	0.0104793 	720.000000	0.0105639 	720.000000	1.69443e-06	
740.000000	0.0144891 	740.000000	0.0104855 	740.000000	0.0104413 	740.000000	0.0104011 	740.000000	0.0104839 	740.000000	1.65234e-06	
760.000000	0.0143659 	760.000000	0.0104103 	760.000000	0.0103676 	760.000000	0.0103277 	760.000000	0.0104087 	760.000000	1.61238e-06	
780.000000	0.0142501 	780.000000	0.0103396 	780.000000	0.0102982 	780.000000	0.0102588 	780.000000	0.010338  	780.000000	1.57437e-06	
800.000000	0.014141  	800.000000	0.0102731 	800.000000	0.010233  	800.000000	0.0101942 	800.000000	0.0102716 	800.000000	1.53818e-06	
820.000000	0.0140382 	820.000000	0.0102105 	820.000000	0.0101718 	820.000000	0.0101334 	820.000000	0.010209  	820.000000	1.50368e-06	
840.000000	0.0139413 	840.000000	0.0101515 	840.000000	0.0101145 	840.000000	0.0100761 	840.000000	0.01015   	840.000000	1.47075e-06	
860.000000	0.0138498 	860.000000	0.0100959 	860.000000	0.0100607 	860.000000	0.0100222 	860.000000	0.0100944 	860.000000	1.43929e-06	
880.000000	0.0137635 	880.000000	0.0100434 	880.000000	0.0100101 	880.000000	0.00997145	880.000000	0.010042  	880.000000	1.4092e-06	
900.000000	0.013682  	900.000000	0.00999384	900.000000	0.00996226	900.000000	0.00992355	900.000000	0.00999246	900.000000	1.38038e-06	
920.000000	0.0136051 	920.000000	0.00994706	920.000000	0.00991685	920.000000	0.00987834	920.000000	0.00994571	920.000000	1.35277e-06	
940.000000	0.0135323 	940.000000	0.00990287	940.000000	0.00987383	940.000000	0.00983565	940.000000	0.00990154	940.000000	1.32628e-06	
960.000000	0.0134636 	960.000000	0.0098611 	960.000000	0.0098331 	960.000000	0.00979531	960.000000	0.0098598 	960.000000	1.30084e-06	
980.000000	0.0133986 	980.000000	0.00982162	980.000000	0.0097946 	980.000000	0.00975717	980.000000	0.00982034	980.000000	1.2764e-06	
1000.000000	0.0133371 	1000.000000	0.00978428	1000.000000	0.00975825	1000.000000	0.00972111	1000.000000	0.00978303	1000.000000	1.2529e-06	
1020.000000	0.013279  	1020.000000	0.00974898	1020.000000	0.00972397	1020.000000	0.00968698	1020.000000	0.00974775	1020.000000	1.23028e-06	
1040.000000	0.0132241 	1040.000000	0.00971558	1040.000000	0.00969168	1040.000000	0.00965467	1040.000000	0.00971437	1040.000000	1.20849e-06	
1060.000000	0.0131722 	1060.000000	0.00968398	1060.000000	0.00966122	1060.000000	0.00962408	1060.000000	0.0096828 	1060.000000	1.18749e-06	
1080.000000	0.0131231 	1080.000000	0.0096541 	1080.000000	0.00963239	1080.000000	0.00959509	1080.000000	0.00965293	1080.000000	1.16723e-06	
1100.000000	0.0130768 	1100.000000	0.00962583	1100.000000	0.009605  	1100.000000	0.00956763	1100.000000	0.00962468	1100.000000	1.14768e-06	
1120.000000	0.013033  	1120.000000	0.00959909	1120.000000	0.0095792 	1120.000000	0.00954188	1120.000000	0.00959797	1120.000000	1.12879e-06	
1140.000000	0.0129916 	1140.000000	0.00957381	1140.000000	0.00955468	1140.000000	0.00951754	1140.000000	0.0095727 	1140.000000	1.11055e-06	
1160.000000	0.0129526 	1160.000000	0.0095499 	1160.000000	0.00953138	1160.000000	0.00949447	1160.000000	0.00954881	1160.000000	1.0929e-06	
1180.000000	0.0129157 	1180.000000	0.00952731	1180.000000	0.0095093 	1180.000000	0.00947261	1180.000000	0.00952623	1180.000000	1.07583e-06	
1200.000000	0.012881  	1200.000000	0.00950596	1200.000000	0.00948844	1200.000000	0.00945189	1200.000000	0.0095049 	1200.000000	1.0593e-06	
1220.000000	0.0128483 	1220.000000	0.0094858 	1220.000000	0.00946877	1220.000000	0.00943225	1220.000000	0.00948476	1220.000000	1.04329e-06	
1240.000000	0.0128175 	1240.000000	0.00946677	1240.000000	0.00945021	1240.000000	0.00941363	1240.000000	0.00946574	1240.000000	1.02778e-06	
1260.000000	0.0127885 	1260.000000	0.00944881	1260.000000	0.00943267	1260.000000	0.00939598	1260.000000	0.0094478 	1260.000000	1.01274e-06	
1280.000000	0.0127613 	1280.000000	0.00943189	1280.000000	0.00941605	1280.000000	0.00937926	1280.000000	0.00943089	1280.000000	9.98146e-07	
1300.000000	0.0127358 	1300.000000	0.00941594	1300.000000	0.00940027	1300.000000	0.00936341	1300.000000	0.00941495	1300.000000	9.83984e-07	
1320.000000	0.0127119 	1320.000000	0.00940093	1320.000000	0.00938528	1320.000000	0.00934839	1320.000000	0.00939996	1320.000000	9.70234e-07	
1340.000000	0.0126895 	1340.000000	0.00938682	1340.000000	0.00937101	1340.000000	0.00933416	1340.000000	0.00938586	1340.000000	9.56877e-07	
1360.000000	0.0126686 	1360.000000	0.00937356	1360.000000	0.00935744	1360.000000	0.00932069	1360.000000	0.00937262	1360.000000	9.43897e-07	
1380.000000	0.0126491 	1380.000000	0.00936113	1380.000000	0.00934455	1380.000000	0.00930793	1380.000000	0.0093602 	1380.000000	9.31277e-07	
1400.000000	0.012631  	1400.000000	0.00934948	1400.000000	0.00933232	1400.000000	0.00929585	1400.000000	0.00934856	1400.000000	9.19002e-07	
1420.000000	0.0126141 	1420.000000	0.00933858	1420.000000	0.00932072	1420.000000	0.00928442	1420.000000	0.00933768	1420.000000	9.07059e-07	
1440.000000	0.0125986 	1440.000000	0.00932841	1440.000000	0.00930975	1440.000000	0.00927361	1440.000000	0.00932752	1440.000000	8.95434e-07	
1460.000000	0.0125842 	1460.000000	0.00931893	1460.000000	0.00929937	1460.000000	0.0092634 	1460.000000	0.00931805	1460.000000	8.84114e-07	
1480.000000	0.0125711 	1480.000000	0.00931012	1480.000000	0.0092895 	1480.000000	0.00925368	1480.000000	0.00930924	1480.000000	8.73088e-07	
1500.000000	0.012559  	1500.000000	0.00930194	1500.000000	0.0092805 	1500.000000	0.00924482	1500.000000	0.00930108	1500.000000	8.62343e-07	
1520.000000	0.012548  	1520.000000	0.00929438	1520.000000	0.00927203	1520.000000	0.00923647	1520.000000	0.00929353	1520.000000	8.51869e-07	
1540.000000	0.0125381 	1540.000000	0.00928741	1540.000000	0.00926407	1540.000000	0.00922861	1540.000000	0.00928657	1540.000000	8.41657e-07	
1560.000000	0.0125291 	1560.000000	0.00928101	1560.000000	0.00925661	1560.000000	0.00922122	1560.000000	0.00928018	1560.000000	8.31695e-07	
1580.000000	0.0125212 	1580.000000	0.00927516	1580.000000	0.00924961	1580.000000	0.00921427	1580.000000	0.00927434	1580.000000	8.21975e-07	
1600.000000	0.0125141 	1600.000000	0.00926983	1600.000000	0.00924307	1600.000000	0.00920775	1600.000000	0.00926902	1600.000000	8.12487e-07	
1620.000000	0.012508  	1620.000000	0.00926502	1620.000000	0.00923697	1620.000000	0.00920164	1620.000000	0.00926421	1620.000000	8.03225e-07	
1640.000000	0.0125028 	1640.000000	0.00926069	1640.000000	0.00923128	1640.000000	0.00919592	1640.000000	0.00925989	1640.000000	7.94179e-07	
1660.000000	0.0124984 	1660.000000	0.00925683	1660.000000	0.00922598	1660.000000	0.00919058	1660.000000	0.00925604	1660.000000	7.85342e-07	
1680.000000	0.0124948 	1680.000000	0.00925343	1680.000000	0.00922104	1680.000000	0.00918559	1680.000000	0.00925265	1680.000000	7.76707e-07	
1700.000000	0.012492  	1700.000000	0.00925046	1700.000000	0.00921645	1700.000000	0.00918095	1700.000000	0.00924969	1700.000000	7.68266e-07	
1750.000000	0.0124883 	1750.000000	0.00924488	1750.000000	0.00920638	1750.000000	0.00917077	1750.000000	0.00924413	1750.000000	7.47975e-07	
1800.000000	0.0124891 	1800.000000	0.00924173	1800.000000	0.0091981 	1800.000000	0.00916245	1800.000000	0.009241  	1800.000000	7.28766e-07	
1850.000000	0.0124939 	1850.000000	0.00924082	1850.000000	0.0091914 	1850.000000	0.00915581	1850.000000	0.00924011	1850.000000	7.10553e-07	
1900.000000	0.0125026 	1900.000000	0.00924197	1900.000000	0.00918615	1900.000000	0.00915069	1900.000000	0.00924128	1900.000000	6.9326e-07	
1950.000000	0.0125148 	1950.000000	0.00924502	1950.000000	0.00918224	1950.000000	0.00914695	1950.000000	0.00924435	1950.000000	6.76819e-07	
2000.000000	0.0125303 	2000.000000	0.00924984	2000.000000	0.00917956	2000.000000	0.00914446	2000.000000	0.00924918	2000.000000	6.61167e-07	
2100.000000	0.0125704 	2100.000000	0.00926427	2100.000000	0.00917751	2100.000000	0.00914278	2100.000000	0.00926364	2100.000000	6.3201e-07	
2200.000000	0.0126214 	2200.000000	0.00928435	2200.000000	0.0091793 	2200.000000	0.00914487	2200.000000	0.00928374	2200.000000	6.054e-07 	
2300.000000	0.0126821 	2300.000000	0.00930935	2300.000000	0.00918432	2300.000000	0.00915008	2300.000000	0.00930877	2300.000000	5.81015e-07	
2400.000000	0.0127513 	2400.000000	0.00933866	2400.000000	0.00919208	2400.000000	0.00915789	2400.000000	0.0093381 	2400.000000	5.58582e-07	
2500.000000	0.0128282 	2500.000000	0.00937175	2500.000000	0.00920211	2500.000000	0.00916788	2500.000000	0.00937121	2500.000000	5.37875e-07	
2600.000000	0.012912  	2600.000000	0.00940819	2600.000000	0.00921401	2600.000000	0.00917968	2600.000000	0.00940767	2600.000000	5.18698e-07	
2700.000000	0.0130021 	2700.000000	0.00944759	2700.000000	0.00922742	2700.000000	0.009193  	2700.000000	0.00944709	2700.000000	5.00887e-07	
2800.000000	0.0130979 	2800.000000	0.00948965	2800.000000	0.00924206	2800.000000	0.00920758	2800.000000	0.00948916	2800.000000	4.843e-07 	
2900.000000	0.013199  	2900.000000	0.00953407	2900.000000	0.00925771	2900.000000	0.00922322	2900.000000	0.0095336 	2900.000000	4.68812e-07	
3000.000000	0.0133049 	3000.000000	0.00958062	3000.000000	0.00927419	3000.000000	0.00923973	3000.000000	0.00958016	3000.000000	4.54317e-07	
3200.000000	0.0135296 	3200.000000	0.00967928	3200.000000	0.00930912	3200.000000	0.00927482	3200.000000	0.00967885	3200.000000	4.27942e-07	
3400.000000	0.0137697 	3400.000000	0.00978424	3400.000000	0.00934599	3400.000000	0.00931189	3400.000000	0.00978383	3400.000000	4.04556e-07	
3600.000000	0.0140231 	3600.000000	0.00989441	3600.000000	0.00938414	3600.000000	0.00935023	3600.000000	0.00989403	3600.000000	3.83671e-07	
3800.000000	0.0142884 	3800.000000	0.0100089 	3800.000000	0.00942309	3800.000000	0.00938933	3800.000000	0.0100086 	3800.000000	3.64903e-07	
4000.000000	0.0145643 	4000.000000	0.0101271 	4000.000000	0.00946246	4000.000000	0.00942882	4000.000000	0.0101268 	4000.000000	3.47942e-07	
4200.000000	0.0148499 	4200.000000	0.0102485 	4200.000000	0.00950194	4200.000000	0.0094684 	4200.000000	0.0102481 	4200.000000	3.32537e-07	
4400.000000	0.0151441 	4400.000000	0.0103724 	4400.000000	0.00954133	4400.000000	0.00950787	4400.000000	0.0103721 	4400.000000	3.18481e-07	
4600.000000	0.0154465 	4600.000000	0.0104987 	4600.000000	0.00958046	4600.000000	0.00954707	4600.000000	0.0104984 	4600.000000	3.05602e-07	
4800.000000	0.0157563 	4800.000000	0.010627  	4800.000000	0.0096192 	4800.000000	0.00958588	4800.000000	0.0106267 	4800.000000	2.93757e-07	
5000.000000	0.0160731 	5000.000000	0.0107569 	5000.000000	0.00965748	5000.000000	0.00962421	5000.000000	0.0107567 	5000.000000	2.82824e-07	
5250.000000	0.0164783 	5250.000000	0.0109215 	5250.000000	0.00970457	5250.000000	0.00967136	5250.000000	0.0109212 	5250.000000	2.70288e-07	
5500.000000	0.016893  	5500.000000	0.011088  	5500.000000	0.00975074	5500.000000	0.00971759	5500.000000	0.0110877 	5500.000000	2.58849e-07	
6000.000000	0.0177491 	6000.000000	0.0114259 	6000.000000	0.00984016	6000.000000	0.00980711	6000.000000	0.0114256 	6000.000000	2.38731e-07	
6500.000000	0.0186376 	6500.000000	0.0117687 	6500.000000	0.00992558	6500.000000	0.0098926 	6500.000000	0.0117685 	6500.000000	2.21601e-07	
7000.000000	0.0195561 	7000.000000	0.0121153 	7000.000000	0.010007  	7000.000000	0.00997411	7000.000000	0.0121151 	7000.000000	2.06833e-07	
7500.000000	0.0205027 	7500.000000	0.0124646 	7500.000000	0.0100846 	7500.000000	0.0100518 	7500.000000	0.0124645 	7500.000000	1.93965e-07	
8000.000000	0.0214758 	8000.000000	0.0128161 	8000.000000	0.0101587 	8000.000000	0.0101258 	8000.000000	0.0128159 	8000.000000	1.82651e-07	
8500.000000	0.0224744 	8500.000000	0.0131691 	8500.000000	0.0102292 	8500.000000	0.0101965 	8500.000000	0.0131689 	8500.000000	1.72621e-07	
9000.000000	0.0234977 	9000.000000	0.0135233 	9000.000000	0.0102965 	9000.000000	0.0102639 	9000.000000	0.0135231 	9000.000000	1.63667e-07	
9500.000000	0.0245449 	9500.000000	0.0138784 	9500.000000	0.0103609 	9500.000000	0.0103284 	9500.000000	0.0138782 	9500.000000	1.55623e-07	
10000.000000	0.0256155 	10000.000000	0.0142341 	10000.000000	0.0104227 	10000.000000	0.0103901 	10000.000000	0.014234  	10000.000000	1.48356e-07	
11000.000000	0.0278253 	11000.000000	0.0149468 	11000.000000	0.0105385 	11000.000000	0.0105059 	11000.000000	0.0149467 	11000.000000	1.35737e-07	
12000.000000	0.0301244 	12000.000000	0.0156603 	12000.000000	0.0106447 	12000.000000	0.0106128 	12000.000000	0.0156602 	12000.000000	1.25152e-07	
13000.000000	0.0325113 	13000.000000	0.0163739 	13000.000000	0.0107433 	13000.000000	0.0107118 	13000.000000	0.0163738 	13000.000000	1.16142e-07	
14000.000000	0.0349847 	14000.000000	0.0170871 	14000.000000	0.0108354 	14000.000000	0.0108039 	14000.000000	0.017087  	14000.000000	1.08376e-07	
15000.000000	0.0375438 	15000.000000	0.0177997 	15000.000000	0.0109218 	15000.000000	0.01089   	15000.000000	0.0177996 	15000.000000	1.01612e-07	
16000.000000	0.0401882 	16000.000000	0.0185114 	16000.000000	0.0110027 	16000.000000	0.0109707 	16000.000000	0.0185113 	16000.000000	9.56651e-08	
17000.000000	0.0429175 	17000.000000	0.0192221 	17000.000000	0.0110785 	17000.000000	0.0110466 	17000.000000	0.019222  	17000.000000	9.03949e-08	
18000.000000	0.0457317 	18000.000000	0.0199317 	18000.000000	0.0111497 	18000.000000	0.0111182 	18000.000000	0.0199316 	18000.000000	8.56911e-08	
19000.000000	0.0486307 	19000.000000	0.0206401 	19000.000000	0.0112168 	19000.000000	0.0111859 	19000.000000	0.02064   	19000.000000	8.14661e-08	
20000.000000	0.0516145 	20000.000000	0.0213474 	20000.000000	0.0112803 	20000.000000	0.0112502 	20000.000000	0.0213473 	20000.000000	7.76497e-08	
21000.000000	0.0546832 	21000.000000	0.0220535 	21000.000000	0.0113407 	21000.000000	0.0113112 	21000.000000	0.0220534 	21000.000000	7.41848e-08	
22000.000000	0.0578371 	22000.000000	0.0227584 	22000.000000	0.0113987 	22000.000000	0.0113694 	22000.000000	0.0227584 	22000.000000	7.10246e-08	
23000.000000	0.0610763 	23000.000000	0.0234622 	23000.000000	0.0114542 	23000.000000	0.0114249 	23000.000000	0.0234621 	23000.000000	6.81302e-08	
24000.000000	0.0644011 	24000.000000	0.0241647 	24000.000000	0.0115071 	24000.000000	0.011478  	24000.000000	0.0241647 	24000.000000	6.54691e-08	
25000.000000	0.0678119 	25000.000000	0.0248661 	25000.000000	0.0115574 	25000.000000	0.0115289 	25000.000000	0.0248661 	25000.000000	6.30139e-08	
26000.000000	0.0713088 	26000.000000	0.0255664 	26000.000000	0.0116057 	26000.000000	0.0115776 	26000.000000	0.0255663 	26000.000000	6.07414e-08	
27000.000000	0.0748924 	27000.000000	0.0262655 	27000.000000	0.0116521 	27000.000000	0.0116245 	27000.000000	0.0262655 	27000.000000	5.86317e-08	
28000.000000	0.0785628 	28000.000000	0.0269636 	28000.000000	0.0116968 	28000.000000	0.0116696 	28000.000000	0.0269635 	28000.000000	5.66679e-08	
29000.000000	0.0823205 	29000.000000	0.0276606 	29000.000000	0.0117397 	29000.000000	0.011713  	29000.000000	0.0276605 	29000.000000	5.4835e-08	
30000.000000	0.0861659 	30000.000000	0.0283565 	30000.000000	0.011781  	30000.000000	0.0117549 	30000.000000	0.0283565 	30000.000000	5.31204e-08	
32000.000000	0.0941213 	32000.000000	0.0297453 	32000.000000	0.0118594 	32000.000000	0.0118344 	32000.000000	0.0297453 	32000.000000	5.00024e-08	
34000.000000	0.102432  	34000.000000	0.0311302 	34000.000000	0.011933  	34000.000000	0.0119088 	34000.000000	0.0311302 	34000.000000	4.72397e-08	
36000.000000	0.111102  	36000.000000	0.0325114 	36000.000000	0.012002  	36000.000000	0.0119787 	36000.000000	0.0325113 	36000.000000	4.47743e-08	
38000.000000	0.120135  	38000.000000	0.033889  	38000.000000	0.0120668 	38000.000000	0.0120446 	38000.000000	0.0338889 	38000.000000	4.25603e-08	
40000.000000	0.129534  	40000.000000	0.0352631 	40000.000000	0.012128  	40000.000000	0.0121069 	40000.000000	0.0352631 	40000.000000	4.05608e-08	
42000.000000	0.139304  	42000.000000	0.036634  	42000.000000	0.0121858 	42000.000000	0.012166  	42000.000000	0.0366339 	42000.000000	3.87457e-08	
44000.000000	0.149447  	44000.000000	0.0380017 	44000.000000	0.0122407 	44000.000000	0.0122221 	44000.000000	0.0380017 	44000.000000	3.70904e-08	
46000.000000	0.159969  	46000.000000	0.0393664 	46000.000000	0.0122929 	46000.000000	0.0122756 	46000.000000	0.0393664 	46000.000000	3.55746e-08	
48000.000000	0.170872  	48000.000000	0.0407283 	48000.000000	0.0123427 	48000.000000	0.0123266 	48000.000000	0.0407282 	48000.000000	3.41811e-08	
50000.000000	0.182161  	50000.000000	0.0420873 	50000.000000	0.0123902 	50000.000000	0.0123754 	50000.000000	0.0420873 	50000.000000	3.28957e-08	
