*Energy (MeV/u)1	0 - [He-base] F.Hubert et al, AD&ND Tables 46(1990)1	Energy (MeV/u)2	1 - [H -base] J.F.Ziegler et al, Pergamon Press, NY (low energy)	Energy (MeV/u)3	2 - ATIMA 1.2  LS-theory (recommended for high energy)	Energy (MeV/u)4	3 - ATIMA 1.2  without LS-correction	Energy (MeV/u)5	4 - electrical component of [1] - J.F.Ziegler et al	Energy (MeV/u)6	5 - nuclear component of [1] - J.F.Ziegler et al	
0.001000	0.0222365 	0.001000	0.0341182 	0.001000	0.0414811 	0.001000	0.0414811 	0.001000	0.0202377 	0.001000	0.0138805 	
0.002000	0.0284135 	0.002000	0.0422781 	0.002000	0.0511817 	0.002000	0.0511817 	0.002000	0.0326763 	0.002000	0.00960178	
0.005000	0.0439593 	0.005000	0.0637699 	0.005000	0.0731769 	0.005000	0.0731769 	0.005000	0.058406  	0.005000	0.00536391	
0.008000	0.0556105 	0.008000	0.0801937 	0.008000	0.0884181 	0.008000	0.0884181 	0.008000	0.0763253 	0.008000	0.00386839	
0.010000	0.062038  	0.010000	0.0892558 	0.010000	0.0964188 	0.010000	0.0964188 	0.010000	0.0859807 	0.010000	0.0032751 	
0.015000	0.0791522 	0.015000	0.108776  	0.015000	0.112221  	0.015000	0.112221  	0.015000	0.106352  	0.015000	0.0024236 	
0.020000	0.0934699 	0.020000	0.12472   	0.020000	0.12451   	0.020000	0.12451   	0.020000	0.122775  	0.020000	0.00194552	
0.025000	0.105678  	0.025000	0.138337  	0.025000	0.134847  	0.025000	0.134847  	0.025000	0.136701  	0.025000	0.00163573	
0.030000	0.116144  	0.030000	0.150273  	0.030000	0.14471   	0.030000	0.14471   	0.030000	0.148855  	0.030000	0.00141711	
0.035000	0.125089  	0.035000	0.160895  	0.035000	0.153384  	0.035000	0.153384  	0.035000	0.159641  	0.035000	0.00125381	
0.040000	0.132667  	0.040000	0.170431  	0.040000	0.161114  	0.040000	0.161114  	0.040000	0.169304  	0.040000	0.00112675	
0.045000	0.139     	0.045000	0.179027  	0.045000	0.16806   	0.045000	0.16806   	0.045000	0.178002  	0.045000	0.00102481	
0.050000	0.144199  	0.050000	0.186781  	0.050000	0.174332  	0.050000	0.174332  	0.050000	0.18584   	0.050000	0.000941054	
0.055000	0.148371  	0.055000	0.193766  	0.055000	0.180009  	0.055000	0.180009  	0.055000	0.192895  	0.055000	0.000870902	
0.060000	0.151621  	0.060000	0.200036  	0.060000	0.185153  	0.060000	0.185153  	0.060000	0.199225  	0.060000	0.000811214	
0.070000	0.155779  	0.070000	0.210608  	0.070000	0.194017  	0.070000	0.194017  	0.070000	0.209893  	0.070000	0.000714895	
0.080000	0.157479  	0.080000	0.218804  	0.080000	0.201211  	0.080000	0.201211  	0.080000	0.218164  	0.080000	0.000640365	
0.090000	0.157437  	0.090000	0.224903  	0.090000	0.206949  	0.090000	0.206949  	0.090000	0.224322  	0.090000	0.000580843	
0.100000	0.15624   	0.100000	0.229173  	0.100000	0.211407  	0.100000	0.211407  	0.100000	0.228641  	0.100000	0.000532121	
0.120000	0.152039  	0.120000	0.233263  	0.120000	0.217087  	0.120000	0.217087  	0.120000	0.232806  	0.120000	0.000456935	
0.140000	0.147077  	0.140000	0.232979  	0.140000	0.219324  	0.140000	0.219324  	0.140000	0.232578  	0.140000	0.000401443	
0.160000	0.142293  	0.160000	0.229856  	0.160000	0.219001  	0.160000	0.219001  	0.160000	0.229498  	0.160000	0.000358679	
0.180000	0.137981  	0.180000	0.225019  	0.180000	0.216838  	0.180000	0.216838  	0.180000	0.224695  	0.180000	0.00032464	
0.200000	0.134164  	0.200000	0.219239  	0.200000	0.213399  	0.200000	0.213399  	0.200000	0.218942  	0.200000	0.000296857	
0.250000	0.126286  	0.250000	0.203523  	0.250000	0.201795  	0.250000	0.201795  	0.250000	0.203278  	0.250000	0.000245417	
0.300000	0.119851  	0.300000	0.188475  	0.300000	0.188831  	0.300000	0.188831  	0.300000	0.188265  	0.300000	0.000209915	
0.350000	0.114179  	0.350000	0.175086  	0.350000	0.176311  	0.350000	0.176311  	0.350000	0.174903  	0.350000	0.000183841	
0.400000	0.108983  	0.400000	0.163412  	0.400000	0.164883  	0.400000	0.164883  	0.400000	0.163248  	0.400000	0.000163827	
0.450000	0.104158  	0.450000	0.153255  	0.450000	0.154685  	0.450000	0.154685  	0.450000	0.153107  	0.450000	0.00014795	
0.500000	0.0996634 	0.500000	0.144377  	0.500000	0.145657  	0.500000	0.145657  	0.500000	0.144242  	0.500000	0.000135027	
0.600000	0.0915862 	0.600000	0.129644  	0.600000	0.130579  	0.600000	0.130579  	0.600000	0.129529  	0.600000	0.000115223	
0.700000	0.0846125 	0.700000	0.117919  	0.700000	0.118598  	0.700000	0.118598  	0.700000	0.117819  	0.700000	0.00010072	
0.800000	0.0785917 	0.800000	0.108352  	0.800000	0.108879  	0.800000	0.108879  	0.800000	0.108263  	0.800000	8.96128e-05	
0.900000	0.0733728 	0.900000	0.100381  	0.900000	0.100833  	0.900000	0.100833  	0.900000	0.1003    	0.900000	8.08187e-05	
1.000000	0.0688205 	1.000000	0.0936198 	1.000000	0.0940482 	1.000000	0.0940482 	1.000000	0.0935462 	1.000000	7.36731e-05	
1.250000	0.0596599 	1.250000	0.0804262 	1.250000	0.0809042 	1.250000	0.0809042 	1.250000	0.0803657 	1.250000	6.05248e-05	
1.500000	0.0527429 	1.500000	0.0707289 	1.500000	0.0713065 	1.500000	0.0713065 	1.500000	0.0706774 	1.500000	5.15174e-05	
1.750000	0.0473255 	1.750000	0.0632457 	1.750000	0.0639217 	1.750000	0.0639217 	1.750000	0.0632007 	1.750000	4.49405e-05	
2.000000	0.0429594 	2.000000	0.0572686 	2.000000	0.058028  	2.000000	0.058028  	2.000000	0.0572286 	2.000000	3.99162e-05	
2.250000	0.0393607 	2.250000	0.052371  	2.250000	0.0531972 	2.250000	0.0531972 	2.250000	0.052335  	2.250000	3.59463e-05	
2.500000	0.0357322 	2.500000	0.0482781 	2.500000	0.0491562 	2.500000	0.0491562 	2.500000	0.0482454 	2.500000	3.27262e-05	
3.000000	0.0311888 	3.000000	0.0418146 	3.000000	0.042762  	3.000000	0.042762  	3.000000	0.0417868 	3.000000	2.78118e-05	
3.500000	0.0277447 	3.500000	0.0369346 	3.500000	0.0379192 	3.500000	0.0379192 	3.500000	0.0369103 	3.500000	2.42301e-05	
4.000000	0.0250361 	4.000000	0.033116  	4.000000	0.0341179 	4.000000	0.0341179 	4.000000	0.0330945 	4.000000	2.1498e-05	
4.500000	0.0228452 	4.500000	0.0300445 	4.500000	0.0310511 	4.500000	0.0310511 	4.500000	0.0300251 	4.500000	1.93419e-05	
5.000000	0.0210337 	5.000000	0.0275188 	5.000000	0.0285221 	5.000000	0.0285221 	5.000000	0.0275012 	5.000000	1.7595e-05	
5.500000	0.0195088 	5.500000	0.025404  	5.500000	0.0263989 	5.500000	0.0263989 	5.500000	0.0253878 	5.500000	1.61494e-05	
6.000000	0.0182061 	6.000000	0.0236063 	6.000000	0.0245897 	6.000000	0.0245897 	6.000000	0.0235914 	6.000000	1.49325e-05	
6.500000	0.0170795 	6.500000	0.0220585 	6.500000	0.0230284 	6.500000	0.0230284 	6.500000	0.0220446 	6.500000	1.38933e-05	
7.000000	0.0160947 	7.000000	0.0207111 	7.000000	0.0216663 	7.000000	0.0216663 	7.000000	0.0206981 	7.000000	1.2995e-05	
7.500000	0.015226  	7.500000	0.0195269 	7.500000	0.0204668 	7.500000	0.0204668 	7.500000	0.0195147 	7.500000	1.22104e-05	
8.000000	0.0144536 	8.000000	0.0184776 	8.000000	0.0194018 	8.000000	0.0194018 	8.000000	0.0184661 	8.000000	1.15189e-05	
8.500000	0.0137621 	8.500000	0.0175409 	8.500000	0.0184494 	8.500000	0.0184494 	8.500000	0.01753   	8.500000	1.09047e-05	
9.000000	0.0131391 	9.000000	0.0166992 	9.000000	0.0175922 	9.000000	0.0175922 	9.000000	0.0166889 	9.000000	1.03553e-05	
9.500000	0.0125747 	9.500000	0.0159386 	9.500000	0.0168163 	9.500000	0.0168163 	9.500000	0.0159288 	9.500000	9.86088e-06	
10.000000	0.0120609 	10.000000	0.0157858 	10.000000	0.0161103 	10.000000	0.0161103 	10.000000	0.0157764 	10.000000	9.41341e-06	
11.000000	0.0111594 	11.000000	0.0146236 	11.000000	0.0148577 	11.000000	0.0148585 	11.000000	0.0146149 	11.000000	8.63464e-06	
12.000000	0.0103939 	12.000000	0.0136325 	12.000000	0.0137973 	12.000000	0.0137987 	12.000000	0.0136245 	12.000000	7.97952e-06	
13.000000	0.00973522	13.000000	0.0127767 	13.000000	0.0128881 	13.000000	0.0128896 	13.000000	0.0127693 	13.000000	7.42043e-06	
14.000000	0.00916205	14.000000	0.01203   	14.000000	0.0120997 	14.000000	0.0121011 	14.000000	0.0120231 	14.000000	6.93743e-06	
15.000000	0.00865848	15.000000	0.0113724 	15.000000	0.0114091 	15.000000	0.0114106 	15.000000	0.0113659 	15.000000	6.51581e-06	
16.000000	0.00821235	16.000000	0.0107886 	16.000000	0.0107995 	16.000000	0.0108008 	16.000000	0.0107825 	16.000000	6.14442e-06	
17.000000	0.00781419	17.000000	0.0102667 	17.000000	0.0102574 	17.000000	0.0102586 	17.000000	0.0102609 	17.000000	5.81467e-06	
18.000000	0.00745652	18.000000	0.0097972 	18.000000	0.00977234	18.000000	0.00977326	18.000000	0.00979168	18.000000	5.51985e-06	
19.000000	0.00713336	19.000000	0.00937242	19.000000	0.00933578	19.000000	0.00933645	19.000000	0.00936716	19.000000	5.25462e-06	
20.000000	0.00683984	20.000000	0.00898618	20.000000	0.00894068	20.000000	0.00894134	20.000000	0.00898117	20.000000	5.01468e-06	
21.000000	0.006572  	21.000000	0.0086334 	21.000000	0.00858161	21.000000	0.00858233	21.000000	0.0086286 	21.000000	4.79653e-06	
22.000000	0.00632655	22.000000	0.00830984	22.000000	0.00825427	22.000000	0.00825482	22.000000	0.00830524	22.000000	4.59729e-06	
23.000000	0.00610075	23.000000	0.00801195	23.000000	0.00795477	23.000000	0.00795493	23.000000	0.00800754	23.000000	4.41459e-06	
24.000000	0.00589227	24.000000	0.00773676	24.000000	0.00767967	24.000000	0.00767944	24.000000	0.00773251	24.000000	4.2464e-06	
25.000000	0.00569917	25.000000	0.00748172	25.000000	0.00742616	25.000000	0.00742559	25.000000	0.00747763	25.000000	4.09106e-06	
27.000000	0.00535263	27.000000	0.00702374	27.000000	0.00697519	27.000000	0.00697375	27.000000	0.00701993	27.000000	3.81334e-06	
29.000000	0.00505035	29.000000	0.006624  	29.000000	0.00658608	29.000000	0.00658429	29.000000	0.00662043	29.000000	3.57225e-06	
31.000000	0.00478422	31.000000	0.0062719 	31.000000	0.00624187	31.000000	0.00623999	31.000000	0.00626854	31.000000	3.3609e-06	
33.000000	0.00454802	33.000000	0.0059593 	33.000000	0.00593233	33.000000	0.00592987	33.000000	0.00595612	33.000000	3.17404e-06	
35.000000	0.00433686	35.000000	0.00567981	35.000000	0.0056549 	35.000000	0.00565256	35.000000	0.0056768 	35.000000	3.00761e-06	
38.000000	0.00405888	38.000000	0.00531186	38.000000	0.00529012	38.000000	0.00528741	38.000000	0.00530907	38.000000	2.7894e-06	
41.000000	0.00381876	41.000000	0.00499409	41.000000	0.00497471	41.000000	0.00497194	41.000000	0.00499149	41.000000	2.60176e-06	
44.000000	0.00360914	44.000000	0.00471676	44.000000	0.00469895	44.000000	0.0046965 	44.000000	0.00471432	44.000000	2.43863e-06	
47.000000	0.00342443	47.000000	0.00447253	47.000000	0.00445661	47.000000	0.00445382	47.000000	0.00447023	47.000000	2.29545e-06	
50.000000	0.00326038	50.000000	0.00425572	50.000000	0.00424112	50.000000	0.0042383 	50.000000	0.00425355	50.000000	2.16872e-06	
55.000000	0.00302407	55.000000	0.00394373	55.000000	0.00393103	55.000000	0.00392797	55.000000	0.00394174	55.000000	1.98696e-06	
60.000000	0.00282456	60.000000	0.00368065	60.000000	0.00366892	60.000000	0.0036661 	60.000000	0.00367882	60.000000	1.83427e-06	
65.000000	0.0026537 	65.000000	0.00345571	65.000000	0.00344492	65.000000	0.00344203	65.000000	0.003454  	65.000000	1.70411e-06	
70.000000	0.00250564	70.000000	0.00326108	70.000000	0.00325096	70.000000	0.00324802	70.000000	0.00325948	70.000000	1.5918e-06	
75.000000	0.002376  	75.000000	0.00309096	75.000000	0.00308105	75.000000	0.00307835	75.000000	0.00308946	75.000000	1.49385e-06	
80.000000	0.00226148	80.000000	0.00294094	80.000000	0.00293159	80.000000	0.00292865	80.000000	0.00293953	80.000000	1.40765e-06	
85.000000	0.00215952	85.000000	0.00280763	85.000000	0.00279834	85.000000	0.00279555	85.000000	0.0028063 	85.000000	1.33119e-06	
90.000000	0.00206813	90.000000	0.00268836	90.000000	0.00267908	90.000000	0.00267641	90.000000	0.00268709	90.000000	1.26288e-06	
95.000000	0.00198571	95.000000	0.00258099	95.000000	0.00257198	95.000000	0.00256913	95.000000	0.00257979	95.000000	1.20147e-06	
100.000000	0.00191096	100.000000	0.00248381	100.000000	0.00247472	100.000000	0.00247199	100.000000	0.00248267	100.000000	1.14595e-06	
105.000000	0.00184284	105.000000	0.00239543	105.000000	0.00238624	105.000000	0.00238362	105.000000	0.00239434	105.000000	1.09551e-06	
110.000000	0.00178049	110.000000	0.00231469	110.000000	0.00230535	110.000000	0.00230286	110.000000	0.00231364	110.000000	1.04947e-06	
115.000000	0.00172318	115.000000	0.00224063	115.000000	0.00223136	115.000000	0.00222878	115.000000	0.00223962	115.000000	1.00728e-06	
120.000000	0.00167032	120.000000	0.00217245	120.000000	0.00216319	120.000000	0.00216056	120.000000	0.00217148	120.000000	9.68461e-07	
125.000000	0.00162138	125.000000	0.00210947	125.000000	0.00210003	125.000000	0.00209753	125.000000	0.00210854	125.000000	9.32624e-07	
130.000000	0.00157595	130.000000	0.00205111	130.000000	0.00204155	130.000000	0.00203913	130.000000	0.00205021	130.000000	8.99435e-07	
135.000000	0.00153364	135.000000	0.00199689	135.000000	0.00198738	135.000000	0.00198485	135.000000	0.00199602	135.000000	8.68607e-07	
140.000000	0.00149414	140.000000	0.00194636	140.000000	0.00193681	140.000000	0.00193427	140.000000	0.00194552	140.000000	8.39894e-07	
145.000000	0.00145717	145.000000	0.00189916	145.000000	0.00188948	145.000000	0.00188703	145.000000	0.00189835	145.000000	8.13082e-07	
150.000000	0.00142248	150.000000	0.00185498	150.000000	0.00184519	150.000000	0.0018428 	150.000000	0.0018542 	150.000000	7.87988e-07	
155.000000	0.00137364	155.000000	0.00181353	155.000000	0.00180361	155.000000	0.00180131	155.000000	0.00181277	155.000000	7.64449e-07	
160.000000	0.00134502	160.000000	0.00177457	160.000000	0.00176459	160.000000	0.00176231	160.000000	0.00177382	160.000000	7.42323e-07	
165.000000	0.00131803	165.000000	0.00173787	165.000000	0.00172794	165.000000	0.00172557	165.000000	0.00173715	165.000000	7.21486e-07	
170.000000	0.00129253	170.000000	0.00170324	170.000000	0.00169329	170.000000	0.00169092	170.000000	0.00170254	170.000000	7.01826e-07	
175.000000	0.0012684 	175.000000	0.00167052	175.000000	0.00166047	175.000000	0.00165817	175.000000	0.00166983	175.000000	6.83246e-07	
180.000000	0.00124553	180.000000	0.00163954	180.000000	0.00162943	180.000000	0.00162717	180.000000	0.00163888	180.000000	6.65657e-07	
185.000000	0.00122383	185.000000	0.00161018	185.000000	0.0016    	185.000000	0.0015978 	185.000000	0.00160953	185.000000	6.48983e-07	
190.000000	0.00120321	190.000000	0.00158231	190.000000	0.00157206	190.000000	0.00156991	190.000000	0.00158167	190.000000	6.33151e-07	
195.000000	0.00118358	195.000000	0.00155581	195.000000	0.00154557	195.000000	0.00154341	195.000000	0.00155519	195.000000	6.181e-07 	
200.000000	0.00116488	200.000000	0.0015306 	200.000000	0.00152042	200.000000	0.0015182 	200.000000	0.00152999	200.000000	6.03773e-07	
210.000000	0.00113   	210.000000	0.00148365	210.000000	0.00147344	210.000000	0.00147126	210.000000	0.00148307	210.000000	5.77086e-07	
220.000000	0.00109813	220.000000	0.00144084	220.000000	0.00143058	220.000000	0.00142848	220.000000	0.00144028	220.000000	5.52734e-07	
230.000000	0.00106888	230.000000	0.00140164	230.000000	0.00139134	230.000000	0.00138932	230.000000	0.00140111	230.000000	5.3042e-07	
240.000000	0.00104194	240.000000	0.00136561	240.000000	0.00135543	240.000000	0.00135335	240.000000	0.0013651 	240.000000	5.09895e-07	
250.000000	0.00101705	250.000000	0.0013324 	250.000000	0.00132229	250.000000	0.0013202 	250.000000	0.0013319 	250.000000	4.9095e-07	
260.000000	0.000993986	260.000000	0.00130167	260.000000	0.00129157	260.000000	0.00128956	260.000000	0.0013012 	260.000000	4.73408e-07	
270.000000	0.000972548	270.000000	0.00127317	270.000000	0.00126311	270.000000	0.00126115	270.000000	0.00127272	270.000000	4.57116e-07	
280.000000	0.000952571	280.000000	0.00124667	280.000000	0.00123666	280.000000	0.00123475	280.000000	0.00124623	280.000000	4.41945e-07	
290.000000	0.000933912	290.000000	0.00122196	290.000000	0.00121211	290.000000	0.00121014	290.000000	0.00122153	290.000000	4.2778e-07	
300.000000	0.000916444	300.000000	0.00119887	300.000000	0.00118914	300.000000	0.00118717	300.000000	0.00119846	300.000000	4.14525e-07	
310.000000	0.000900059	310.000000	0.00117725	310.000000	0.00116758	310.000000	0.00116566	310.000000	0.00117685	310.000000	4.02093e-07	
320.000000	0.000884658	320.000000	0.00115696	320.000000	0.00114739	320.000000	0.0011455 	320.000000	0.00115657	320.000000	3.9041e-07	
330.000000	0.000870157	330.000000	0.0011379 	330.000000	0.0011284 	330.000000	0.00112656	330.000000	0.00113752	330.000000	3.79408e-07	
340.000000	0.00085648	340.000000	0.00111994	340.000000	0.00111056	340.000000	0.00110874	340.000000	0.00111957	340.000000	3.69029e-07	
350.000000	0.00084356	350.000000	0.00110301	350.000000	0.0010938 	350.000000	0.00109194	350.000000	0.00110265	350.000000	3.59221e-07	
360.000000	0.000831336	360.000000	0.00108701	360.000000	0.00107796	360.000000	0.00107608	360.000000	0.00108666	360.000000	3.49938e-07	
370.000000	0.000819755	370.000000	0.00107188	370.000000	0.00106283	370.000000	0.00106099	370.000000	0.00107154	370.000000	3.41138e-07	
380.000000	0.000808769	380.000000	0.00105755	380.000000	0.00104852	380.000000	0.00104671	380.000000	0.00105722	380.000000	3.32785e-07	
390.000000	0.000798333	390.000000	0.00104396	390.000000	0.00103495	390.000000	0.00103317	390.000000	0.00104363	390.000000	3.24844e-07	
400.000000	0.000788409	400.000000	0.00103105	400.000000	0.00102206	400.000000	0.00102032	400.000000	0.00103073	400.000000	3.17285e-07	
410.000000	0.000778961	410.000000	0.00101878	410.000000	0.00100983	410.000000	0.00100811	410.000000	0.00101847	410.000000	3.10081e-07	
420.000000	0.000769957	420.000000	0.0010071 	420.000000	0.000998242	420.000000	0.000996489	420.000000	0.00100679	420.000000	3.03208e-07	
430.000000	0.000761367	430.000000	0.000995968	430.000000	0.000987211	430.000000	0.000985428	430.000000	0.000995671	430.000000	2.96643e-07	
440.000000	0.000753164	440.000000	0.000985355	440.000000	0.00097666	440.000000	0.000974884	440.000000	0.000985065	440.000000	2.90366e-07	
450.000000	0.000745324	450.000000	0.000975225	450.000000	0.000966571	450.000000	0.000964825	450.000000	0.00097494	450.000000	2.84357e-07	
460.000000	0.000737825	460.000000	0.000965546	460.000000	0.000956941	460.000000	0.000955218	460.000000	0.000965267	460.000000	2.786e-07 	
470.000000	0.000730645	470.000000	0.000956291	470.000000	0.000947742	470.000000	0.000946037	470.000000	0.000956018	470.000000	2.73079e-07	
480.000000	0.000723765	480.000000	0.000947434	480.000000	0.000938937	480.000000	0.000937254	480.000000	0.000947166	480.000000	2.67779e-07	
490.000000	0.000717169	490.000000	0.00093895	490.000000	0.000930503	490.000000	0.000928846	490.000000	0.000938688	490.000000	2.62688e-07	
500.000000	0.00071084	500.000000	0.00093082	500.000000	0.000922436	500.000000	0.00092079	500.000000	0.000930562	500.000000	2.57794e-07	
520.000000	0.000698925	520.000000	0.000915537	520.000000	0.000907343	520.000000	0.000905657	520.000000	0.000915288	520.000000	2.48549e-07	
540.000000	0.000687912	540.000000	0.00090144	540.000000	0.000893399	540.000000	0.000891709	540.000000	0.0009012 	540.000000	2.39964e-07	
560.000000	0.000677711	560.000000	0.000888407	560.000000	0.000880471	560.000000	0.00087882	560.000000	0.000888175	560.000000	2.31971e-07	
580.000000	0.00066824	580.000000	0.000876329	580.000000	0.000868508	580.000000	0.000866883	580.000000	0.000876105	580.000000	2.2451e-07	
600.000000	0.000659432	600.000000	0.000865114	600.000000	0.000857395	600.000000	0.000855803	600.000000	0.000864897	600.000000	2.17528e-07	
620.000000	0.000651225	620.000000	0.000854681	620.000000	0.00084707	620.000000	0.000845497	620.000000	0.00085447	620.000000	2.10981e-07	
640.000000	0.000643566	640.000000	0.000844958	640.000000	0.000837494	640.000000	0.000835894	640.000000	0.000844754	640.000000	2.04829e-07	
660.000000	0.000636407	660.000000	0.000835883	660.000000	0.000828551	660.000000	0.00082693	660.000000	0.000835684	660.000000	1.99036e-07	
680.000000	0.000629707	680.000000	0.000827399	680.000000	0.000820152	680.000000	0.000818549	680.000000	0.000827205	680.000000	1.93572e-07	
700.000000	0.000623428	700.000000	0.000819457	700.000000	0.000812278	700.000000	0.000810701	700.000000	0.000819268	700.000000	1.8841e-07	
720.000000	0.000617537	720.000000	0.000812013	720.000000	0.000804901	720.000000	0.000803342	720.000000	0.000811829	720.000000	1.83524e-07	
740.000000	0.000612005	740.000000	0.000805028	740.000000	0.000797972	740.000000	0.000796431	740.000000	0.000804849	740.000000	1.78893e-07	
760.000000	0.000606804	760.000000	0.000798466	760.000000	0.000791452	760.000000	0.000789933	760.000000	0.000798292	760.000000	1.74497e-07	
780.000000	0.00060191	780.000000	0.000792296	780.000000	0.000785323	780.000000	0.000783817	780.000000	0.000792126	780.000000	1.70318e-07	
800.000000	0.000597303	800.000000	0.000786489	800.000000	0.000779569	800.000000	0.000778052	800.000000	0.000786323	800.000000	1.66342e-07	
820.000000	0.000592961	820.000000	0.000781019	820.000000	0.000774152	820.000000	0.000772615	820.000000	0.000780857	820.000000	1.62552e-07	
840.000000	0.000588867	840.000000	0.000775863	840.000000	0.000769029	840.000000	0.000767479	840.000000	0.000775704	840.000000	1.58937e-07	
860.000000	0.000585005	860.000000	0.000770999	860.000000	0.000764167	860.000000	0.000762625	860.000000	0.000770843	860.000000	1.55484e-07	
880.000000	0.000581359	880.000000	0.000766407	880.000000	0.000759558	880.000000	0.000758033	880.000000	0.000766255	880.000000	1.52182e-07	
900.000000	0.000577917	900.000000	0.000762071	900.000000	0.000755193	900.000000	0.000753685	900.000000	0.000761922	900.000000	1.49022e-07	
920.000000	0.000574665	920.000000	0.000757973	920.000000	0.00075106	920.000000	0.000749564	920.000000	0.000757827	920.000000	1.45995e-07	
940.000000	0.000571592	940.000000	0.000754099	940.000000	0.000747142	940.000000	0.000745656	940.000000	0.000753955	940.000000	1.43092e-07	
960.000000	0.000568688	960.000000	0.000750435	960.000000	0.000743425	960.000000	0.000741948	960.000000	0.000750294	960.000000	1.40306e-07	
980.000000	0.000565943	980.000000	0.000746968	980.000000	0.000739895	980.000000	0.000738426	980.000000	0.00074683	980.000000	1.37629e-07	
1000.000000	0.000563348	1000.000000	0.000743688	1000.000000	0.000736539	1000.000000	0.000735079	1000.000000	0.000743553	1000.000000	1.35056e-07	
1020.000000	0.000560894	1020.000000	0.000740582	1020.000000	0.000733347	1020.000000	0.000731896	1020.000000	0.00074045	1020.000000	1.32581e-07	
1040.000000	0.000558574	1040.000000	0.000737642	1040.000000	0.000730307	1040.000000	0.000728868	1040.000000	0.000737512	1040.000000	1.30197e-07	
1060.000000	0.000556382	1060.000000	0.000734859	1060.000000	0.000727412	1060.000000	0.000725986	1060.000000	0.000734731	1060.000000	1.279e-07 	
1080.000000	0.000554309	1080.000000	0.000732222	1080.000000	0.000724658	1080.000000	0.000723241	1080.000000	0.000732097	1080.000000	1.25685e-07	
1100.000000	0.000552351	1100.000000	0.000729726	1100.000000	0.000722038	1100.000000	0.000720625	1100.000000	0.000729603	1100.000000	1.23548e-07	
1120.000000	0.0005505 	1120.000000	0.000727362	1120.000000	0.000719546	1120.000000	0.000718132	1120.000000	0.000727241	1120.000000	1.21485e-07	
1140.000000	0.000548753	1140.000000	0.000725124	1140.000000	0.000717177	1140.000000	0.000715753	1140.000000	0.000725004	1140.000000	1.19492e-07	
1160.000000	0.000547104	1160.000000	0.000723005	1160.000000	0.000714918	1160.000000	0.000713484	1160.000000	0.000722887	1160.000000	1.17565e-07	
1180.000000	0.000545548	1180.000000	0.000720999	1180.000000	0.000712762	1180.000000	0.000711319	1180.000000	0.000720883	1180.000000	1.15701e-07	
1200.000000	0.000544081	1200.000000	0.000719101	1200.000000	0.0007107 	1200.000000	0.000709251	1200.000000	0.000718987	1200.000000	1.13897e-07	
1220.000000	0.0005427 	1220.000000	0.000717305	1220.000000	0.000708726	1220.000000	0.000707275	1220.000000	0.000717193	1220.000000	1.1215e-07	
1240.000000	0.000541399	1240.000000	0.000715607	1240.000000	0.000706835	1240.000000	0.000705388	1240.000000	0.000715497	1240.000000	1.10458e-07	
1260.000000	0.000540175	1260.000000	0.000714003	1260.000000	0.000705024	1260.000000	0.000703584	1260.000000	0.000713894	1260.000000	1.08817e-07	
1280.000000	0.000539026	1280.000000	0.000712487	1280.000000	0.000703292	1280.000000	0.00070186	1280.000000	0.000712379	1280.000000	1.07226e-07	
1300.000000	0.000537948	1300.000000	0.000711055	1300.000000	0.000701635	1300.000000	0.000700211	1300.000000	0.00071095	1300.000000	1.05683e-07	
1320.000000	0.000536937	1320.000000	0.000709705	1320.000000	0.000700051	1320.000000	0.000698634	1320.000000	0.000709601	1320.000000	1.04184e-07	
1340.000000	0.000535992	1340.000000	0.000708432	1340.000000	0.000698537	1340.000000	0.000697125	1340.000000	0.000708329	1340.000000	1.02729e-07	
1360.000000	0.000535109	1360.000000	0.000707233	1360.000000	0.000697088	1360.000000	0.000695681	1360.000000	0.000707132	1360.000000	1.01315e-07	
1380.000000	0.000534286	1380.000000	0.000706105	1380.000000	0.000695702	1380.000000	0.000694299	1380.000000	0.000706005	1380.000000	9.99408e-08	
1400.000000	0.00053352	1400.000000	0.000705045	1400.000000	0.000694376	1400.000000	0.000692977	1400.000000	0.000704947	1400.000000	9.86044e-08	
1420.000000	0.00053281	1420.000000	0.00070405	1420.000000	0.000693105	1420.000000	0.000691711	1420.000000	0.000703953	1420.000000	9.73044e-08	
1440.000000	0.000532153	1440.000000	0.000703118	1440.000000	0.000691888	1440.000000	0.000690499	1440.000000	0.000703022	1440.000000	9.60392e-08	
1460.000000	0.000531547	1460.000000	0.000702245	1460.000000	0.000690722	1460.000000	0.000689338	1460.000000	0.00070215	1460.000000	9.48076e-08	
1480.000000	0.00053099	1480.000000	0.00070143	1480.000000	0.000689604	1480.000000	0.000688226	1480.000000	0.000701336	1480.000000	9.36081e-08	
1500.000000	0.00053048	1500.000000	0.00070067	1500.000000	0.000688534	1500.000000	0.000687162	1500.000000	0.000700577	1500.000000	9.24395e-08	
1520.000000	0.000530016	1520.000000	0.000699963	1520.000000	0.000687509	1520.000000	0.000686142	1520.000000	0.000699871	1520.000000	9.13006e-08	
1540.000000	0.000529596	1540.000000	0.000699307	1540.000000	0.000686528	1540.000000	0.000685165	1540.000000	0.000699216	1540.000000	9.01903e-08	
1560.000000	0.000529219	1560.000000	0.0006987 	1560.000000	0.00068559	1560.000000	0.00068423	1560.000000	0.000698611	1560.000000	8.91075e-08	
1580.000000	0.000528883	1580.000000	0.00069814	1580.000000	0.000684692	1580.000000	0.000683334	1580.000000	0.000698052	1580.000000	8.80512e-08	
1600.000000	0.000528586	1600.000000	0.000697626	1600.000000	0.000683834	1600.000000	0.000682476	1600.000000	0.000697539	1600.000000	8.70205e-08	
1620.000000	0.000528327	1620.000000	0.000697155	1620.000000	0.000683015	1620.000000	0.000681654	1620.000000	0.000697069	1620.000000	8.60143e-08	
1640.000000	0.000528105	1640.000000	0.000696727	1640.000000	0.000682231	1640.000000	0.000680867	1640.000000	0.000696642	1640.000000	8.50318e-08	
1660.000000	0.000527919	1660.000000	0.00069634	1660.000000	0.000681482	1660.000000	0.000680114	1660.000000	0.000696256	1660.000000	8.40722e-08	
1680.000000	0.000527768	1680.000000	0.000695992	1680.000000	0.000680765	1680.000000	0.000679392	1680.000000	0.000695909	1680.000000	8.31347e-08	
1700.000000	0.00052765	1700.000000	0.000695682	1700.000000	0.000680079	1700.000000	0.000678702	1700.000000	0.000695599	1700.000000	8.22185e-08	
1750.000000	0.000527495	1750.000000	0.000695064	1750.000000	0.000678489	1750.000000	0.000677101	1750.000000	0.000694984	1750.000000	8.00166e-08	
1800.000000	0.000527526	1800.000000	0.000694656	1800.000000	0.000677062	1800.000000	0.000675669	1800.000000	0.000694578	1800.000000	7.7933e-08	
1850.000000	0.000527731	1850.000000	0.000694441	1850.000000	0.00067578	1850.000000	0.000674388	1850.000000	0.000694365	1850.000000	7.59583e-08	
1900.000000	0.000528097	1900.000000	0.000694404	1900.000000	0.000674632	1900.000000	0.000673245	1900.000000	0.00069433	1900.000000	7.40841e-08	
1950.000000	0.000528613	1950.000000	0.000694531	1950.000000	0.000673607	1950.000000	0.000672228	1950.000000	0.000694459	1950.000000	7.23029e-08	
2000.000000	0.000529269	2000.000000	0.000694811	2000.000000	0.000672697	2000.000000	0.000671326	2000.000000	0.00069474	2000.000000	7.06078e-08	
2100.000000	0.000530964	2100.000000	0.000695783	2100.000000	0.000671185	2100.000000	0.000669827	2100.000000	0.000695716	2100.000000	6.7452e-08	
2200.000000	0.000533118	2200.000000	0.000697243	2200.000000	0.000670031	2200.000000	0.000668681	2200.000000	0.000697179	2200.000000	6.45739e-08	
2300.000000	0.000535679	2300.000000	0.000699128	2300.000000	0.000669174	2300.000000	0.000667832	2300.000000	0.000699066	2300.000000	6.19381e-08	
2400.000000	0.000538603	2400.000000	0.000701385	2400.000000	0.00066857	2400.000000	0.000667234	2400.000000	0.000701325	2400.000000	5.95149e-08	
2500.000000	0.000541851	2500.000000	0.000703967	2500.000000	0.000668178	2500.000000	0.000666851	2500.000000	0.00070391	2500.000000	5.72794e-08	
2600.000000	0.000545392	2600.000000	0.000706839	2600.000000	0.00066797	2600.000000	0.000666651	2600.000000	0.000706783	2600.000000	5.52104e-08	
2700.000000	0.000549198	2700.000000	0.000709966	2700.000000	0.00066792	2700.000000	0.000666607	2700.000000	0.000709913	2700.000000	5.32898e-08	
2800.000000	0.000553245	2800.000000	0.000713322	2800.000000	0.000668007	2800.000000	0.000666698	2800.000000	0.000713271	2800.000000	5.1502e-08	
2900.000000	0.000557514	2900.000000	0.000716882	2900.000000	0.000668212	2900.000000	0.000666904	2900.000000	0.000716833	2900.000000	4.98336e-08	
3000.000000	0.000561985	3000.000000	0.000720626	3000.000000	0.000668519	3000.000000	0.000667209	3000.000000	0.000720578	3000.000000	4.82729e-08	
3200.000000	0.000571478	3200.000000	0.000728594	3200.000000	0.000669383	3200.000000	0.000668066	3200.000000	0.000728549	3200.000000	4.5435e-08	
3400.000000	0.000581617	3400.000000	0.000737106	3400.000000	0.000670504	3400.000000	0.000669181	3400.000000	0.000737063	3400.000000	4.29208e-08	
3600.000000	0.000592323	3600.000000	0.000746068	3600.000000	0.000671816	3600.000000	0.000670489	3600.000000	0.000746028	3600.000000	4.06774e-08	
3800.000000	0.00060353	3800.000000	0.000755407	3800.000000	0.000673268	3800.000000	0.000671939	3800.000000	0.000755368	3800.000000	3.86629e-08	
4000.000000	0.000615184	4000.000000	0.000765063	4000.000000	0.000674822	4000.000000	0.000673496	4000.000000	0.000765026	4000.000000	3.68437e-08	
4200.000000	0.000627244	4200.000000	0.000774989	4200.000000	0.000676452	4200.000000	0.000675129	4200.000000	0.000774953	4200.000000	3.51925e-08	
4400.000000	0.000639674	4400.000000	0.000785145	4400.000000	0.000678136	4400.000000	0.000676817	4400.000000	0.000785111	4400.000000	3.36868e-08	
4600.000000	0.000652444	4600.000000	0.000795499	4600.000000	0.000679857	4600.000000	0.000678541	4600.000000	0.000795466	4600.000000	3.2308e-08	
4800.000000	0.000665531	4800.000000	0.000806024	4800.000000	0.000681602	4800.000000	0.00068029	4800.000000	0.000805993	4800.000000	3.10406e-08	
5000.000000	0.000678912	5000.000000	0.000816699	5000.000000	0.00068336	5000.000000	0.000682051	5000.000000	0.000816669	5000.000000	2.98716e-08	
5250.000000	0.000696027	5250.000000	0.000830222	5250.000000	0.000685563	5250.000000	0.000684258	5250.000000	0.000830194	5250.000000	2.85317e-08	
5500.000000	0.000713546	5500.000000	0.000843918	5500.000000	0.000687762	5500.000000	0.000686459	5500.000000	0.000843891	5500.000000	2.731e-08 	
6000.000000	0.000749705	6000.000000	0.000871729	6000.000000	0.00069211	6000.000000	0.000690811	6000.000000	0.000871703	6000.000000	2.5163e-08	
6500.000000	0.000787237	6500.000000	0.000899974	6500.000000	0.000696354	6500.000000	0.000695058	6500.000000	0.00089995	6500.000000	2.33368e-08	
7000.000000	0.000826033	7000.000000	0.000928542	7000.000000	0.000700468	7000.000000	0.000699174	7000.000000	0.000928521	7000.000000	2.1764e-08	
7500.000000	0.000866014	7500.000000	0.000957355	7500.000000	0.00070444	7500.000000	0.00070315	7500.000000	0.000957334	7500.000000	2.03948e-08	
8000.000000	0.000907118	8000.000000	0.000986352	8000.000000	0.000708275	8000.000000	0.00070698	8000.000000	0.000986333	8000.000000	1.91918e-08	
8500.000000	0.000949299	8500.000000	0.00101549	8500.000000	0.000711952	8500.000000	0.000710668	8500.000000	0.00101547	8500.000000	1.81262e-08	
9000.000000	0.00099252	9000.000000	0.00104473	9000.000000	0.000715475	9000.000000	0.000714215	9000.000000	0.00104471	9000.000000	1.71757e-08	
9500.000000	0.00103675	9500.000000	0.00107405	9500.000000	0.000718869	9500.000000	0.000717629	9500.000000	0.00107404	9500.000000	1.63223e-08	
10000.000000	0.00108197	10000.000000	0.00110343	10000.000000	0.000722149	10000.000000	0.000720915	10000.000000	0.00110342	10000.000000	1.55517e-08	
11000.000000	0.00117531	11000.000000	0.00116231	11000.000000	0.000728366	11000.000000	0.000727128	11000.000000	0.0011623 	11000.000000	1.42149e-08	
12000.000000	0.00127243	12000.000000	0.00122127	12000.000000	0.000734149	12000.000000	0.000732908	12000.000000	0.00122126	12000.000000	1.30948e-08	
13000.000000	0.00137325	13000.000000	0.00128025	13000.000000	0.000739536	13000.000000	0.000738301	13000.000000	0.00128024	13000.000000	1.21422e-08	
14000.000000	0.00147772	14000.000000	0.00133921	14000.000000	0.00074457	14000.000000	0.000743349	14000.000000	0.0013392 	14000.000000	1.13219e-08	
15000.000000	0.00158582	15000.000000	0.00139812	15000.000000	0.000749293	15000.000000	0.000748089	15000.000000	0.00139811	15000.000000	1.0608e-08	
16000.000000	0.00169751	16000.000000	0.00145696	16000.000000	0.000753741	16000.000000	0.000752554	16000.000000	0.00145695	16000.000000	9.98086e-09	
17000.000000	0.0018128 	17000.000000	0.00151573	17000.000000	0.000757944	17000.000000	0.000756771	17000.000000	0.00151572	17000.000000	9.42544e-09	
18000.000000	0.00193166	18000.000000	0.00157441	18000.000000	0.000761928	18000.000000	0.000760764	18000.000000	0.0015744 	18000.000000	8.93002e-09	
19000.000000	0.00205411	19000.000000	0.001633  	19000.000000	0.000765712	19000.000000	0.000764554	19000.000000	0.00163299	19000.000000	8.48531e-09	
20000.000000	0.00218015	20000.000000	0.00169149	20000.000000	0.000769315	20000.000000	0.000768161	20000.000000	0.00169148	20000.000000	8.08383e-09	
21000.000000	0.00230977	21000.000000	0.00174989	21000.000000	0.000772754	21000.000000	0.000771599	21000.000000	0.00174988	21000.000000	7.71953e-09	
22000.000000	0.00244298	22000.000000	0.00180819	22000.000000	0.000776035	22000.000000	0.000774884	22000.000000	0.00180819	22000.000000	7.38744e-09	
23000.000000	0.00257981	23000.000000	0.0018664 	23000.000000	0.000779144	23000.000000	0.000778027	23000.000000	0.00186639	23000.000000	7.08342e-09	
24000.000000	0.00272024	24000.000000	0.00192451	24000.000000	0.000782126	24000.000000	0.00078104	24000.000000	0.0019245 	24000.000000	6.80403e-09	
25000.000000	0.00286431	25000.000000	0.00198253	25000.000000	0.00078502	25000.000000	0.000783933	25000.000000	0.00198252	25000.000000	6.54638e-09	
26000.000000	0.00301202	26000.000000	0.00204045	26000.000000	0.0007878 	26000.000000	0.000786714	26000.000000	0.00204044	26000.000000	6.308e-09 	
27000.000000	0.00316338	27000.000000	0.00209828	27000.000000	0.000790455	27000.000000	0.000789392	27000.000000	0.00209828	27000.000000	6.08679e-09	
28000.000000	0.00331842	28000.000000	0.00215603	28000.000000	0.000793007	28000.000000	0.000791974	28000.000000	0.00215602	28000.000000	5.88095e-09	
29000.000000	0.00347714	29000.000000	0.00221368	29000.000000	0.000795475	29000.000000	0.000794466	29000.000000	0.00221368	29000.000000	5.68891e-09	
30000.000000	0.00363957	30000.000000	0.00227125	30000.000000	0.000797864	30000.000000	0.000796874	30000.000000	0.00227125	30000.000000	5.50932e-09	
32000.000000	0.00397559	32000.000000	0.00238614	32000.000000	0.000802411	32000.000000	0.000801459	32000.000000	0.00238614	32000.000000	5.18291e-09	
34000.000000	0.00432665	34000.000000	0.00250071	34000.000000	0.000806669	34000.000000	0.000805766	34000.000000	0.0025007 	34000.000000	4.89388e-09	
36000.000000	0.00469286	36000.000000	0.00261497	36000.000000	0.000810679	36000.000000	0.000809825	36000.000000	0.00261496	36000.000000	4.6361e-09	
38000.000000	0.0050744 	38000.000000	0.00272893	38000.000000	0.000814473	38000.000000	0.000813664	38000.000000	0.00272893	38000.000000	4.40474e-09	
40000.000000	0.00547142	40000.000000	0.00284262	40000.000000	0.00081807	40000.000000	0.000817304	40000.000000	0.00284261	40000.000000	4.1959e-09	
42000.000000	0.00588407	42000.000000	0.00295603	42000.000000	0.000821486	42000.000000	0.000820765	42000.000000	0.00295602	42000.000000	4.00642e-09	
44000.000000	0.00631251	44000.000000	0.00306918	44000.000000	0.000824733	44000.000000	0.000824062	44000.000000	0.00306918	44000.000000	3.8337e-09	
46000.000000	0.00675692	46000.000000	0.00318209	46000.000000	0.000827829	46000.000000	0.000827212	46000.000000	0.00318209	46000.000000	3.67561e-09	
48000.000000	0.00721746	48000.000000	0.00329476	48000.000000	0.000830784	48000.000000	0.000830225	48000.000000	0.00329476	48000.000000	3.53034e-09	
50000.000000	0.00769429	50000.000000	0.0034072 	50000.000000	0.00083361	50000.000000	0.000833113	50000.000000	0.0034072 	50000.000000	3.39638e-09	
