*Energy (MeV/u)1	0 - [He-base] F.Hubert et al, AD&ND Tables 46(1990)1	Energy (MeV/u)2	1 - [H -base] J.F.Ziegler et al, Pergamon Press, NY (low energy)	Energy (MeV/u)3	2 - ATIMA 1.2  LS-theory (recommended for high energy)	Energy (MeV/u)4	3 - ATIMA 1.2  without LS-correction	Energy (MeV/u)5	4 - electrical component of [1] - J.F.Ziegler et al	Energy (MeV/u)6	5 - nuclear component of [1] - J.F.Ziegler et al	
0.001000	0.0444735 	0.001000	0.0573091 	0.001000	0.0749457 	0.001000	0.0749457 	0.001000	0.030134  	0.001000	0.0271751 	
0.002000	0.0525235 	0.002000	0.0634516 	0.002000	0.0820331 	0.002000	0.0820331 	0.002000	0.0441187 	0.002000	0.0193329 	
0.005000	0.0743841 	0.005000	0.0841701 	0.005000	0.101278  	0.005000	0.101278  	0.005000	0.0730281 	0.005000	0.011142  	
0.008000	0.0925906 	0.008000	0.102654  	0.008000	0.116837  	0.008000	0.116837  	0.008000	0.0945706 	0.008000	0.00808319	
0.010000	0.103328  	0.010000	0.113829  	0.010000	0.12585   	0.010000	0.12585   	0.010000	0.106919  	0.010000	0.00690986	
0.015000	0.121404  	0.015000	0.136262  	0.015000	0.143448  	0.015000	0.143448  	0.015000	0.131141  	0.015000	0.00512056	
0.020000	0.135565  	0.020000	0.151617  	0.020000	0.158353  	0.020000	0.158353  	0.020000	0.147489  	0.020000	0.00412801	
0.025000	0.150957  	0.025000	0.168619  	0.025000	0.172471  	0.025000	0.172471  	0.025000	0.165138  	0.025000	0.00348087	
0.030000	0.163435  	0.030000	0.184109  	0.030000	0.186954  	0.030000	0.186954  	0.030000	0.181086  	0.030000	0.00302223	
0.035000	0.173415  	0.035000	0.198146  	0.035000	0.200491  	0.035000	0.200491  	0.035000	0.195468  	0.035000	0.00267855	
0.040000	0.181072  	0.040000	0.211074  	0.040000	0.213136  	0.040000	0.213136  	0.040000	0.208663  	0.040000	0.00241047	
0.045000	0.186527  	0.045000	0.222911  	0.045000	0.224927  	0.045000	0.224927  	0.045000	0.220716  	0.045000	0.00219497	
0.050000	0.189939  	0.050000	0.233675  	0.050000	0.235897  	0.050000	0.235897  	0.050000	0.231657  	0.050000	0.00201761	
0.055000	0.1975    	0.055000	0.245302  	0.055000	0.246076  	0.055000	0.246076  	0.055000	0.243433  	0.055000	0.00186884	
0.060000	0.203788  	0.060000	0.256043  	0.060000	0.255494  	0.060000	0.255494  	0.060000	0.254301  	0.060000	0.00174209	
0.070000	0.212948  	0.070000	0.274912  	0.070000	0.272164  	0.070000	0.272164  	0.070000	0.273374  	0.070000	0.00153725	
0.080000	0.222766  	0.080000	0.290143  	0.080000	0.286151  	0.080000	0.286151  	0.080000	0.288765  	0.080000	0.00137847	
0.090000	0.229842  	0.090000	0.302264  	0.090000	0.297706  	0.090000	0.297706  	0.090000	0.301012  	0.090000	0.00125147	
0.100000	0.235066  	0.100000	0.311598  	0.100000	0.307082  	0.100000	0.307082  	0.100000	0.310451  	0.100000	0.00114739	
0.120000	0.238385  	0.120000	0.328046  	0.120000	0.320279  	0.120000	0.320279  	0.120000	0.32706   	0.120000	0.000986536	
0.140000	0.238963  	0.140000	0.336967  	0.140000	0.327571  	0.140000	0.327571  	0.140000	0.3361    	0.140000	0.000867617	
0.160000	0.238985  	0.160000	0.341337  	0.160000	0.330504  	0.160000	0.330504  	0.160000	0.340561  	0.160000	0.000775851	
0.180000	0.238694  	0.180000	0.341781  	0.180000	0.330318  	0.180000	0.330318  	0.180000	0.341078  	0.180000	0.000702728	
0.200000	0.239327  	0.200000	0.341283  	0.200000	0.327968  	0.200000	0.327968  	0.200000	0.34064   	0.200000	0.000642988	
0.250000	0.23443   	0.250000	0.333293  	0.250000	0.316845  	0.250000	0.316845  	0.250000	0.33276   	0.250000	0.000532236	
0.300000	0.233666  	0.300000	0.328424  	0.300000	0.3049    	0.300000	0.3049    	0.300000	0.327968  	0.300000	0.000455681	
0.350000	0.230951  	0.350000	0.320525  	0.350000	0.292642  	0.350000	0.292642  	0.350000	0.320126  	0.350000	0.00039939	
0.400000	0.227052  	0.400000	0.31197   	0.400000	0.280398  	0.400000	0.280398  	0.400000	0.311614  	0.400000	0.000356141	
0.450000	0.221921  	0.450000	0.302801  	0.450000	0.268578  	0.450000	0.268578  	0.450000	0.30248   	0.450000	0.000321803	
0.500000	0.216933  	0.500000	0.294854  	0.500000	0.257874  	0.500000	0.257874  	0.500000	0.29456   	0.500000	0.000293835	
0.600000	0.199085  	0.600000	0.272122  	0.600000	0.239452  	0.600000	0.239452  	0.600000	0.271871  	0.600000	0.000250938	
0.700000	0.181216  	0.700000	0.251088  	0.700000	0.224192  	0.700000	0.224192  	0.700000	0.250868  	0.700000	0.000219493	
0.800000	0.17332   	0.800000	0.235774  	0.800000	0.211259  	0.800000	0.211259  	0.800000	0.235578  	0.800000	0.000195394	
0.900000	0.164907  	0.900000	0.220788  	0.900000	0.200058  	0.900000	0.200058  	0.900000	0.220612  	0.900000	0.0001763 	
1.000000	0.156558  	1.000000	0.206582  	1.000000	0.189702  	1.000000	0.189702  	1.000000	0.206421  	1.000000	0.000160776	
1.250000	0.137406  	1.250000	0.181182  	1.250000	0.16875   	1.250000	0.16875   	1.250000	0.181049  	1.250000	0.00013219	
1.500000	0.119299  	1.500000	0.157313  	1.500000	0.15243   	1.500000	0.15243   	1.500000	0.157201  	1.500000	0.000112589	
1.750000	0.106029  	1.750000	0.140311  	1.750000	0.139069  	1.750000	0.139069  	1.750000	0.140213  	1.750000	9.82658e-05	
2.000000	0.0957672 	2.000000	0.12743   	2.000000	0.127847  	2.000000	0.127847  	2.000000	0.127343  	2.000000	8.73175e-05	
2.250000	0.0876656 	2.250000	0.116387  	2.250000	0.118234  	2.250000	0.118234  	2.250000	0.116308  	2.250000	7.86622e-05	
2.500000	0.0782412 	2.500000	0.107323  	2.500000	0.109919  	2.500000	0.109919  	2.500000	0.107251  	2.500000	7.16386e-05	
3.000000	0.0687478 	3.000000	0.0931704 	3.000000	0.0962988 	3.000000	0.0962988 	3.000000	0.0931095 	3.000000	6.09139e-05	
3.500000	0.061432  	3.500000	0.0824975 	3.500000	0.0856651 	3.500000	0.0856651 	3.500000	0.0824444 	3.500000	5.30925e-05	
4.000000	0.0556121 	4.000000	0.0740963 	4.000000	0.0771711 	4.000000	0.0771711 	4.000000	0.0740492 	4.000000	4.71234e-05	
4.500000	0.0508653 	4.500000	0.0672896 	4.500000	0.0702504 	4.500000	0.0702504 	4.500000	0.0672471 	4.500000	4.24108e-05	
5.000000	0.0469155 	5.000000	0.0616558 	5.000000	0.064513  	5.000000	0.064513  	5.000000	0.0616172 	5.000000	3.8591e-05	
5.500000	0.0435745 	5.500000	0.0569803 	5.500000	0.0596839 	5.500000	0.0596839 	5.500000	0.0569449 	5.500000	3.54292e-05	
6.000000	0.0407095 	6.000000	0.0529902 	6.000000	0.0555646 	6.000000	0.0555646 	6.000000	0.0529574 	6.000000	3.27667e-05	
6.500000	0.0382238 	6.500000	0.0495443 	6.500000	0.0520095 	6.500000	0.0520095 	6.500000	0.0495138 	6.500000	3.04924e-05	
7.000000	0.0360456 	7.000000	0.0465376 	7.000000	0.0489094 	7.000000	0.0489094 	7.000000	0.0465091 	7.000000	2.85261e-05	
7.500000	0.0341202 	7.500000	0.0438906 	7.500000	0.0461815 	7.500000	0.0461815 	7.500000	0.0438638 	7.500000	2.68082e-05	
8.000000	0.0324054 	8.000000	0.0415417 	8.000000	0.0437616 	8.000000	0.0437616 	8.000000	0.0415164 	8.000000	2.5294e-05	
8.500000	0.0308677 	8.500000	0.0394427 	8.500000	0.0415994 	8.500000	0.0415994 	8.500000	0.0394188 	8.500000	2.39487e-05	
9.000000	0.0294807 	9.000000	0.0375552 	9.000000	0.0396551 	9.000000	0.0396551 	9.000000	0.0375325 	9.000000	2.27452e-05	
9.500000	0.0282228 	9.500000	0.0358484 	9.500000	0.0378966 	9.500000	0.0378966 	9.500000	0.0358267 	9.500000	2.16619e-05	
10.000000	0.0270766 	10.000000	0.0355075 	10.000000	0.0362979 	10.000000	0.0362979 	10.000000	0.0354868 	10.000000	2.06814e-05	
11.000000	0.0250634 	11.000000	0.0328969 	11.000000	0.0334612 	11.000000	0.0334662 	11.000000	0.0328779 	11.000000	1.89745e-05	
12.000000	0.0233515 	12.000000	0.0306694 	12.000000	0.031064  	12.000000	0.0310721 	12.000000	0.0306518 	12.000000	1.75382e-05	
13.000000	0.0218771 	13.000000	0.0287454 	13.000000	0.0290105 	13.000000	0.0290205 	13.000000	0.0287291 	13.000000	1.63123e-05	
14.000000	0.0205931 	14.000000	0.0270661 	14.000000	0.0272315 	14.000000	0.0272422 	14.000000	0.0270509 	14.000000	1.52529e-05	
15.000000	0.0194643 	15.000000	0.025587  	15.000000	0.0256751 	15.000000	0.0256858 	15.000000	0.0255727 	15.000000	1.4328e-05	
16.000000	0.0184638 	16.000000	0.0242738 	16.000000	0.0243016 	16.000000	0.0243122 	16.000000	0.0242603 	16.000000	1.35132e-05	
17.000000	0.0175704 	17.000000	0.0230997 	17.000000	0.0230805 	17.000000	0.0230908 	17.000000	0.0230869 	17.000000	1.27896e-05	
18.000000	0.0167677 	18.000000	0.0220434 	18.000000	0.0219884 	18.000000	0.021998  	18.000000	0.0220312 	18.000000	1.21425e-05	
19.000000	0.0160421 	19.000000	0.0210877 	19.000000	0.0210057 	19.000000	0.0210145 	19.000000	0.0210761 	19.000000	1.15604e-05	
20.000000	0.015383  	20.000000	0.0202187 	20.000000	0.0201166 	20.000000	0.0201251 	20.000000	0.0202077 	20.000000	1.10336e-05	
21.000000	0.0147814 	21.000000	0.019425  	21.000000	0.0193088 	21.000000	0.019317  	21.000000	0.0194144 	21.000000	1.05547e-05	
22.000000	0.0142299 	22.000000	0.018697  	22.000000	0.0185726 	22.000000	0.0185798 	22.000000	0.0186868 	22.000000	1.01172e-05	
23.000000	0.0137226 	23.000000	0.0180267 	23.000000	0.0178991 	23.000000	0.0179048 	23.000000	0.018017  	23.000000	9.71594e-06	
24.000000	0.0132541 	24.000000	0.0174075 	24.000000	0.0172801 	24.000000	0.0172848 	24.000000	0.0173982 	24.000000	9.34656e-06	
25.000000	0.0128201 	25.000000	0.0168337 	25.000000	0.0167094 	25.000000	0.0167134 	25.000000	0.0168247 	25.000000	9.00535e-06	
27.000000	0.0120411 	27.000000	0.0158033 	27.000000	0.0156937 	27.000000	0.0156965 	27.000000	0.0157949 	27.000000	8.39528e-06	
29.000000	0.0113615 	29.000000	0.0149039 	29.000000	0.0148188 	29.000000	0.01482   	29.000000	0.014896  	29.000000	7.86556e-06	
31.000000	0.0107631 	31.000000	0.0141116 	31.000000	0.0140452 	31.000000	0.0140448 	31.000000	0.0141042 	31.000000	7.40112e-06	
33.000000	0.0102319 	33.000000	0.0134083 	33.000000	0.0133482 	33.000000	0.0133465 	33.000000	0.0134013 	33.000000	6.99044e-06	
35.000000	0.00975705	35.000000	0.0127794 	35.000000	0.012725  	35.000000	0.012722  	35.000000	0.0127728 	35.000000	6.6246e-06	
38.000000	0.00913183	38.000000	0.0119516 	38.000000	0.0119043 	38.000000	0.0118998 	38.000000	0.0119454 	38.000000	6.14488e-06	
41.000000	0.00859173	41.000000	0.0112366 	41.000000	0.0111952 	41.000000	0.0111895 	41.000000	0.0112309 	41.000000	5.73231e-06	
44.000000	0.00812019	44.000000	0.0106126 	44.000000	0.0105761 	44.000000	0.0105694 	44.000000	0.0106072 	44.000000	5.37356e-06	
47.000000	0.00770469	47.000000	0.0100631 	47.000000	0.0100308 	47.000000	0.0100231 	47.000000	0.010058  	47.000000	5.05862e-06	
50.000000	0.00733563	50.000000	0.00957528	50.000000	0.00954555	50.000000	0.00953794	50.000000	0.0095705 	50.000000	4.77985e-06	
55.000000	0.00680402	55.000000	0.00887329	55.000000	0.00884737	55.000000	0.00883936	55.000000	0.00886891	55.000000	4.37996e-06	
60.000000	0.00635515	60.000000	0.00828138	60.000000	0.00825852	60.000000	0.00824991	60.000000	0.00827734	60.000000	4.04396e-06	
65.000000	0.00597076	65.000000	0.00777526	65.000000	0.00775394	65.000000	0.00774556	65.000000	0.0077715 	65.000000	3.75751e-06	
70.000000	0.00563763	70.000000	0.00733735	70.000000	0.0073181 	70.000000	0.00730891	70.000000	0.00733384	70.000000	3.51028e-06	
75.000000	0.00534596	75.000000	0.00695458	75.000000	0.00693576	75.000000	0.00692703	75.000000	0.00695129	75.000000	3.29465e-06	
80.000000	0.0050883 	80.000000	0.00661706	80.000000	0.00659921	80.000000	0.0065901 	80.000000	0.00661395	80.000000	3.10487e-06	
85.000000	0.00485891	85.000000	0.00631711	85.000000	0.00629921	85.000000	0.00629055	85.000000	0.00631418	85.000000	2.93649e-06	
90.000000	0.00465328	90.000000	0.00604875	90.000000	0.00603141	90.000000	0.00602243	90.000000	0.00604596	90.000000	2.78605e-06	
95.000000	0.00446783	95.000000	0.00580718	95.000000	0.00578954	95.000000	0.00578098	95.000000	0.00580452	95.000000	2.65079e-06	
100.000000	0.00429965	100.000000	0.00558853	100.000000	0.00557123	100.000000	0.00556237	100.000000	0.005586  	100.000000	2.52851e-06	
105.000000	0.00414639	105.000000	0.00538967	105.000000	0.00537197	105.000000	0.00536349	105.000000	0.00538726	105.000000	2.41739e-06	
110.000000	0.0040061 	110.000000	0.00520801	110.000000	0.00519043	110.000000	0.00518176	110.000000	0.00520569	110.000000	2.31597e-06	
115.000000	0.00387715	115.000000	0.00504138	115.000000	0.00502352	115.000000	0.00501504	115.000000	0.00503915	115.000000	2.223e-06 	
120.000000	0.00375821	120.000000	0.00488797	120.000000	0.0048699 	120.000000	0.00486152	120.000000	0.00488584	120.000000	2.13747e-06	
125.000000	0.00364811	125.000000	0.00474627	125.000000	0.00472823	125.000000	0.00471969	125.000000	0.00474421	125.000000	2.0585e-06	
130.000000	0.00354588	130.000000	0.00461497	130.000000	0.00459648	130.000000	0.00458826	130.000000	0.00461298	130.000000	1.98536e-06	
135.000000	0.00345069	135.000000	0.00449295	135.000000	0.004474  	135.000000	0.00446611	135.000000	0.00449104	135.000000	1.91742e-06	
140.000000	0.00336181	140.000000	0.00437927	140.000000	0.00436025	140.000000	0.0043523 	140.000000	0.00437742	140.000000	1.85413e-06	
145.000000	0.00327862	145.000000	0.00427309	145.000000	0.00425402	145.000000	0.00424599	145.000000	0.00427129	145.000000	1.79503e-06	
150.000000	0.00320058	150.000000	0.00417368	150.000000	0.00415424	150.000000	0.00414647	150.000000	0.00417194	150.000000	1.73972e-06	
155.000000	0.0030907 	155.000000	0.00408042	155.000000	0.00406092	155.000000	0.0040531 	155.000000	0.00407873	155.000000	1.68783e-06	
160.000000	0.00302629	160.000000	0.00399274	160.000000	0.00397322	160.000000	0.00396533	160.000000	0.0039911 	160.000000	1.63905e-06	
165.000000	0.00296556	165.000000	0.00391017	165.000000	0.00389034	165.000000	0.00388267	165.000000	0.00390858	165.000000	1.59311e-06	
170.000000	0.00290818	170.000000	0.00383226	170.000000	0.00381234	170.000000	0.00380468	170.000000	0.00383071	170.000000	1.54977e-06	
175.000000	0.0028539 	175.000000	0.00375863	175.000000	0.00373876	175.000000	0.00373099	175.000000	0.00375712	175.000000	1.5088e-06	
180.000000	0.00280245	180.000000	0.00368894	180.000000	0.00366892	180.000000	0.00366125	180.000000	0.00368747	180.000000	1.47002e-06	
185.000000	0.00275362	185.000000	0.00362288	185.000000	0.00360258	185.000000	0.00359514	185.000000	0.00362144	185.000000	1.43325e-06	
190.000000	0.00270722	190.000000	0.00356016	190.000000	0.00353965	190.000000	0.0035324 	190.000000	0.00355876	190.000000	1.39834e-06	
195.000000	0.00266306	195.000000	0.00350055	195.000000	0.00348002	195.000000	0.00347277	195.000000	0.00349918	195.000000	1.36515e-06	
200.000000	0.00262098	200.000000	0.00344382	200.000000	0.00342338	200.000000	0.00341603	200.000000	0.00344248	200.000000	1.33355e-06	
210.000000	0.00254251	210.000000	0.00333819	210.000000	0.00331756	210.000000	0.00331041	210.000000	0.00333691	210.000000	1.27469e-06	
220.000000	0.00247079	220.000000	0.00324186	220.000000	0.00322135	220.000000	0.00321414	220.000000	0.00324064	220.000000	1.22098e-06	
230.000000	0.00240498	230.000000	0.00315366	230.000000	0.00313312	230.000000	0.00312603	230.000000	0.00315249	230.000000	1.17176e-06	
240.000000	0.00234437	240.000000	0.00307261	240.000000	0.00305189	240.000000	0.0030451 	240.000000	0.00307148	240.000000	1.12648e-06	
250.000000	0.00228837	250.000000	0.00299787	250.000000	0.00297734	250.000000	0.00297051	250.000000	0.00299679	250.000000	1.08468e-06	
260.000000	0.00223647	260.000000	0.00292874	260.000000	0.00290836	260.000000	0.00290155	260.000000	0.0029277 	260.000000	1.04598e-06	
270.000000	0.00218823	270.000000	0.00286462	270.000000	0.00284429	270.000000	0.00283763	270.000000	0.00286361	270.000000	1.01004e-06	
280.000000	0.00214328	280.000000	0.00280499	280.000000	0.00278498	280.000000	0.00277822	280.000000	0.00280401	280.000000	9.7656e-07	
290.000000	0.0021013 	290.000000	0.00274939	290.000000	0.0027295 	290.000000	0.00272285	290.000000	0.00274845	290.000000	9.45305e-07	
300.000000	0.002062  	300.000000	0.00269744	300.000000	0.00267759	300.000000	0.00267116	300.000000	0.00269653	300.000000	9.16054e-07	
310.000000	0.00202513	310.000000	0.0026488 	310.000000	0.00262914	310.000000	0.00262277	310.000000	0.00264791	310.000000	8.88619e-07	
320.000000	0.00199048	320.000000	0.00260316	320.000000	0.00258385	320.000000	0.00257741	320.000000	0.00260229	320.000000	8.62833e-07	
330.000000	0.00195785	330.000000	0.00256025	330.000000	0.00254119	330.000000	0.00253479	330.000000	0.00255941	330.000000	8.38551e-07	
340.000000	0.00192708	340.000000	0.00251986	340.000000	0.00250093	340.000000	0.00249469	340.000000	0.00251904	340.000000	8.15644e-07	
350.000000	0.00189801	350.000000	0.00248176	350.000000	0.00246299	350.000000	0.00245689	350.000000	0.00248096	350.000000	7.93995e-07	
360.000000	0.00187051	360.000000	0.00244577	360.000000	0.00242731	360.000000	0.00242121	360.000000	0.00244499	360.000000	7.73505e-07	
370.000000	0.00184445	370.000000	0.00241172	370.000000	0.00239342	370.000000	0.00238726	370.000000	0.00241097	370.000000	7.5408e-07	
380.000000	0.00181973	380.000000	0.00237948	380.000000	0.00236122	380.000000	0.00235511	380.000000	0.00237874	380.000000	7.35639e-07	
390.000000	0.00179625	390.000000	0.00234889	390.000000	0.00233064	390.000000	0.00232465	390.000000	0.00234817	390.000000	7.18108e-07	
400.000000	0.00177392	400.000000	0.00231985	400.000000	0.00230175	400.000000	0.00229573	400.000000	0.00231914	400.000000	7.0142e-07	
410.000000	0.00175266	410.000000	0.00229223	410.000000	0.00227432	410.000000	0.00226825	410.000000	0.00229155	410.000000	6.85517e-07	
420.000000	0.0017324 	420.000000	0.00226595	420.000000	0.00224814	420.000000	0.00224211	420.000000	0.00226528	420.000000	6.70342e-07	
430.000000	0.00171308	430.000000	0.00224092	430.000000	0.00222315	430.000000	0.00221722	430.000000	0.00224026	430.000000	6.55847e-07	
440.000000	0.00169462	440.000000	0.00221704	440.000000	0.00219932	440.000000	0.0021935 	440.000000	0.0022164 	440.000000	6.41986e-07	
450.000000	0.00167698	450.000000	0.00219424	450.000000	0.00217662	450.000000	0.00217087	450.000000	0.00219362	450.000000	6.28718e-07	
460.000000	0.00166011	460.000000	0.00217247	460.000000	0.00215501	460.000000	0.00214925	460.000000	0.00217185	460.000000	6.16006e-07	
470.000000	0.00164395	470.000000	0.00215164	470.000000	0.0021344 	470.000000	0.00212859	470.000000	0.00215104	470.000000	6.03814e-07	
480.000000	0.00162847	480.000000	0.00213172	480.000000	0.00211464	480.000000	0.00210883	480.000000	0.00213112	480.000000	5.92111e-07	
490.000000	0.00161363	490.000000	0.00211263	490.000000	0.00209567	490.000000	0.00208991	490.000000	0.00211205	490.000000	5.80869e-07	
500.000000	0.00159939	500.000000	0.00209433	500.000000	0.00207747	500.000000	0.00207179	500.000000	0.00209376	500.000000	5.70059e-07	
520.000000	0.00157258	520.000000	0.00205995	520.000000	0.00204327	520.000000	0.00203774	520.000000	0.0020594 	520.000000	5.49642e-07	
540.000000	0.0015478 	540.000000	0.00202823	540.000000	0.0020119 	540.000000	0.00200635	540.000000	0.0020277 	540.000000	5.30682e-07	
560.000000	0.00152485	560.000000	0.00199891	560.000000	0.00198293	560.000000	0.00197735	560.000000	0.00199839	560.000000	5.13028e-07	
580.000000	0.00150354	580.000000	0.00197173	580.000000	0.00195596	580.000000	0.00195049	580.000000	0.00197124	580.000000	4.96547e-07	
600.000000	0.00148372	600.000000	0.0019465 	600.000000	0.00193102	600.000000	0.00192556	600.000000	0.00194602	600.000000	4.81125e-07	
620.000000	0.00146526	620.000000	0.00192302	620.000000	0.00190788	620.000000	0.00190237	620.000000	0.00192256	620.000000	4.66662e-07	
640.000000	0.00144802	640.000000	0.00190115	640.000000	0.00188622	640.000000	0.00188077	640.000000	0.0019007 	640.000000	4.53071e-07	
660.000000	0.00143192	660.000000	0.00188073	660.000000	0.00186595	660.000000	0.0018606 	660.000000	0.00188029	660.000000	4.40274e-07	
680.000000	0.00141684	680.000000	0.00186164	680.000000	0.00184701	680.000000	0.00184174	680.000000	0.00186121	680.000000	4.28202e-07	
700.000000	0.00140271	700.000000	0.00184377	700.000000	0.00182932	700.000000	0.00182408	700.000000	0.00184335	700.000000	4.16796e-07	
720.000000	0.00138946	720.000000	0.00182702	720.000000	0.0018128 	720.000000	0.00180752	720.000000	0.00182662	720.000000	4.06e-07  	
740.000000	0.00137701	740.000000	0.00181131	740.000000	0.00179727	740.000000	0.00179197	740.000000	0.00181091	740.000000	3.95768e-07	
760.000000	0.00136531	760.000000	0.00179654	760.000000	0.00178261	760.000000	0.00177735	760.000000	0.00179616	760.000000	3.86054e-07	
780.000000	0.0013543 	780.000000	0.00178266	780.000000	0.00176878	780.000000	0.00176359	780.000000	0.00178228	780.000000	3.76821e-07	
800.000000	0.00134393	800.000000	0.00176959	800.000000	0.00175574	800.000000	0.00175062	800.000000	0.00176923	800.000000	3.68034e-07	
820.000000	0.00133416	820.000000	0.00175729	820.000000	0.00174345	820.000000	0.00173838	820.000000	0.00175693	820.000000	3.59659e-07	
840.000000	0.00132495	840.000000	0.00174569	840.000000	0.00173188	840.000000	0.00172683	840.000000	0.00174533	840.000000	3.51669e-07	
860.000000	0.00131626	860.000000	0.00173474	860.000000	0.00172098	860.000000	0.00171591	860.000000	0.0017344 	860.000000	3.44038e-07	
880.000000	0.00130806	880.000000	0.00172441	880.000000	0.00171067	880.000000	0.00170557	880.000000	0.00172407	880.000000	3.36741e-07	
900.000000	0.00130031	900.000000	0.00171465	900.000000	0.00170089	900.000000	0.00169579	900.000000	0.00171432	900.000000	3.29757e-07	
920.000000	0.001293  	920.000000	0.00170543	920.000000	0.0016916 	920.000000	0.00168652	920.000000	0.00170511	920.000000	3.23066e-07	
940.000000	0.00128608	940.000000	0.00169672	940.000000	0.00168276	940.000000	0.00167773	940.000000	0.0016964 	940.000000	3.1665e-07	
960.000000	0.00127955	960.000000	0.00168847	960.000000	0.00167437	960.000000	0.00166938	960.000000	0.00168816	960.000000	3.10492e-07	
980.000000	0.00127337	980.000000	0.00168067	980.000000	0.00166639	980.000000	0.00166146	980.000000	0.00168037	980.000000	3.04576e-07	
1000.000000	0.00126753	1000.000000	0.00167329	1000.000000	0.00165883	1000.000000	0.00165393	1000.000000	0.00167299	1000.000000	2.98888e-07	
1020.000000	0.00126201	1020.000000	0.00166631	1020.000000	0.00165164	1020.000000	0.00164677	1020.000000	0.00166601	1020.000000	2.93416e-07	
1040.000000	0.00125679	1040.000000	0.00165969	1040.000000	0.00164483	1040.000000	0.00163995	1040.000000	0.0016594 	1040.000000	2.88147e-07	
1060.000000	0.00125186	1060.000000	0.00165343	1060.000000	0.00163837	1060.000000	0.00163347	1060.000000	0.00165314	1060.000000	2.83069e-07	
1080.000000	0.0012472 	1080.000000	0.0016475 	1080.000000	0.00163221	1080.000000	0.00162729	1080.000000	0.00164722	1080.000000	2.78173e-07	
1100.000000	0.00124279	1100.000000	0.00164188	1100.000000	0.00162633	1100.000000	0.00162141	1100.000000	0.00164161	1100.000000	2.73449e-07	
1120.000000	0.00123863	1120.000000	0.00163656	1120.000000	0.00162072	1120.000000	0.0016158 	1120.000000	0.00163629	1120.000000	2.68888e-07	
1140.000000	0.00123469	1140.000000	0.00163152	1140.000000	0.00161534	1140.000000	0.00161044	1140.000000	0.00163126	1140.000000	2.64481e-07	
1160.000000	0.00123098	1160.000000	0.00162676	1160.000000	0.00161021	1160.000000	0.00160534	1160.000000	0.0016265 	1160.000000	2.6022e-07	
1180.000000	0.00122748	1180.000000	0.00162224	1180.000000	0.0016053 	1180.000000	0.00160047	1180.000000	0.00162199	1180.000000	2.561e-07 	
1200.000000	0.00122418	1200.000000	0.00161797	1200.000000	0.00160063	1200.000000	0.00159581	1200.000000	0.00161772	1200.000000	2.52111e-07	
1220.000000	0.00122107	1220.000000	0.00161393	1220.000000	0.00159619	1220.000000	0.00159137	1220.000000	0.00161368	1220.000000	2.48249e-07	
1240.000000	0.00121815	1240.000000	0.00161011	1240.000000	0.00159195	1240.000000	0.00158712	1240.000000	0.00160987	1240.000000	2.44507e-07	
1260.000000	0.00121539	1260.000000	0.0016065 	1260.000000	0.0015879 	1260.000000	0.00158306	1260.000000	0.00160626	1260.000000	2.4088e-07	
1280.000000	0.00121281	1280.000000	0.00160309	1280.000000	0.00158404	1280.000000	0.00157918	1280.000000	0.00160285	1280.000000	2.37362e-07	
1300.000000	0.00121038	1300.000000	0.00159987	1300.000000	0.00158034	1300.000000	0.00157547	1300.000000	0.00159964	1300.000000	2.33949e-07	
1320.000000	0.00120811	1320.000000	0.00159683	1320.000000	0.00157679	1320.000000	0.00157193	1320.000000	0.0015966 	1320.000000	2.30636e-07	
1340.000000	0.00120598	1340.000000	0.00159397	1340.000000	0.00157339	1340.000000	0.00156853	1340.000000	0.00159374	1340.000000	2.27418e-07	
1360.000000	0.00120399	1360.000000	0.00159127	1360.000000	0.00157013	1360.000000	0.00156528	1360.000000	0.00159105	1360.000000	2.24291e-07	
1380.000000	0.00120214	1380.000000	0.00158873	1380.000000	0.001567  	1380.000000	0.00156217	1380.000000	0.00158851	1380.000000	2.21252e-07	
1400.000000	0.00120042	1400.000000	0.00158635	1400.000000	0.00156401	1400.000000	0.0015592 	1400.000000	0.00158613	1400.000000	2.18297e-07	
1420.000000	0.00119882	1420.000000	0.00158411	1420.000000	0.00156114	1420.000000	0.00155635	1420.000000	0.00158389	1420.000000	2.15422e-07	
1440.000000	0.00119734	1440.000000	0.00158201	1440.000000	0.00155839	1440.000000	0.00155362	1440.000000	0.0015818 	1440.000000	2.12624e-07	
1460.000000	0.00119598	1460.000000	0.00158005	1460.000000	0.00155575	1460.000000	0.00155101	1460.000000	0.00157984	1460.000000	2.099e-07 	
1480.000000	0.00119473	1480.000000	0.00157821	1480.000000	0.00155323	1480.000000	0.00154851	1480.000000	0.00157801	1480.000000	2.07248e-07	
1500.000000	0.00119358	1500.000000	0.0015765 	1500.000000	0.00155082	1500.000000	0.00154611	1500.000000	0.0015763 	1500.000000	2.04663e-07	
1520.000000	0.00119254	1520.000000	0.00157491	1520.000000	0.00154851	1520.000000	0.00154382	1520.000000	0.00157471	1520.000000	2.02145e-07	
1540.000000	0.00119159	1540.000000	0.00157344	1540.000000	0.0015463 	1540.000000	0.00154162	1540.000000	0.00157324	1540.000000	1.99689e-07	
1560.000000	0.00119074	1560.000000	0.00157207	1560.000000	0.00154418	1560.000000	0.00153952	1560.000000	0.00157187	1560.000000	1.97294e-07	
1580.000000	0.00118999	1580.000000	0.00157081	1580.000000	0.00154216	1580.000000	0.0015375 	1580.000000	0.00157062	1580.000000	1.94958e-07	
1600.000000	0.00118932	1600.000000	0.00156965	1600.000000	0.00154023	1600.000000	0.00153557	1600.000000	0.00156946	1600.000000	1.92678e-07	
1620.000000	0.00118874	1620.000000	0.0015686 	1620.000000	0.00153838	1620.000000	0.00153372	1620.000000	0.00156841	1620.000000	1.90453e-07	
1640.000000	0.00118824	1640.000000	0.00156763	1640.000000	0.00153661	1640.000000	0.00153195	1640.000000	0.00156745	1640.000000	1.8828e-07	
1660.000000	0.00118782	1660.000000	0.00156676	1660.000000	0.00153492	1660.000000	0.00153026	1660.000000	0.00156658	1660.000000	1.86158e-07	
1680.000000	0.00118748	1680.000000	0.00156598	1680.000000	0.00153331	1680.000000	0.00152863	1680.000000	0.00156579	1680.000000	1.84084e-07	
1700.000000	0.00118721	1700.000000	0.00156528	1700.000000	0.00153176	1700.000000	0.00152708	1700.000000	0.0015651 	1700.000000	1.82057e-07	
1750.000000	0.00118686	1750.000000	0.00156389	1750.000000	0.00152817	1750.000000	0.00152348	1750.000000	0.00156371	1750.000000	1.77187e-07	
1800.000000	0.00118693	1800.000000	0.00156297	1800.000000	0.00152495	1800.000000	0.00152025	1800.000000	0.0015628 	1800.000000	1.72578e-07	
1850.000000	0.0011874 	1850.000000	0.00156249	1850.000000	0.00152206	1850.000000	0.00151737	1850.000000	0.00156232	1850.000000	1.6821e-07	
1900.000000	0.00118822	1900.000000	0.00156241	1900.000000	0.00151948	1900.000000	0.0015148 	1900.000000	0.00156224	1900.000000	1.64064e-07	
1950.000000	0.00118938	1950.000000	0.00156269	1950.000000	0.00151717	1950.000000	0.00151251	1950.000000	0.00156253	1950.000000	1.60123e-07	
2000.000000	0.00119085	2000.000000	0.00156332	2000.000000	0.00151511	2000.000000	0.00151048	2000.000000	0.00156317	2000.000000	1.56373e-07	
2100.000000	0.00119467	2100.000000	0.00156551	2100.000000	0.00151169	2100.000000	0.00150711	2100.000000	0.00156536	2100.000000	1.49392e-07	
2200.000000	0.00119952	2200.000000	0.0015688 	2200.000000	0.00150907	2200.000000	0.00150453	2200.000000	0.00156865	2200.000000	1.43024e-07	
2300.000000	0.00120528	2300.000000	0.00157304	2300.000000	0.00150714	2300.000000	0.00150262	2300.000000	0.0015729 	2300.000000	1.37192e-07	
2400.000000	0.00121186	2400.000000	0.00157811	2400.000000	0.00150578	2400.000000	0.00150128	2400.000000	0.00157798	2400.000000	1.3183e-07	
2500.000000	0.00121916	2500.000000	0.00158392	2500.000000	0.00150493	2500.000000	0.00150041	2500.000000	0.0015838 	2500.000000	1.26883e-07	
2600.000000	0.00122713	2600.000000	0.00159039	2600.000000	0.00150449	2600.000000	0.00149996	2600.000000	0.00159026	2600.000000	1.22305e-07	
2700.000000	0.00123569	2700.000000	0.00159742	2700.000000	0.0015044 	2700.000000	0.00149987	2700.000000	0.0015973 	2700.000000	1.18054e-07	
2800.000000	0.0012448 	2800.000000	0.00160497	2800.000000	0.00150462	2800.000000	0.00150007	2800.000000	0.00160486	2800.000000	1.14098e-07	
2900.000000	0.00125441	2900.000000	0.00161298	2900.000000	0.00150508	2900.000000	0.00150053	2900.000000	0.00161287	2900.000000	1.10405e-07	
3000.000000	0.00126447	3000.000000	0.00162141	3000.000000	0.00150576	3000.000000	0.00150122	3000.000000	0.0016213 	3000.000000	1.06951e-07	
3200.000000	0.00128582	3200.000000	0.00163934	3200.000000	0.00150767	3200.000000	0.00150315	3200.000000	0.00163924	3200.000000	1.0067e-07	
3400.000000	0.00130864	3400.000000	0.00165849	3400.000000	0.00151015	3400.000000	0.00150566	3400.000000	0.00165839	3400.000000	9.51048e-08	
3600.000000	0.00133273	3600.000000	0.00167865	3600.000000	0.00151307	3600.000000	0.0015086 	3600.000000	0.00167856	3600.000000	9.01386e-08	
3800.000000	0.00135794	3800.000000	0.00169966	3800.000000	0.00151631	3800.000000	0.00151186	3800.000000	0.00169958	3800.000000	8.56789e-08	
4000.000000	0.00138416	4000.000000	0.00172139	4000.000000	0.0015198 	4000.000000	0.00151536	4000.000000	0.00172131	4000.000000	8.16514e-08	
4200.000000	0.0014113 	4200.000000	0.00174372	4200.000000	0.00152346	4200.000000	0.00151904	4200.000000	0.00174365	4200.000000	7.79955e-08	
4400.000000	0.00143927	4400.000000	0.00176657	4400.000000	0.00152725	4400.000000	0.00152284	4400.000000	0.0017665 	4400.000000	7.46616e-08	
4600.000000	0.001468  	4600.000000	0.00178987	4600.000000	0.00153112	4600.000000	0.00152672	4600.000000	0.0017898 	4600.000000	7.16087e-08	
4800.000000	0.00149744	4800.000000	0.00181355	4800.000000	0.00153505	4800.000000	0.00153065	4800.000000	0.00181348	4800.000000	6.88023e-08	
5000.000000	0.00152755	5000.000000	0.00183757	5000.000000	0.001539  	5000.000000	0.00153461	5000.000000	0.0018375 	5000.000000	6.62134e-08	
5250.000000	0.00156606	5250.000000	0.001868  	5250.000000	0.00154396	5250.000000	0.00153958	5250.000000	0.00186794	5250.000000	6.32462e-08	
5500.000000	0.00160548	5500.000000	0.00189881	5500.000000	0.0015489 	5500.000000	0.00154453	5500.000000	0.00189875	5500.000000	6.05405e-08	
6000.000000	0.00168684	6000.000000	0.00196139	6000.000000	0.00155868	6000.000000	0.00155432	6000.000000	0.00196133	6000.000000	5.57854e-08	
6500.000000	0.00177128	6500.000000	0.00202494	6500.000000	0.00156823	6500.000000	0.00156388	6500.000000	0.00202489	6500.000000	5.17404e-08	
7000.000000	0.00185858	7000.000000	0.00208922	7000.000000	0.00157748	7000.000000	0.00157314	7000.000000	0.00208917	7000.000000	4.82563e-08	
7500.000000	0.00194853	7500.000000	0.00215405	7500.000000	0.00158642	7500.000000	0.00158209	7500.000000	0.002154  	7500.000000	4.52232e-08	
8000.000000	0.00204102	8000.000000	0.00221929	8000.000000	0.00159504	8000.000000	0.00159071	8000.000000	0.00221925	8000.000000	4.2558e-08	
8500.000000	0.00213592	8500.000000	0.00228485	8500.000000	0.00160332	8500.000000	0.001599  	8500.000000	0.00228481	8500.000000	4.01972e-08	
9000.000000	0.00223317	9000.000000	0.00235064	9000.000000	0.00161128	9000.000000	0.00160698	9000.000000	0.00235061	9000.000000	3.8091e-08	
9500.000000	0.00233269	9500.000000	0.00241662	9500.000000	0.00161895	9500.000000	0.00161466	9500.000000	0.00241658	9500.000000	3.62e-08  	
10000.000000	0.00243444	10000.000000	0.00248273	10000.000000	0.00162636	10000.000000	0.00162206	10000.000000	0.00248269	10000.000000	3.44926e-08	
11000.000000	0.00264445	11000.000000	0.0026152 	11000.000000	0.00164033	11000.000000	0.00163604	11000.000000	0.00261517	11000.000000	3.15301e-08	
12000.000000	0.00286296	12000.000000	0.00274786	12000.000000	0.00165325	12000.000000	0.00164904	12000.000000	0.00274783	12000.000000	2.90476e-08	
13000.000000	0.00308981	13000.000000	0.00288056	13000.000000	0.00166532	13000.000000	0.00166118	13000.000000	0.00288054	13000.000000	2.69363e-08	
14000.000000	0.00332487	14000.000000	0.00301322	14000.000000	0.00167669	14000.000000	0.00167253	14000.000000	0.00301319	14000.000000	2.51181e-08	
15000.000000	0.00356808	15000.000000	0.00314577	15000.000000	0.00168739	15000.000000	0.0016832 	15000.000000	0.00314574	15000.000000	2.35355e-08	
16000.000000	0.0038194 	16000.000000	0.00327817	16000.000000	0.00169746	16000.000000	0.00169325	16000.000000	0.00327814	16000.000000	2.21452e-08	
17000.000000	0.00407879	17000.000000	0.00341039	17000.000000	0.00170693	17000.000000	0.00170273	17000.000000	0.00341037	17000.000000	2.09138e-08	
18000.000000	0.00434625	18000.000000	0.00354242	18000.000000	0.00171587	18000.000000	0.00171172	18000.000000	0.0035424 	18000.000000	1.98154e-08	
19000.000000	0.00462176	19000.000000	0.00367424	19000.000000	0.00172432	19000.000000	0.00172025	19000.000000	0.00367422	19000.000000	1.88294e-08	
20000.000000	0.00490533	20000.000000	0.00380585	20000.000000	0.00173234	20000.000000	0.00172836	20000.000000	0.00380584	20000.000000	1.79392e-08	
21000.000000	0.00519698	21000.000000	0.00393725	21000.000000	0.00173998	21000.000000	0.0017361 	21000.000000	0.00393723	21000.000000	1.71314e-08	
22000.000000	0.00549671	22000.000000	0.00406843	22000.000000	0.00174735	22000.000000	0.00174349	22000.000000	0.00406842	22000.000000	1.6395e-08	
23000.000000	0.00580456	23000.000000	0.0041994 	23000.000000	0.00175442	23000.000000	0.00175056	23000.000000	0.00419938	23000.000000	1.57208e-08	
24000.000000	0.00612055	24000.000000	0.00433015	24000.000000	0.00176117	24000.000000	0.00175734	24000.000000	0.00433013	24000.000000	1.51012e-08	
25000.000000	0.0064447 	25000.000000	0.00446069	25000.000000	0.00176762	25000.000000	0.00176385	25000.000000	0.00446067	25000.000000	1.45298e-08	
26000.000000	0.00677704	26000.000000	0.00459101	26000.000000	0.00177381	26000.000000	0.00177011	26000.000000	0.004591  	26000.000000	1.40011e-08	
27000.000000	0.00711761	27000.000000	0.00472114	27000.000000	0.00177978	27000.000000	0.00177613	27000.000000	0.00472113	27000.000000	1.35105e-08	
28000.000000	0.00746644	28000.000000	0.00485106	28000.000000	0.00178553	28000.000000	0.00178194	28000.000000	0.00485105	28000.000000	1.3054e-08	
29000.000000	0.00782357	29000.000000	0.00498079	29000.000000	0.00179107	29000.000000	0.00178755	29000.000000	0.00498077	29000.000000	1.2628e-08	
30000.000000	0.00818902	30000.000000	0.00511032	30000.000000	0.00179641	30000.000000	0.00179297	30000.000000	0.00511031	30000.000000	1.22297e-08	
32000.000000	0.00894509	32000.000000	0.00536882	32000.000000	0.00180658	32000.000000	0.00180328	32000.000000	0.00536881	32000.000000	1.15057e-08	
34000.000000	0.00973495	34000.000000	0.00562659	34000.000000	0.00181616	34000.000000	0.00181297	34000.000000	0.00562658	34000.000000	1.08645e-08	
36000.000000	0.0105589 	36000.000000	0.00588368	36000.000000	0.00182518	36000.000000	0.00182211	36000.000000	0.00588367	36000.000000	1.02927e-08	
38000.000000	0.0114174 	38000.000000	0.0061401 	38000.000000	0.00183367	38000.000000	0.00183074	38000.000000	0.00614009	38000.000000	9.7794e-09	
40000.000000	0.0123107 	40000.000000	0.00639589	40000.000000	0.00184171	40000.000000	0.00183893	40000.000000	0.00639588	40000.000000	9.31607e-09	
42000.000000	0.0132391 	42000.000000	0.00665107	42000.000000	0.00184933	42000.000000	0.00184672	42000.000000	0.00665106	42000.000000	8.89567e-09	
44000.000000	0.0142032 	44000.000000	0.00690566	44000.000000	0.00185659	44000.000000	0.00185414	44000.000000	0.00690566	44000.000000	8.51246e-09	
46000.000000	0.0152031 	46000.000000	0.0071597 	46000.000000	0.00186351	46000.000000	0.00186123	46000.000000	0.0071597 	46000.000000	8.16168e-09	
48000.000000	0.0162393 	48000.000000	0.00741321	48000.000000	0.00187013	48000.000000	0.00186801	48000.000000	0.0074132 	48000.000000	7.83934e-09	
50000.000000	0.0173122 	50000.000000	0.0076662 	50000.000000	0.00187646	50000.000000	0.0018745 	50000.000000	0.00766619	50000.000000	7.54209e-09	
