*Energy (MeV/u)1	0 - [He-base] F.Hubert et al, AD&ND Tables 46(1990)1	Energy (MeV/u)2	1 - [H -base] J.F.Ziegler et al, Pergamon Press, NY (low energy)	Energy (MeV/u)3	2 - ATIMA 1.2  LS-theory (recommended for high energy)	Energy (MeV/u)4	3 - ATIMA 1.2  without LS-correction	Energy (MeV/u)5	4 - Range straggling - method [0] - LISE	Energy (MeV/u)6	5 - Range straggling - method [1] - Atima	Energy (MeV/u)7	6 - Lateral range - method [0] - LISE	Energy (MeV/u)8	7 - Lateral range - method [1] - Atima	Energy (MeV/u)9	8 - Lateral range - method [2] - PDG	
0.001000	0.141517  	0.001000	0.141517  	0.001000	0.155065  	0.001000	0.155065  	0.001000	0         	0.001000	0         	0.001000	0.000985658	0.001000	0.00145294	0.001000	0.000882619	
0.002000	0.285154  	0.002000	0.283034  	0.002000	0.310129  	0.002000	0.310129  	0.002000	0.0385952 	0.002000	0.0385952 	0.002000	0.00288773	0.002000	0.00411381	0.002000	0.00264518	
0.005000	0.533902  	0.005000	0.528112  	0.005000	0.580715  	0.005000	0.580715  	0.005000	0.0416128 	0.005000	0.0416128 	0.005000	0.00709476	0.005000	0.010005  	0.005000	0.00654174	
0.008000	0.696372  	0.008000	0.688184  	0.008000	0.758191  	0.008000	0.758191  	0.008000	0.0416507 	0.008000	0.0416507 	0.008000	0.0103073 	0.008000	0.0144456 	0.008000	0.00954082	
0.010000	0.784424  	0.010000	0.774937  	0.010000	0.854513  	0.010000	0.854513  	0.010000	0.0417571 	0.010000	0.0417571 	0.010000	0.0122575 	0.010000	0.0170107 	0.010000	0.0113673 	
0.015000	0.964831  	0.015000	0.952682  	0.015000	1.05397   	0.015000	1.05397   	0.015000	0.042195  	0.015000	0.042195  	0.015000	0.0169093 	0.015000	0.0225548 	0.015000	0.0157368 	
0.020000	1.11448   	0.020000	1.10013   	0.020000	1.21811   	0.020000	1.21811   	0.020000	0.0427033 	0.020000	0.0427033 	0.020000	0.0214286 	0.020000	0.0272623 	0.020000	0.0199941 	
0.025000	1.24574   	0.025000	1.22944   	0.025000	1.36055   	0.025000	1.36055   	0.025000	0.0432    	0.025000	0.0432    	0.025000	0.0259583 	0.025000	0.0315731 	0.025000	0.0242708 	
0.030000	1.36366   	0.030000	1.34563   	0.030000	1.48197   	0.030000	1.48197   	0.030000	0.0436021 	0.030000	0.0436021 	0.030000	0.0303675 	0.030000	0.0355367 	0.030000	0.0284642 	
0.035000	1.47158   	0.035000	1.45195   	0.035000	1.58743   	0.035000	1.58743   	0.035000	0.0439222 	0.035000	0.0439222 	0.035000	0.0341419 	0.035000	0.0392111 	0.035000	0.0325886 	
0.040000	1.57186   	0.040000	1.55075   	0.040000	1.68443   	0.040000	1.68443   	0.040000	0.0442123 	0.040000	0.0442123 	0.040000	0.0378202 	0.040000	0.0427548 	0.040000	0.0366163 	
0.045000	1.6662    	0.045000	1.6437    	0.045000	1.77603   	0.045000	1.77603   	0.045000	0.0444885 	0.045000	0.0444885 	0.045000	0.0414476 	0.045000	0.0462538 	0.045000	0.0402503 	
0.050000	1.75584   	0.050000	1.73202   	0.050000	1.8636    	0.050000	1.8636    	0.050000	0.0447559 	0.050000	0.0448066 	0.050000	0.045009  	0.050000	0.0496978 	0.050000	0.0438539 	
0.055000	1.84169   	0.055000	1.81661   	0.055000	1.94792   	0.055000	1.94792   	0.055000	0.0450163 	0.055000	0.0451372 	0.055000	0.0485512 	0.055000	0.0531315 	0.055000	0.0474425 	
0.060000	1.92445   	0.060000	1.89814   	0.060000	2.02952   	0.060000	2.02952   	0.060000	0.0452706 	0.060000	0.0454519 	0.060000	0.0520819 	0.060000	0.0565501 	0.060000	0.0510078 	
0.070000	2.08268   	0.070000	2.05404   	0.070000	2.18608   	0.070000	2.18608   	0.070000	0.0457642 	0.070000	0.046044  	0.070000	0.0591033 	0.070000	0.063375  	0.070000	0.0580905 	
0.080000	2.23363   	0.080000	2.20276   	0.080000	2.33575   	0.080000	2.33575   	0.080000	0.0462428 	0.080000	0.0465993 	0.080000	0.066102  	0.080000	0.0702239 	0.080000	0.0651465 	
0.090000	2.37933   	0.090000	2.34631   	0.090000	2.48028   	0.090000	2.48028   	0.090000	0.0467121 	0.090000	0.0471294 	0.090000	0.0728655 	0.090000	0.076903  	0.090000	0.0719589 	
0.100000	2.52123   	0.100000	2.48611   	0.100000	2.62098   	0.100000	2.62098   	0.100000	0.0471769 	0.100000	0.047643  	0.100000	0.0789331 	0.100000	0.0829303 	0.100000	0.0780683 	
0.120000	2.7975    	0.120000	2.75831   	0.120000	2.89463   	0.120000	2.89463   	0.120000	0.0481089 	0.120000	0.0486446 	0.120000	0.0895557 	0.120000	0.0935581 	0.120000	0.0887433 	
0.140000	3.06823   	0.140000	3.02504   	0.140000	3.1623    	0.140000	3.1623    	0.140000	0.0490642 	0.140000	0.0496406 	0.140000	0.098726  	0.140000	0.102821  	0.140000	0.0979373 	
0.160000	3.33699   	0.160000	3.28984   	0.160000	3.42757   	0.160000	3.42757   	0.160000	0.0500615 	0.160000	0.0506546 	0.160000	0.106671  	0.160000	0.110956  	0.160000	0.105892  	
0.180000	3.60615   	0.180000	3.55502   	0.180000	3.69281   	0.180000	3.69281   	0.180000	0.0511149 	0.180000	0.0517024 	0.180000	0.113464  	0.180000	0.117998  	0.180000	0.112677  	
0.200000	3.87732   	0.200000	3.82219   	0.200000	3.95965   	0.200000	3.95965   	0.200000	0.0522351 	0.200000	0.0527956 	0.200000	0.119175  	0.200000	0.12402   	0.200000	0.118378  	
0.250000	4.57067   	0.250000	4.50531   	0.250000	4.64054   	0.250000	4.64054   	0.250000	0.0553795 	0.250000	0.0557754 	0.250000	0.133935  	0.250000	0.139614  	0.250000	0.133108  	
0.300000	5.29328   	0.300000	5.21726   	0.300000	5.34854   	0.300000	5.34854   	0.300000	0.0590782 	0.300000	0.0591622 	0.300000	0.147996  	0.300000	0.154566  	0.300000	0.147136  	
0.350000	6.0498    	0.350000	5.96262   	0.350000	6.0885    	0.350000	6.0885    	0.350000	0.0633737 	0.350000	0.062987  	0.350000	0.160364  	0.350000	0.167934  	0.350000	0.159457  	
0.400000	6.8423    	0.400000	6.74342   	0.400000	6.8627    	0.400000	6.8627    	0.400000	0.0682793 	0.400000	0.0672555 	0.400000	0.172848  	0.400000	0.181416  	0.400000	0.171898  	
0.450000	7.67161   	0.450000	7.5605    	0.450000	7.67211   	0.450000	7.67211   	0.450000	0.0737897 	0.450000	0.0719587 	0.450000	0.18485   	0.450000	0.194458  	0.450000	0.183859  	
0.500000	8.53796   	0.500000	8.41405   	0.500000	8.51711   	0.500000	8.51711   	0.500000	0.0798883 	0.500000	0.0770796 	0.500000	0.19672   	0.500000	0.207396  	0.500000	0.195691  	
0.600000	10.381    	0.600000	10.2299   	0.600000	10.3136   	0.600000	10.3136   	0.600000	0.0937554 	0.600000	0.0884876 	0.600000	0.219791  	0.600000	0.23269   	0.600000	0.218699  	
0.700000	12.3686   	0.700000	12.1881   	0.700000	12.25     	0.700000	12.25     	0.700000	0.109676  	0.700000	0.101298  	0.700000	0.24264   	0.700000	0.257818  	0.700000	0.241508  	
0.800000	14.4966   	0.800000	14.2847   	0.800000	14.323    	0.800000	14.323    	0.800000	0.127455  	0.800000	0.115341  	0.800000	0.265753  	0.800000	0.283259  	0.800000	0.264604  	
0.900000	16.7608   	0.900000	16.5156   	0.900000	16.5289   	0.900000	16.5289   	0.900000	0.146925  	0.900000	0.130472  	0.900000	0.289159  	0.900000	0.309024  	0.900000	0.288025  	
1.000000	19.1573   	1.000000	18.8767   	1.000000	18.864    	1.000000	18.864    	1.000000	0.167952  	1.000000	0.146574  	1.000000	0.313231  	1.000000	0.335439  	1.000000	0.312137  	
1.250000	25.7038   	1.250000	25.3266   	1.250000	25.2463   	1.250000	25.2463   	1.250000	0.226697  	1.250000	0.190547  	1.250000	0.375813  	1.250000	0.403772  	1.250000	0.374951  	
1.500000	33.0082   	1.500000	32.5232   	1.500000	32.374    	1.500000	32.374    	1.500000	0.293483  	1.500000	0.239178  	1.500000	0.442721  	1.500000	0.47609   	1.500000	0.442278  	
1.750000	41.0361   	1.750000	40.4327   	1.750000	40.2158   	1.750000	40.2158   	1.750000	0.367711  	1.750000	0.291967  	1.750000	0.515336  	1.750000	0.553559  	1.750000	0.515488  	
2.000000	49.7617   	2.000000	49.0295   	2.000000	48.7481   	2.000000	48.7481   	2.000000	0.449034  	2.000000	0.348609  	2.000000	0.593968  	2.000000	0.636401  	2.000000	0.594888  	
2.250000	59.1644   	2.250000	58.2935   	2.250000	57.9519   	2.250000	57.9519   	2.250000	0.537223  	2.250000	0.408908  	2.250000	0.678624  	2.250000	0.724565  	2.250000	0.68046   	
2.500000	69.2371   	2.500000	68.2076   	2.500000	67.8116   	2.500000	67.8116   	2.500000	0.632104  	2.500000	0.472741  	2.500000	0.769205  	2.500000	0.817926  	2.500000	0.7721    	
3.000000	91.6029   	3.000000	89.9288   	3.000000	89.4443   	3.000000	89.4443   	3.000000	0.841383  	3.000000	0.610632  	3.000000	0.967673  	3.000000	1.01974   	3.000000	0.973073  	
3.500000	116.281   	3.500000	114.09    	3.500000	113.55    	3.500000	113.55    	3.500000	1.07585   	3.500000	0.761506  	3.500000	1.18845   	3.500000	1.24087   	3.500000	1.19682   	
4.000000	143.202   	4.000000	140.604   	4.000000	140.046   	4.000000	140.046   	4.000000	1.33459   	4.000000	0.924647  	4.000000	1.43063   	4.000000	1.4804    	4.000000	1.44239   	
4.500000	172.305   	4.500000	169.391   	4.500000	168.857   	4.500000	168.857   	4.500000	1.61675   	4.500000	1.09949   	4.500000	1.69339   	4.500000	1.7375    	4.500000	1.70891   	
5.000000	203.539   	5.000000	200.384   	5.000000	199.92    	5.000000	199.92    	5.000000	1.92155   	5.000000	1.28554   	5.000000	1.97593   	5.000000	2.01138   	5.000000	1.99558   	
5.500000	236.86    	5.500000	233.519   	5.500000	233.173   	5.500000	233.173   	5.500000	2.2483    	5.500000	1.48232   	5.500000	2.27757   	5.500000	2.30136   	5.500000	2.30169   	
6.000000	272.226   	6.000000	268.741   	6.000000	268.563   	6.000000	268.563   	6.000000	2.59636   	6.000000	1.68945   	6.000000	2.59769   	6.000000	2.60681   	6.000000	2.6266    	
6.500000	309.602   	6.500000	306       	6.500000	306.043   	6.500000	306.043   	6.500000	2.96515   	6.500000	1.90656   	6.500000	2.93575   	6.500000	2.92721   	6.500000	2.96975   	
7.000000	348.955   	7.000000	345.249   	7.000000	345.569   	7.000000	345.569   	7.000000	3.35419   	7.000000	2.13334   	7.000000	3.29123   	7.000000	3.26204   	7.000000	3.33061   	
7.500000	390.254   	7.500000	386.447   	7.500000	387.1     	7.500000	387.1     	7.500000	3.763     	7.500000	2.36951   	7.500000	3.66369   	7.500000	3.61086   	7.500000	3.70874   	
8.000000	433.473   	8.000000	429.556   	8.000000	430.6     	8.000000	430.6     	8.000000	4.19117   	8.000000	2.61482   	8.000000	4.05273   	8.000000	3.97328   	8.000000	4.10372   	
8.500000	478.584   	8.500000	474.542   	8.500000	476.036   	8.500000	476.036   	8.500000	4.63835   	8.500000	2.86907   	8.500000	4.45799   	8.500000	4.34896   	8.500000	4.51519   	
9.000000	525.564   	9.000000	521.372   	9.000000	523.377   	9.000000	523.377   	9.000000	5.10417   	9.000000	3.13205   	9.000000	4.87914   	9.000000	4.73756   	9.000000	4.94282   	
9.500000	574.391   	9.500000	570.017   	9.500000	572.594   	9.500000	572.594   	9.500000	5.58835   	9.500000	3.40355   	9.500000	5.31588   	9.500000	5.13881   	9.500000	5.38629   	
10.000000	625.043   	10.000000	620.439   	10.000000	623.662   	10.000000	623.662   	10.000000	6.0906    	10.000000	3.68332   	10.000000	5.76793   	10.000000	5.55242   	10.000000	5.84533   	
11.000000	731.745   	11.000000	725.506   	11.000000	731.118   	11.000000	731.112   	11.000000	7.14447   	11.000000	4.26781   	11.000000	6.71521   	11.000000	6.41429   	11.000000	6.80732   	
12.000000	845.521   	12.000000	836.794   	12.000000	845.428   	12.000000	845.407   	12.000000	8.26076   	12.000000	4.89116   	12.000000	7.71721   	12.000000	7.31974   	12.000000	7.82498   	
13.000000	966.239   	13.000000	954.3     	13.000000	966.433   	13.000000	966.391   	13.000000	9.4385    	13.000000	5.55209   	13.000000	8.77205   	13.000000	8.26701   	13.000000	8.8964    	
14.000000	1093.77   	14.000000	1078      	14.000000	1093.99   	14.000000	1093.92   	14.000000	10.6766   	14.000000	6.24717   	14.000000	9.87821   	14.000000	9.25466   	14.000000	10.0201   	
15.000000	1228.02   	15.000000	1207.88   	15.000000	1227.97   	15.000000	1227.88   	15.000000	11.9742   	15.000000	6.97406   	15.000000	11.0344   	15.000000	10.2815   	15.000000	11.1947   	
16.000000	1368.86   	16.000000	1343.88   	16.000000	1368.26   	16.000000	1368.14   	16.000000	13.3304   	16.000000	7.73125   	16.000000	12.2397   	16.000000	11.3467   	16.000000	12.4193   	
17.000000	1516.21   	17.000000	1485.99   	17.000000	1514.76   	17.000000	1514.61   	17.000000	14.7442   	17.000000	8.51764   	17.000000	13.493    	17.000000	12.4493   	17.000000	13.693    	
18.000000	1669.97   	18.000000	1634.14   	18.000000	1667.36   	18.000000	1667.18   	18.000000	16.2147   	18.000000	9.33194   	18.000000	14.7935   	18.000000	13.5884   	18.000000	15.0147   	
19.000000	1830.06   	19.000000	1788.31   	19.000000	1825.96   	19.000000	1825.77   	19.000000	17.741    	19.000000	10.1729   	19.000000	16.1395   	19.000000	14.7635   	19.000000	16.3835   	
20.000000	1996.4    	20.000000	1948.46   	20.000000	1990.5    	20.000000	1990.29   	20.000000	19.3223   	20.000000	11.0397   	20.000000	17.5305   	20.000000	15.9737   	20.000000	17.7979   	
21.000000	2168.91   	21.000000	2114.52   	21.000000	2160.89   	21.000000	2160.66   	21.000000	20.9583   	21.000000	11.9318   	21.000000	18.9667   	21.000000	17.2187   	21.000000	19.2583   	
22.000000	2347.51   	22.000000	2286.48   	22.000000	2337.07   	22.000000	2336.82   	22.000000	22.6481   	22.000000	12.8487   	22.000000	20.4476   	22.000000	18.4979   	22.000000	20.7644   	
23.000000	2532.14   	23.000000	2464.28   	23.000000	2518.96   	23.000000	2518.69   	23.000000	24.3908   	23.000000	13.7895   	23.000000	21.9722   	23.000000	19.8091   	23.000000	22.3153   	
24.000000	2722.73   	24.000000	2647.87   	24.000000	2706.46   	24.000000	2706.2    	24.000000	26.1853   	24.000000	14.7538   	24.000000	23.5399   	24.000000	21.1531   	24.000000	23.9104   	
25.000000	2919.21   	25.000000	2837.23   	25.000000	2899.53   	25.000000	2899.28   	25.000000	28.0311   	25.000000	15.7411   	25.000000	25.1501   	25.000000	22.5296   	25.000000	25.5491   	
27.000000	3329.64   	27.000000	3233.05   	27.000000	3302.09   	27.000000	3301.92   	27.000000	31.8733   	27.000000	17.7822   	27.000000	28.4958   	27.000000	25.3782   	27.000000	28.9549   	
29.000000	3762.95   	29.000000	3651.43   	29.000000	3726.15   	29.000000	3726.14   	29.000000	35.9122   	29.000000	19.9086   	29.000000	32.0047   	29.000000	28.3512   	29.000000	32.5286   	
31.000000	4218.72   	31.000000	4092.04   	31.000000	4171.48   	31.000000	4171.65   	31.000000	40.1486   	31.000000	22.122    	31.000000	35.6754   	31.000000	31.4469   	31.000000	36.2687   	
33.000000	4696.55   	33.000000	4554.59   	33.000000	4638.53   	33.000000	4638.95   	33.000000	44.6006   	33.000000	24.4306   	33.000000	39.5147   	33.000000	34.6709   	33.000000	40.1826   	
35.000000	5196.06   	35.000000	5038.78   	35.000000	5127.12   	35.000000	5127.83   	35.000000	49.2667   	35.000000	26.8337   	35.000000	43.5225   	35.000000	38.0227   	35.000000	44.2702   	
38.000000	5985.23   	38.000000	5805.04   	38.000000	5899.7    	38.000000	5900.92   	38.000000	56.6565   	38.000000	30.6113   	38.000000	49.8461   	38.000000	43.2873   	38.000000	50.7241   	
41.000000	6821.29   	41.000000	6618.44   	41.000000	6718.94   	41.000000	6720.81   	41.000000	64.4979   	41.000000	34.5844   	41.000000	56.5362   	41.000000	48.8294   	41.000000	57.5577   	
44.000000	7703.2    	44.000000	7478.13   	44.000000	7584.02   	44.000000	7586.55   	44.000000	72.7807   	44.000000	38.7496   	44.000000	63.5862   	44.000000	54.6439   	44.000000	64.7652   	
47.000000	8630.02   	47.000000	8383.25   	47.000000	8494      	47.000000	8497.26   	47.000000	81.4903   	47.000000	43.1015   	47.000000	70.9877   	47.000000	60.7239   	47.000000	72.3389   	
50.000000	9600.86   	50.000000	9333.01   	50.000000	9447.95   	50.000000	9452.11   	50.000000	90.6124   	50.000000	47.6306   	50.000000	78.7315   	50.000000	67.0623   	50.000000	80.2703   	
55.000000	11314.4   	55.000000	11013     	55.000000	11133.7   	55.000000	11139.5   	55.000000	106.709   	55.000000	55.5604   	55.000000	92.3803   	55.000000	78.1858   	55.000000	94.268    	
60.000000	13144.3   	60.000000	12811.6   	60.000000	12936.1   	60.000000	12943.9   	60.000000	123.881   	60.000000	63.9453   	60.000000	106.926   	60.000000	89.9847   	60.000000	109.211   	
65.000000	15087.3   	65.000000	14725.4   	65.000000	14852.3   	65.000000	14862.3   	65.000000	142.091   	65.000000	72.7774   	65.000000	122.34    	65.000000	102.437   	65.000000	125.073   	
70.000000	17140.2   	70.000000	16751.4   	70.000000	16879.1   	70.000000	16891.6   	70.000000	161.293   	70.000000	82.0284   	70.000000	138.589   	70.000000	115.518   	70.000000	141.825   	
75.000000	19300.3   	75.000000	18886.9   	75.000000	19014.1   	75.000000	19029.2   	75.000000	181.459   	75.000000	91.6937   	75.000000	155.649   	75.000000	129.208   	75.000000	159.443   	
80.000000	21564.9   	80.000000	21129     	80.000000	21254.4   	80.000000	21272.4   	80.000000	202.55    	80.000000	101.749   	80.000000	173.489   	80.000000	143.488   	80.000000	177.904   	
85.000000	23931.6   	85.000000	23475.3   	85.000000	23597.6   	85.000000	23618.9   	85.000000	224.531   	85.000000	112.182   	85.000000	192.086   	85.000000	158.337   	85.000000	197.183   	
90.000000	26398.1   	90.000000	25923.2   	90.000000	26041.6   	90.000000	26066.2   	90.000000	247.381   	90.000000	122.986   	90.000000	211.418   	90.000000	173.742   	90.000000	217.263   	
95.000000	28962.2   	95.000000	28470.4   	95.000000	28583.8   	95.000000	28612.1   	95.000000	271.061   	95.000000	134.145   	95.000000	231.459   	95.000000	189.684   	95.000000	238.12    	
100.000000	31621.9   	100.000000	31114.5   	100.000000	31222.3   	100.000000	31254.6   	100.000000	295.544   	100.000000	145.65    	100.000000	252.187   	100.000000	206.146   	100.000000	259.734   	
105.000000	34375.2   	105.000000	33853.6   	105.000000	33955.1   	105.000000	33991.5   	105.000000	320.81    	105.000000	157.496   	105.000000	273.584   	105.000000	223.117   	105.000000	282.089   	
110.000000	37220.3   	110.000000	36685.3   	110.000000	36780.3   	110.000000	36820.9   	110.000000	346.833   	110.000000	169.667   	110.000000	295.63    	110.000000	240.583   	110.000000	305.169   	
115.000000	40155.4   	115.000000	39607.8   	115.000000	39696     	115.000000	39741     	115.000000	373.585   	115.000000	182.151   	115.000000	318.304   	115.000000	258.528   	115.000000	328.953   	
120.000000	43178.8   	120.000000	42619.1   	120.000000	42700     	120.000000	42749.9   	120.000000	401.034   	120.000000	194.942   	120.000000	341.585   	120.000000	276.938   	120.000000	353.422   	
125.000000	46288.9   	125.000000	45717.3   	125.000000	45790.8   	125.000000	45845.8   	125.000000	429.166   	125.000000	208.028   	125.000000	365.458   	125.000000	295.804   	125.000000	378.565   	
130.000000	49484.2   	130.000000	48900.7   	130.000000	48967     	130.000000	49027     	130.000000	457.963   	130.000000	221.411   	130.000000	389.906   	130.000000	315.113   	130.000000	404.365   	
135.000000	52763.2   	135.000000	52167.5   	135.000000	52226.5   	135.000000	52292     	135.000000	487.394   	135.000000	235.078   	135.000000	414.91    	135.000000	334.853   	135.000000	430.806   	
140.000000	56124.6   	140.000000	55515.9   	140.000000	55567.7   	140.000000	55639     	140.000000	517.437   	140.000000	249.013   	140.000000	440.453   	140.000000	355.01    	140.000000	457.87    	
145.000000	59566.8   	145.000000	58944.5   	145.000000	58989.3   	145.000000	59066.7   	145.000000	548.08    	145.000000	263.215   	145.000000	466.522   	145.000000	375.578   	145.000000	485.548   	
150.000000	63088.7   	150.000000	62451.5   	150.000000	62489.9   	150.000000	62573.3   	150.000000	579.304   	150.000000	277.678   	150.000000	493.102   	150.000000	396.546   	150.000000	513.825   	
155.000000	66739.8   	155.000000	66035.6   	155.000000	66067.9   	155.000000	66157.6   	155.000000	611.091   	155.000000	292.395   	155.000000	520.179   	155.000000	417.904   	155.000000	542.69    	
160.000000	70466.8   	160.000000	69695.1   	160.000000	69722.1   	160.000000	69818     	160.000000	643.422   	160.000000	307.362   	160.000000	547.739   	160.000000	439.642   	160.000000	572.128   	
165.000000	74266.5   	165.000000	73428.6   	165.000000	73450.7   	165.000000	73553.3   	165.000000	676.272   	165.000000	322.567   	165.000000	575.764   	165.000000	461.749   	165.000000	602.124   	
170.000000	78137.6   	170.000000	77234.9   	170.000000	77252.3   	170.000000	77362     	170.000000	709.624   	170.000000	338.007   	170.000000	604.241   	170.000000	484.217   	170.000000	632.665   	
175.000000	82078.7   	175.000000	81112.4   	175.000000	81126     	175.000000	81242.9   	175.000000	743.468   	175.000000	353.68    	175.000000	633.16    	175.000000	507.036   	175.000000	663.742   	
180.000000	86088.7   	180.000000	85059.9   	180.000000	85070.4   	180.000000	85194.7   	180.000000	777.79    	180.000000	369.574   	180.000000	662.508   	180.000000	530.2     	180.000000	695.343   	
185.000000	90166.4   	185.000000	89076.1   	185.000000	89084.4   	185.000000	89216.1   	185.000000	812.574   	185.000000	385.68    	185.000000	692.274   	185.000000	553.701   	185.000000	727.459   	
190.000000	94310.5   	190.000000	93159.8   	190.000000	93166.8   	190.000000	93306     	190.000000	847.807   	190.000000	402.001   	190.000000	722.446   	190.000000	577.531   	190.000000	760.077   	
195.000000	98520.1   	195.000000	97309.8   	195.000000	97316.4   	195.000000	97463.1   	195.000000	883.47    	195.000000	418.535   	195.000000	753.011   	195.000000	601.68    	195.000000	793.186   	
200.000000	102794    	200.000000	101525    	200.000000	101532    	200.000000	101686    	200.000000	919.544   	200.000000	435.266   	200.000000	783.955   	200.000000	626.14    	200.000000	826.773   	
210.000000	111530    	210.000000	110145    	210.000000	110155    	210.000000	110327    	210.000000	992.875   	210.000000	469.293   	210.000000	846.941   	210.000000	675.964   	210.000000	895.341   	
220.000000	120511    	220.000000	119013    	220.000000	119029    	220.000000	119218    	220.000000	1067.72   	220.000000	504.08    	220.000000	911.331   	220.000000	726.954   	220.000000	965.712   	
230.000000	129729    	230.000000	128119    	230.000000	128146    	230.000000	128353    	230.000000	1143.99   	230.000000	539.611   	230.000000	977.044   	230.000000	779.054   	230.000000	1037.81   	
240.000000	139177    	240.000000	137456    	240.000000	137498    	240.000000	137723    	240.000000	1221.57   	240.000000	575.82    	240.000000	1044      	240.000000	832.212   	240.000000	1111.56   	
250.000000	148847    	250.000000	147015    	250.000000	147075    	250.000000	147320    	250.000000	1300.36   	250.000000	612.675   	250.000000	1112.13   	250.000000	886.373   	250.000000	1186.88   	
260.000000	158733    	260.000000	156790    	260.000000	156872    	260.000000	157138    	260.000000	1380.3    	260.000000	650.161   	260.000000	1181.37   	260.000000	941.498   	260.000000	1263.72   	
270.000000	168828    	270.000000	166774    	270.000000	166883    	270.000000	167169    	270.000000	1461.32   	270.000000	688.257   	270.000000	1251.65   	270.000000	997.544   	270.000000	1342.02   	
280.000000	179127    	280.000000	176961    	280.000000	177099    	280.000000	177406    	280.000000	1543.34   	280.000000	726.91    	280.000000	1322.92   	280.000000	1054.47   	280.000000	1421.71   	
290.000000	189624    	290.000000	187342    	290.000000	187515    	290.000000	187844    	290.000000	1626.28   	290.000000	766.099   	290.000000	1395.11   	290.000000	1112.23   	290.000000	1502.73   	
300.000000	200313    	300.000000	197914    	300.000000	198124    	300.000000	198475    	300.000000	1710.06   	300.000000	805.815   	300.000000	1468.16   	300.000000	1170.78   	300.000000	1585.03   	
310.000000	211188    	310.000000	208670    	310.000000	208921    	310.000000	209295    	310.000000	1794.64   	310.000000	846.02    	310.000000	1542.03   	310.000000	1230.09   	310.000000	1668.55   	
320.000000	222245    	320.000000	219604    	320.000000	219899    	320.000000	220298    	320.000000	1879.97   	320.000000	886.717   	320.000000	1616.68   	320.000000	1290.13   	320.000000	1753.24   	
330.000000	233478    	330.000000	230711    	330.000000	231055    	330.000000	231477    	330.000000	1965.98   	330.000000	927.898   	330.000000	1692.05   	330.000000	1350.86   	330.000000	1839.06   	
340.000000	244884    	340.000000	241986    	340.000000	242382    	340.000000	242828    	340.000000	2052.64   	340.000000	969.517   	340.000000	1768.1    	340.000000	1412.26   	340.000000	1925.96   	
350.000000	256456    	350.000000	253424    	350.000000	253874    	350.000000	254346    	350.000000	2139.86   	350.000000	1011.54   	350.000000	1844.78   	350.000000	1474.29   	350.000000	2013.89   	
360.000000	268191    	360.000000	265021    	360.000000	265527    	360.000000	266025    	360.000000	2227.59   	360.000000	1053.96   	360.000000	1922.05   	360.000000	1536.9    	360.000000	2102.79   	
370.000000	280085    	370.000000	276771    	370.000000	277337    	370.000000	277861    	370.000000	2315.82   	370.000000	1096.81   	370.000000	1999.87   	370.000000	1600.1    	370.000000	2192.65   	
380.000000	292134    	380.000000	288671    	380.000000	289299    	380.000000	289850    	380.000000	2404.5    	380.000000	1140.05   	380.000000	2078.22   	380.000000	1663.83   	380.000000	2283.41   	
390.000000	304332    	390.000000	300715    	390.000000	301408    	390.000000	301987    	390.000000	2493.59   	390.000000	1183.67   	390.000000	2157.05   	390.000000	1728.09   	390.000000	2375.03   	
400.000000	316678    	400.000000	312901    	400.000000	313662    	400.000000	314267    	400.000000	2583.05   	400.000000	1227.63   	400.000000	2236.33   	400.000000	1792.84   	400.000000	2467.49   	
410.000000	329166    	410.000000	325225    	410.000000	326054    	410.000000	326687    	410.000000	2672.84   	410.000000	1271.94   	410.000000	2316.03   	410.000000	1858.07   	410.000000	2560.75   	
420.000000	341794    	420.000000	337681    	420.000000	338582    	420.000000	339243    	420.000000	2762.93   	420.000000	1316.55   	420.000000	2396.12   	420.000000	1923.74   	420.000000	2654.76   	
430.000000	354558    	430.000000	350268    	430.000000	351241    	430.000000	351931    	430.000000	2853.26   	430.000000	1361.45   	430.000000	2476.56   	430.000000	1989.83   	430.000000	2749.49   	
440.000000	367454    	440.000000	362981    	440.000000	364027    	440.000000	364747    	440.000000	2943.82   	440.000000	1406.62   	440.000000	2557.34   	440.000000	2056.33   	440.000000	2844.9    	
450.000000	380479    	450.000000	375816    	450.000000	376937    	450.000000	377688    	450.000000	3034.59   	450.000000	1452.09   	450.000000	2638.41   	450.000000	2123.2    	450.000000	2940.98   	
460.000000	393631    	460.000000	388771    	460.000000	389969    	460.000000	390749    	460.000000	3125.54   	460.000000	1497.86   	460.000000	2719.77   	460.000000	2190.45   	460.000000	3037.7    	
470.000000	406905    	470.000000	401843    	470.000000	403118    	470.000000	403929    	470.000000	3216.64   	470.000000	1543.92   	470.000000	2801.39   	470.000000	2258.04   	470.000000	3135.02   	
480.000000	420300    	480.000000	415028    	480.000000	416381    	480.000000	417223    	480.000000	3307.87   	480.000000	1590.24   	480.000000	2883.24   	480.000000	2325.96   	480.000000	3232.91   	
490.000000	433812    	490.000000	428324    	490.000000	429756    	490.000000	430628    	490.000000	3399.19   	490.000000	1636.8    	490.000000	2965.31   	490.000000	2394.18   	490.000000	3331.36   	
500.000000	447438    	500.000000	441727    	500.000000	443238    	500.000000	444141    	500.000000	3490.59   	500.000000	1683.57   	500.000000	3047.56   	500.000000	2462.7    	500.000000	3430.32   	
520.000000	475023    	520.000000	468844    	520.000000	470512    	520.000000	471480    	520.000000	3673.49   	520.000000	1777.81   	520.000000	3212.53   	520.000000	2600.54   	520.000000	3629.7    	
540.000000	503033    	540.000000	496360    	540.000000	498181    	540.000000	499216    	540.000000	3856.39   	540.000000	1872.92   	540.000000	3378.02   	540.000000	2739.34   	540.000000	3830.84   	
560.000000	531450    	560.000000	524253    	560.000000	526227    	560.000000	527329    	560.000000	4039.22   	560.000000	1968.82   	560.000000	3543.89   	560.000000	2879.01   	560.000000	4033.61   	
580.000000	560254    	580.000000	552506    	580.000000	554630    	580.000000	555800    	580.000000	4221.85   	580.000000	2065.44   	580.000000	3710.05   	580.000000	3019.45   	580.000000	4237.84   	
600.000000	589427    	600.000000	581100    	600.000000	583371    	600.000000	584610    	600.000000	4404.17   	600.000000	2162.76   	600.000000	3876.36   	600.000000	3160.56   	600.000000	4443.38   	
620.000000	618953    	620.000000	610019    	620.000000	612434    	620.000000	613742    	620.000000	4586.09   	620.000000	2260.74   	620.000000	4042.75   	620.000000	3302.25   	620.000000	4650.1    	
640.000000	648816    	640.000000	639248    	640.000000	641801    	640.000000	643179    	640.000000	4767.5    	640.000000	2359.32   	640.000000	4209.1    	640.000000	3444.44   	640.000000	4857.85   	
660.000000	679000    	660.000000	668771    	660.000000	671456    	660.000000	672907    	660.000000	4948.29   	660.000000	2458.48   	660.000000	4375.32   	660.000000	3587.04   	660.000000	5066.51   	
680.000000	709491    	680.000000	698574    	680.000000	701384    	680.000000	702910    	680.000000	5128.42   	680.000000	2558.18   	680.000000	4541.36   	680.000000	3730      	680.000000	5275.97   	
700.000000	740275    	700.000000	728645    	700.000000	731575    	700.000000	733175    	700.000000	5307.85   	700.000000	2658.43   	700.000000	4707.14   	700.000000	3873.24   	700.000000	5486.13   	
720.000000	771338    	720.000000	758970    	720.000000	762014    	720.000000	763690    	720.000000	5486.52   	720.000000	2759.18   	720.000000	4872.61   	720.000000	4016.72   	720.000000	5696.91   	
740.000000	802669    	740.000000	789537    	740.000000	792690    	740.000000	794441    	740.000000	5664.38   	740.000000	2860.41   	740.000000	5037.71   	740.000000	4160.37   	740.000000	5908.21   	
760.000000	834255    	760.000000	820336    	760.000000	823591    	760.000000	825417    	760.000000	5841.38   	760.000000	2962.12   	760.000000	5202.4    	760.000000	4304.14   	760.000000	6119.95   	
780.000000	866085    	780.000000	851355    	780.000000	854706    	780.000000	856607    	780.000000	6017.5    	780.000000	3064.28   	780.000000	5366.61   	780.000000	4447.99   	780.000000	6332.04   	
800.000000	898147    	800.000000	882585    	800.000000	886024    	800.000000	888002    	800.000000	6192.67   	800.000000	3166.82   	800.000000	5530.32   	800.000000	4591.87   	800.000000	6544.4    	
820.000000	930432    	820.000000	914015    	820.000000	917535    	820.000000	919590    	820.000000	6366.86   	820.000000	3269.69   	820.000000	5693.47   	820.000000	4735.72   	820.000000	6756.96   	
840.000000	962928    	840.000000	945637    	840.000000	949228    	840.000000	951363    	840.000000	6540.04   	840.000000	3372.87   	840.000000	5856.02   	840.000000	4879.51   	840.000000	6969.66   	
860.000000	995626    	860.000000	977441    	860.000000	981095    	860.000000	983312    	860.000000	6712.2    	860.000000	3476.4    	860.000000	6017.96   	860.000000	5023.2    	860.000000	7182.43   	
880.000000	1.02852e+06	880.000000	1.00942e+06	880.000000	1.01313e+06	880.000000	1.01543e+06	880.000000	6883.34   	880.000000	3580.3    	880.000000	6179.26   	880.000000	5166.77   	880.000000	7395.23   	
900.000000	1.06159e+06	900.000000	1.04156e+06	900.000000	1.04533e+06	900.000000	1.0477e+06	900.000000	7053.44   	900.000000	3684.54   	900.000000	6339.9    	900.000000	5310.19   	900.000000	7608.02   	
920.000000	1.09484e+06	920.000000	1.07387e+06	920.000000	1.07767e+06	920.000000	1.08013e+06	920.000000	7222.48   	920.000000	3789.08   	920.000000	6499.85   	920.000000	5453.43   	920.000000	7820.73   	
940.000000	1.12826e+06	940.000000	1.10632e+06	940.000000	1.11016e+06	940.000000	1.1127e+06	940.000000	7390.46   	940.000000	3893.88   	940.000000	6659.1    	940.000000	5596.46   	940.000000	8033.32   	
960.000000	1.16184e+06	960.000000	1.13892e+06	960.000000	1.14279e+06	960.000000	1.14541e+06	960.000000	7557.36   	960.000000	3998.94   	960.000000	6817.63   	960.000000	5739.25   	960.000000	8245.75   	
980.000000	1.19557e+06	980.000000	1.17165e+06	980.000000	1.17555e+06	980.000000	1.17825e+06	980.000000	7723.17   	980.000000	4104.27   	980.000000	6975.41   	980.000000	5881.79   	980.000000	8457.98   	
1000.000000	1.22944e+06	1000.000000	1.20452e+06	1000.000000	1.20843e+06	1000.000000	1.21122e+06	1000.000000	7887.89   	1000.000000	4209.9    	1000.000000	7132.44   	1000.000000	6024.04   	1000.000000	8669.97   	
1020.000000	1.26345e+06	1020.000000	1.23751e+06	1020.000000	1.24144e+06	1020.000000	1.24431e+06	1020.000000	8051.52   	1020.000000	4315.81   	1020.000000	7288.71   	1020.000000	6165.99   	1020.000000	8881.69   	
1040.000000	1.29759e+06	1040.000000	1.27062e+06	1040.000000	1.27456e+06	1040.000000	1.2775e+06	1040.000000	8214.05   	1040.000000	4421.99   	1040.000000	7444.2    	1040.000000	6307.63   	1040.000000	9093.1    	
1060.000000	1.33186e+06	1060.000000	1.30384e+06	1060.000000	1.30778e+06	1060.000000	1.31081e+06	1060.000000	8375.49   	1060.000000	4528.41   	1060.000000	7598.91   	1060.000000	6448.93   	1060.000000	9304.18   	
1080.000000	1.36624e+06	1080.000000	1.33717e+06	1080.000000	1.34111e+06	1080.000000	1.34422e+06	1080.000000	8535.84   	1080.000000	4635.04   	1080.000000	7752.83   	1080.000000	6589.88   	1080.000000	9514.89   	
1100.000000	1.40073e+06	1100.000000	1.3706e+06	1100.000000	1.37454e+06	1100.000000	1.37773e+06	1100.000000	8695.09   	1100.000000	4741.88   	1100.000000	7905.95   	1100.000000	6730.47   	1100.000000	9725.21   	
1120.000000	1.43533e+06	1120.000000	1.40414e+06	1120.000000	1.40805e+06	1120.000000	1.41133e+06	1120.000000	8853.24   	1120.000000	4848.9    	1120.000000	8058.27   	1120.000000	6870.67   	1120.000000	9935.12   	
1140.000000	1.47003e+06	1140.000000	1.43776e+06	1140.000000	1.44166e+06	1140.000000	1.44502e+06	1140.000000	9010.29   	1140.000000	4956.1    	1140.000000	8209.77   	1140.000000	7010.48   	1140.000000	10144.6   	
1160.000000	1.50483e+06	1160.000000	1.47147e+06	1160.000000	1.47535e+06	1160.000000	1.47879e+06	1160.000000	9166.23   	1160.000000	5063.49   	1160.000000	8360.46   	1160.000000	7149.87   	1160.000000	10353.6   	
1180.000000	1.53971e+06	1180.000000	1.50527e+06	1180.000000	1.50912e+06	1180.000000	1.51265e+06	1180.000000	9321.09   	1180.000000	5171.05   	1180.000000	8510.33   	1180.000000	7288.85   	1180.000000	10562.1   	
1200.000000	1.57468e+06	1200.000000	1.53915e+06	1200.000000	1.54297e+06	1200.000000	1.54658e+06	1200.000000	9474.85   	1200.000000	5278.8    	1200.000000	8659.38   	1200.000000	7427.4    	1200.000000	10770.1   	
1220.000000	1.60973e+06	1220.000000	1.5731e+06	1220.000000	1.57689e+06	1220.000000	1.58059e+06	1220.000000	9627.54   	1220.000000	5386.71   	1220.000000	8807.61   	1220.000000	7565.51   	1220.000000	10977.5   	
1240.000000	1.64486e+06	1240.000000	1.60713e+06	1240.000000	1.61088e+06	1240.000000	1.61466e+06	1240.000000	9779.17   	1240.000000	5494.8    	1240.000000	8955.02   	1240.000000	7703.18   	1240.000000	11184.5   	
1260.000000	1.68005e+06	1260.000000	1.64122e+06	1260.000000	1.64493e+06	1260.000000	1.6488e+06	1260.000000	9929.73   	1260.000000	5603.06   	1260.000000	9101.62   	1260.000000	7840.4    	1260.000000	11390.9   	
1280.000000	1.71531e+06	1280.000000	1.67538e+06	1280.000000	1.67905e+06	1280.000000	1.68301e+06	1280.000000	10079.3   	1280.000000	5711.49   	1280.000000	9247.4    	1280.000000	7977.17   	1280.000000	11596.7   	
1300.000000	1.75063e+06	1300.000000	1.7096e+06	1300.000000	1.71323e+06	1300.000000	1.71727e+06	1300.000000	10227.7   	1300.000000	5820.09   	1300.000000	9392.36   	1300.000000	8113.47   	1300.000000	11802     	
1320.000000	1.78601e+06	1320.000000	1.74387e+06	1320.000000	1.74747e+06	1320.000000	1.75159e+06	1320.000000	10375.2   	1320.000000	5928.85   	1320.000000	9536.52   	1320.000000	8249.31   	1320.000000	12006.7   	
1340.000000	1.82145e+06	1340.000000	1.7782e+06	1340.000000	1.78175e+06	1340.000000	1.78597e+06	1340.000000	10521.6   	1340.000000	6037.77   	1340.000000	9679.87   	1340.000000	8384.67   	1340.000000	12210.8   	
1360.000000	1.85693e+06	1360.000000	1.81259e+06	1360.000000	1.8161e+06	1360.000000	1.8204e+06	1360.000000	10667     	1360.000000	6146.84   	1360.000000	9822.42   	1360.000000	8519.56   	1360.000000	12414.3   	
1380.000000	1.89246e+06	1380.000000	1.84702e+06	1380.000000	1.85049e+06	1380.000000	1.85487e+06	1380.000000	10811.4   	1380.000000	6256.07   	1380.000000	9964.16   	1380.000000	8653.96   	1380.000000	12617.1   	
1400.000000	1.92803e+06	1400.000000	1.8815e+06	1400.000000	1.88492e+06	1400.000000	1.88939e+06	1400.000000	10954.8   	1400.000000	6365.45   	1400.000000	10105.1   	1400.000000	8787.88   	1400.000000	12819.4   	
1420.000000	1.96364e+06	1420.000000	1.91602e+06	1420.000000	1.9194e+06	1420.000000	1.92396e+06	1420.000000	11097.2   	1420.000000	6474.98   	1420.000000	10245.3   	1420.000000	8921.31   	1420.000000	13021     	
1440.000000	1.99929e+06	1440.000000	1.95058e+06	1440.000000	1.95392e+06	1440.000000	1.95856e+06	1440.000000	11238.7   	1440.000000	6584.65   	1440.000000	10384.6   	1440.000000	9054.26   	1440.000000	13222     	
1460.000000	2.03497e+06	1460.000000	1.98517e+06	1460.000000	1.98848e+06	1460.000000	1.99321e+06	1460.000000	11379.1   	1460.000000	6694.47   	1460.000000	10523.2   	1460.000000	9186.71   	1460.000000	13422.3   	
1480.000000	2.07068e+06	1480.000000	2.01981e+06	1480.000000	2.02308e+06	1480.000000	2.02789e+06	1480.000000	11518.7   	1480.000000	6804.43   	1480.000000	10661     	1480.000000	9318.66   	1480.000000	13622     	
1500.000000	2.10641e+06	1500.000000	2.05447e+06	1500.000000	2.05771e+06	1500.000000	2.06261e+06	1500.000000	11657.2   	1500.000000	6914.54   	1500.000000	10798     	1500.000000	9450.12   	1500.000000	13821.1   	
1520.000000	2.14217e+06	1520.000000	2.08917e+06	1520.000000	2.09238e+06	1520.000000	2.09736e+06	1520.000000	11794.8   	1520.000000	7024.78   	1520.000000	10934.2   	1520.000000	9581.08   	1520.000000	14019.5   	
1540.000000	2.17795e+06	1540.000000	2.12389e+06	1540.000000	2.12708e+06	1540.000000	2.13215e+06	1540.000000	11931.5   	1540.000000	7135.15   	1540.000000	11069.7   	1540.000000	9711.55   	1540.000000	14217.2   	
1560.000000	2.21375e+06	1560.000000	2.15864e+06	1560.000000	2.16181e+06	1560.000000	2.16696e+06	1560.000000	12067.3   	1560.000000	7245.67   	1560.000000	11204.4   	1560.000000	9841.51   	1560.000000	14414.3   	
1580.000000	2.24956e+06	1580.000000	2.19342e+06	1580.000000	2.19657e+06	1580.000000	2.2018e+06	1580.000000	12202.1   	1580.000000	7356.32   	1580.000000	11338.4   	1580.000000	9970.97   	1580.000000	14610.7   	
1600.000000	2.28539e+06	1600.000000	2.22821e+06	1600.000000	2.23135e+06	1600.000000	2.23667e+06	1600.000000	12336.1   	1600.000000	7467.1    	1600.000000	11471.6   	1600.000000	10099.9   	1600.000000	14806.4   	
1620.000000	2.32122e+06	1620.000000	2.26303e+06	1620.000000	2.26616e+06	1620.000000	2.27156e+06	1620.000000	12469.1   	1620.000000	7578.02   	1620.000000	11604     	1620.000000	10228.4   	1620.000000	15001.5   	
1640.000000	2.35706e+06	1640.000000	2.29786e+06	1640.000000	2.30099e+06	1640.000000	2.30648e+06	1640.000000	12601.3   	1640.000000	7689.07   	1640.000000	11735.7   	1640.000000	10356.3   	1640.000000	15195.9   	
1660.000000	2.39291e+06	1660.000000	2.33271e+06	1660.000000	2.33584e+06	1660.000000	2.34141e+06	1660.000000	12732.6   	1660.000000	7800.25   	1660.000000	11866.7   	1660.000000	10483.8   	1660.000000	15389.6   	
1680.000000	2.42876e+06	1680.000000	2.36758e+06	1680.000000	2.37071e+06	1680.000000	2.37637e+06	1680.000000	12863     	1680.000000	7911.56   	1680.000000	11997     	1680.000000	10610.8   	1680.000000	15582.6   	
1700.000000	2.46461e+06	1700.000000	2.40245e+06	1700.000000	2.4056e+06	1700.000000	2.41135e+06	1700.000000	12992.6   	1700.000000	8022.99   	1700.000000	12126.5   	1700.000000	10737.2   	1700.000000	15775     	
1750.000000	2.55423e+06	1750.000000	2.48969e+06	1750.000000	2.4929e+06	1750.000000	2.49886e+06	1750.000000	13312.8   	1750.000000	8302.12   	1750.000000	12447.2   	1750.000000	11051.1   	1750.000000	16252.9   	
1800.000000	2.64381e+06	1800.000000	2.57697e+06	1800.000000	2.58029e+06	1800.000000	2.58647e+06	1800.000000	13627.8   	1800.000000	8581.98   	1800.000000	12763.5   	1800.000000	11362     	1800.000000	16726.5   	
1850.000000	2.73333e+06	1850.000000	2.66428e+06	1850.000000	2.66775e+06	1850.000000	2.67416e+06	1850.000000	13937.8   	1850.000000	8862.51   	1850.000000	13075.5   	1850.000000	11669.7   	1850.000000	17195.9   	
1900.000000	2.82274e+06	1900.000000	2.75159e+06	1900.000000	2.75528e+06	1900.000000	2.7619e+06	1900.000000	14243     	1900.000000	9143.7    	1900.000000	13383.3   	1900.000000	11974.4   	1900.000000	17661.1   	
1950.000000	2.91204e+06	1950.000000	2.83888e+06	1950.000000	2.84285e+06	1950.000000	2.84969e+06	1950.000000	14543.5   	1950.000000	9425.52   	1950.000000	13687     	1950.000000	12276.1   	1950.000000	18122.1   	
2000.000000	3.00119e+06	2000.000000	2.92613e+06	2000.000000	2.93045e+06	2000.000000	2.93751e+06	2000.000000	14839.5   	2000.000000	9707.99   	2000.000000	13986.8   	2000.000000	12574.8   	2000.000000	18579     	
2100.000000	3.17898e+06	2100.000000	3.10047e+06	2100.000000	3.10571e+06	2100.000000	3.11321e+06	2100.000000	15418.1   	2100.000000	10274.9   	2100.000000	14574.6   	2100.000000	13163.3   	2100.000000	19480.3   	
2200.000000	3.35596e+06	2200.000000	3.2745e+06	2200.000000	3.28099e+06	2200.000000	3.28891e+06	2200.000000	15980     	2200.000000	10844.8   	2200.000000	15147.5   	2200.000000	13740.4   	2200.000000	20365.5   	
2300.000000	3.532e+06 	2300.000000	3.4481e+06	2300.000000	3.4562e+06	2300.000000	3.46455e+06	2300.000000	16526     	2300.000000	11417.5   	2300.000000	15706.3   	2300.000000	14306.2   	2300.000000	21234.9   	
2400.000000	3.70698e+06	2400.000000	3.6212e+06	2400.000000	3.6313e+06	2400.000000	3.64007e+06	2400.000000	17057.1   	2400.000000	11993.2   	2400.000000	16251.5   	2400.000000	14861.2   	2400.000000	22088.8   	
2500.000000	3.88082e+06	2500.000000	3.79373e+06	2500.000000	3.80624e+06	2500.000000	3.81543e+06	2500.000000	17574     	2500.000000	12571.6   	2500.000000	16783.8   	2500.000000	15405.7   	2500.000000	22927.8   	
2600.000000	4.05343e+06	2600.000000	3.96561e+06	2600.000000	3.98097e+06	2600.000000	3.99058e+06	2600.000000	18077.3   	2600.000000	13152.5   	2600.000000	17303.8   	2600.000000	15940     	2600.000000	23752     	
2700.000000	4.22475e+06	2700.000000	4.1368e+06	2700.000000	4.15545e+06	2700.000000	4.16547e+06	2700.000000	18567.9   	2700.000000	13735.9   	2700.000000	17812.1   	2700.000000	16464.3   	2700.000000	24562     	
2800.000000	4.39471e+06	2800.000000	4.30726e+06	2800.000000	4.32965e+06	2800.000000	4.34008e+06	2800.000000	19046.2   	2800.000000	14321.6   	2800.000000	18309.1   	2800.000000	16979.1   	2800.000000	25358.1   	
2900.000000	4.56326e+06	2900.000000	4.47693e+06	2900.000000	4.50356e+06	2900.000000	4.5144e+06	2900.000000	19513     	2900.000000	14909.6   	2900.000000	18795.4   	2900.000000	17484.5   	2900.000000	26140.8   	
3000.000000	4.73038e+06	3000.000000	4.64579e+06	3000.000000	4.67715e+06	3000.000000	4.6884e+06	3000.000000	19968.8   	3000.000000	15500     	3000.000000	19271.5   	3000.000000	17981.1   	3000.000000	26910.5   	
3200.000000	5.06016e+06	3200.000000	4.98098e+06	3200.000000	5.02334e+06	3200.000000	5.0354e+06	3200.000000	20849.5   	3200.000000	16688.1   	3200.000000	20194.7   	3200.000000	18948.4   	3200.000000	28412.4   	
3400.000000	5.38386e+06	3400.000000	5.31263e+06	3400.000000	5.36814e+06	3400.000000	5.38101e+06	3400.000000	21692.3   	3400.000000	17885.9   	3400.000000	21082.3   	3400.000000	19883.5   	3400.000000	29866.9   	
3600.000000	5.70137e+06	3600.000000	5.64062e+06	3600.000000	5.71151e+06	3600.000000	5.72519e+06	3600.000000	22500.7   	3600.000000	19093.6   	3600.000000	21937.1   	3600.000000	20788.4   	3600.000000	31277.1   	
3800.000000	6.01262e+06	3800.000000	5.96489e+06	3800.000000	6.05342e+06	3800.000000	6.06791e+06	3800.000000	23277.7   	3800.000000	20311.6   	3800.000000	22761.9   	3800.000000	21665.2   	3800.000000	32645.8   	
4000.000000	6.31763e+06	4000.000000	6.28538e+06	4000.000000	6.39387e+06	4000.000000	6.40916e+06	4000.000000	24025.9   	4000.000000	21539.9   	4000.000000	23559.2   	4000.000000	22515.6   	4000.000000	33975.5   	
4200.000000	6.61642e+06	4200.000000	6.60207e+06	4200.000000	6.73288e+06	4200.000000	6.74896e+06	4200.000000	24747.6   	4200.000000	22778.5   	4200.000000	24331     	4200.000000	23341.5   	4200.000000	35268.7   	
4400.000000	6.90905e+06	4400.000000	6.91496e+06	4400.000000	7.07045e+06	4400.000000	7.08731e+06	4400.000000	25445     	4400.000000	24027.5   	4400.000000	25079.4   	4400.000000	24144.3   	4400.000000	36527.6   	
4600.000000	7.1956e+06	4600.000000	7.22407e+06	4600.000000	7.4066e+06	4600.000000	7.42424e+06	4600.000000	26119.9   	4600.000000	25286.8   	4600.000000	25806     	4600.000000	24925.5   	4600.000000	37754.1   	
4800.000000	7.47618e+06	4800.000000	7.52942e+06	4800.000000	7.74136e+06	4800.000000	7.75977e+06	4800.000000	26773.8   	4800.000000	26556.2   	4800.000000	26512.4   	4800.000000	25686.4   	4800.000000	38950.3   	
5000.000000	7.75088e+06	5000.000000	7.83105e+06	5000.000000	8.07477e+06	5000.000000	8.09393e+06	5000.000000	27408.3   	5000.000000	27835.6   	5000.000000	27200.1   	5000.000000	26428.2   	5000.000000	40117.8   	
5250.000000	8.08619e+06	5250.000000	8.20294e+06	5250.000000	8.48965e+06	5250.000000	8.50975e+06	5250.000000	28176.1   	5250.000000	29448.8   	5250.000000	28035.3   	5250.000000	27330.3   	5250.000000	41539.4   	
5500.000000	8.41275e+06	5500.000000	8.56918e+06	5500.000000	8.90251e+06	5500.000000	8.92353e+06	5500.000000	28917.8   	5500.000000	31077.3   	5500.000000	28845.5   	5500.000000	28206.3   	5500.000000	42921.6   	
6000.000000	9.04065e+06	6000.000000	9.28517e+06	6000.000000	9.7224e+06	6000.000000	9.74524e+06	6000.000000	30330.9   	6000.000000	34379.1   	6000.000000	30398.5   	6000.000000	29887     	6000.000000	45578.2   	
6500.000000	9.63664e+06	6500.000000	9.97997e+06	6500.000000	1.05349e+07	6500.000000	1.05596e+07	6500.000000	31661.4   	6500.000000	37739.6   	6500.000000	31872.9   	6500.000000	31482.8   	6500.000000	48106.2   	
7000.000000	1.02027e+07	7000.000000	1.06545e+07	7000.000000	1.13406e+07	7000.000000	1.13669e+07	7000.000000	32920.1   	7000.000000	41157.8   	7000.000000	33279.9   	7000.000000	33004.3   	7000.000000	50520.9   	
7500.000000	1.07409e+07	7500.000000	1.13099e+07	7500.000000	1.21397e+07	7500.000000	1.21678e+07	7500.000000	34115.8   	7500.000000	44632.2   	7500.000000	34628.6   	7500.000000	34460.2   	7500.000000	52835.3   	
8000.000000	1.1253e+07	8000.000000	1.19469e+07	8000.000000	1.29328e+07	8000.000000	1.29626e+07	8000.000000	35255.9   	8000.000000	48162.4   	8000.000000	35926.4   	8000.000000	35858     	8000.000000	55060.6   	
8500.000000	1.17407e+07	8500.000000	1.25665e+07	8500.000000	1.37202e+07	8500.000000	1.37516e+07	8500.000000	36346.5   	8500.000000	51746.8   	8500.000000	37179.7   	8500.000000	37203.9   	8500.000000	57206.2   	
9000.000000	1.22057e+07	9000.000000	1.31695e+07	9000.000000	1.45022e+07	9000.000000	1.45353e+07	9000.000000	37392.7   	9000.000000	55381.9   	9000.000000	38393.9   	9000.000000	38503.4   	9000.000000	59280.3   	
9500.000000	1.26494e+07	9500.000000	1.37568e+07	9500.000000	1.52793e+07	9500.000000	1.53139e+07	9500.000000	38398.9   	9500.000000	59066.3   	9500.000000	39573.4   	9500.000000	39761.2   	9500.000000	61290     	
10000.000000	1.30732e+07	10000.000000	1.43292e+07	10000.000000	1.60516e+07	10000.000000	1.60877e+07	10000.000000	39368.8   	10000.000000	62800.1   	10000.000000	40722.2   	10000.000000	40981.4   	10000.000000	63241.4   	
11000.000000	1.38662e+07	11000.000000	1.54319e+07	11000.000000	1.75828e+07	11000.000000	1.76219e+07	11000.000000	41211.7   	11000.000000	70417.3   	11000.000000	42939.9   	11000.000000	43322.6   	11000.000000	66990.2   	
12000.000000	1.45936e+07	12000.000000	1.64828e+07	12000.000000	1.90978e+07	12000.000000	1.91399e+07	12000.000000	42942.4   	12000.000000	78230.2   	12000.000000	45068.6   	12000.000000	45550.4   	12000.000000	70562.4   	
13000.000000	1.52632e+07	13000.000000	1.74866e+07	13000.000000	2.05981e+07	13000.000000	2.0643e+07	13000.000000	44577     	13000.000000	86230.4   	13000.000000	47124.4   	13000.000000	47683.3   	13000.000000	73986.2   	
14000.000000	1.58815e+07	14000.000000	1.84473e+07	14000.000000	2.20849e+07	14000.000000	2.21327e+07	14000.000000	46128.6   	14000.000000	94408.2   	14000.000000	49120     	14000.000000	49735.9   	14000.000000	77284.2   	
15000.000000	1.64541e+07	15000.000000	1.93685e+07	15000.000000	2.35595e+07	15000.000000	2.361e+07 	15000.000000	47607.5   	15000.000000	102755    	15000.000000	51065.1   	15000.000000	51719.9   	15000.000000	80474.6   	
16000.000000	1.69858e+07	16000.000000	2.02533e+07	16000.000000	2.50228e+07	16000.000000	2.5076e+07	16000.000000	49022.1   	16000.000000	111264    	16000.000000	52967.2   	16000.000000	53644.8   	16000.000000	83572.1   	
17000.000000	1.74809e+07	17000.000000	2.11046e+07	17000.000000	2.64757e+07	17000.000000	2.65315e+07	17000.000000	50379.5   	17000.000000	119933    	17000.000000	54832.6   	17000.000000	55518.4   	17000.000000	86588.9   	
18000.000000	1.7943e+07	18000.000000	2.19248e+07	18000.000000	2.79189e+07	18000.000000	2.79773e+07	18000.000000	51685.4   	18000.000000	128759    	18000.000000	56665.9   	18000.000000	57347.2   	18000.000000	89534.9   	
19000.000000	1.83752e+07	19000.000000	2.27162e+07	19000.000000	2.9353e+07	19000.000000	2.94139e+07	19000.000000	52944.8   	19000.000000	137738    	19000.000000	58471     	19000.000000	59136.3   	19000.000000	92418.7   	
20000.000000	1.87803e+07	20000.000000	2.34807e+07	20000.000000	3.07787e+07	20000.000000	3.0842e+07	20000.000000	54161.9   	20000.000000	146869    	20000.000000	60251.1   	20000.000000	60890.3   	20000.000000	95247.4   	
21000.000000	1.91607e+07	21000.000000	2.42203e+07	21000.000000	3.21964e+07	21000.000000	3.22622e+07	21000.000000	55340.4   	21000.000000	156148    	21000.000000	62008.6   	21000.000000	62612.9   	21000.000000	98026.7   	
22000.000000	1.95187e+07	22000.000000	2.49364e+07	22000.000000	3.36066e+07	22000.000000	3.36748e+07	22000.000000	56483.4   	22000.000000	165570    	22000.000000	63745.5   	22000.000000	64307.2   	22000.000000	100762    	
23000.000000	1.9856e+07	23000.000000	2.56306e+07	23000.000000	3.50098e+07	23000.000000	3.50803e+07	23000.000000	57593.8   	23000.000000	175135    	23000.000000	65463.4   	23000.000000	65975.9   	23000.000000	103456    	
24000.000000	2.01745e+07	24000.000000	2.63043e+07	24000.000000	3.64063e+07	24000.000000	3.64792e+07	24000.000000	58674.1   	24000.000000	184839    	24000.000000	67163.7   	24000.000000	67621.3   	24000.000000	106115    	
25000.000000	2.04756e+07	25000.000000	2.69585e+07	25000.000000	3.77966e+07	25000.000000	3.78717e+07	25000.000000	59726.4   	25000.000000	194671    	25000.000000	68847.6   	25000.000000	69245.3   	25000.000000	108740    	
26000.000000	2.07606e+07	26000.000000	2.75945e+07	26000.000000	3.91808e+07	26000.000000	3.92581e+07	26000.000000	60752.5   	26000.000000	204624    	26000.000000	70515.8   	26000.000000	70849.5   	26000.000000	111334    	
27000.000000	2.10309e+07	27000.000000	2.82132e+07	27000.000000	4.05594e+07	27000.000000	4.06388e+07	27000.000000	61754.2   	27000.000000	214702    	27000.000000	72169.4   	27000.000000	72435.5   	27000.000000	113901    	
28000.000000	2.12875e+07	28000.000000	2.88156e+07	28000.000000	4.19325e+07	28000.000000	4.20141e+07	28000.000000	62733.1   	28000.000000	224908    	28000.000000	73808.6   	28000.000000	74004.4   	28000.000000	116441    	
29000.000000	2.15313e+07	29000.000000	2.94026e+07	29000.000000	4.33004e+07	29000.000000	4.33841e+07	29000.000000	63690.6   	29000.000000	235239    	29000.000000	75434.2   	29000.000000	75557.3   	29000.000000	118956    	
30000.000000	2.17634e+07	30000.000000	2.99749e+07	30000.000000	4.46634e+07	30000.000000	4.47491e+07	30000.000000	64628     	30000.000000	245687    	30000.000000	77046.6   	30000.000000	77095.1   	30000.000000	121449    	
32000.000000	2.21952e+07	32000.000000	3.10785e+07	32000.000000	4.73754e+07	32000.000000	4.74649e+07	32000.000000	66446.6   	32000.000000	266921    	32000.000000	80233.1   	32000.000000	80128.7   	32000.000000	126369    	
34000.000000	2.25887e+07	34000.000000	3.21316e+07	34000.000000	5.00698e+07	34000.000000	5.01631e+07	34000.000000	68197     	34000.000000	288603    	34000.000000	83370.5   	34000.000000	83110.6   	34000.000000	131212    	
36000.000000	2.29486e+07	36000.000000	3.31387e+07	36000.000000	5.27482e+07	36000.000000	5.28448e+07	36000.000000	69886     	36000.000000	310725    	36000.000000	86460.3   	36000.000000	86044.7   	36000.000000	135982    	
38000.000000	2.32789e+07	38000.000000	3.41039e+07	38000.000000	5.54115e+07	38000.000000	5.55114e+07	38000.000000	71519.4   	38000.000000	333258    	38000.000000	89504     	38000.000000	88934.3   	38000.000000	140686    	
40000.000000	2.3583e+07	40000.000000	3.50305e+07	40000.000000	5.80608e+07	40000.000000	5.81638e+07	40000.000000	73101.8   	40000.000000	356179    	40000.000000	92502.6   	40000.000000	91781.9   	40000.000000	145328    	
42000.000000	2.38637e+07	42000.000000	3.59216e+07	42000.000000	6.06969e+07	42000.000000	6.08029e+07	42000.000000	74637.7   	42000.000000	379473    	42000.000000	95457.3   	42000.000000	94589.6   	42000.000000	149910    	
44000.000000	2.41236e+07	44000.000000	3.67799e+07	44000.000000	6.33208e+07	44000.000000	6.34295e+07	44000.000000	76130.7   	44000.000000	403139    	44000.000000	98368.7   	44000.000000	97359.1   	44000.000000	154435    	
46000.000000	2.43649e+07	46000.000000	3.76078e+07	46000.000000	6.5933e+07	46000.000000	6.60444e+07	46000.000000	77584.1   	46000.000000	427179    	46000.000000	101238    	46000.000000	100092    	46000.000000	158906    	
48000.000000	2.45893e+07	48000.000000	3.84075e+07	48000.000000	6.85343e+07	48000.000000	6.86481e+07	48000.000000	79000.7   	48000.000000	451593    	48000.000000	104065    	48000.000000	102789    	48000.000000	163324    	
50000.000000	2.47985e+07	50000.000000	3.91808e+07	50000.000000	7.11253e+07	50000.000000	7.12413e+07	50000.000000	80383.2   	50000.000000	476376    	50000.000000	106852    	50000.000000	105451    	50000.000000	167690    	
