*Energy (MeV/u)1	0 - [He-base] F.Hubert et al, AD&ND Tables 46(1990)1	Energy (MeV/u)2	1 - [H -base] J.F.Ziegler et al, Pergamon Press, NY (low energy)	Energy (MeV/u)3	2 - ATIMA 1.2  LS-theory (recommended for high energy)	Energy (MeV/u)4	3 - ATIMA 1.2  without LS-correction	Energy (MeV/u)5	4 - electrical component of [1] - J.F.Ziegler et al	Energy (MeV/u)6	5 - nuclear component of [1] - J.F.Ziegler et al	
0.001000	0.150309  	0.001000	0.0278672 	0.001000	0.0288282 	0.001000	0.0288282 	0.001000	0.0252182 	0.001000	0.00264905	
0.002000	0.179076  	0.002000	0.0369467 	0.002000	0.0382594 	0.002000	0.0382594 	0.002000	0.0344491 	0.002000	0.00249761	
0.005000	0.235181  	0.005000	0.0540286 	0.005000	0.0560112 	0.005000	0.0560112 	0.005000	0.0520296 	0.005000	0.00199901	
0.008000	0.273652  	0.008000	0.0659564 	0.008000	0.0684059 	0.008000	0.0684059 	0.008000	0.0642842 	0.008000	0.00167218	
0.010000	0.294628  	0.010000	0.0725893 	0.010000	0.0752975 	0.010000	0.0752975 	0.010000	0.0710745 	0.010000	0.00151479	
0.015000	0.355354  	0.015000	0.0855565 	0.015000	0.0897908 	0.015000	0.0897908 	0.015000	0.0843172 	0.015000	0.00123932	
0.020000	0.405109  	0.020000	0.0962033 	0.020000	0.101849  	0.020000	0.101849  	0.020000	0.0951445 	0.020000	0.00105887	
0.025000	0.446258  	0.025000	0.105178  	0.025000	0.112367  	0.025000	0.112367  	0.025000	0.104248  	0.025000	0.000930048	
0.030000	0.480066  	0.030000	0.112836  	0.030000	0.118795  	0.030000	0.118795  	0.030000	0.112003  	0.030000	0.000832726	
0.035000	0.507364  	0.035000	0.119405  	0.035000	0.124261  	0.035000	0.124261  	0.035000	0.118648  	0.035000	0.000756189	
0.040000	0.528808  	0.040000	0.125047  	0.040000	0.128926  	0.040000	0.128926  	0.040000	0.124353  	0.040000	0.000694171	
0.045000	0.544987  	0.045000	0.129888  	0.045000	0.132911  	0.045000	0.132911  	0.045000	0.129245  	0.045000	0.000642739	
0.050000	0.556468  	0.050000	0.134026  	0.050000	0.136309  	0.050000	0.136309  	0.050000	0.133427  	0.050000	0.000599289	
0.055000	0.56381   	0.055000	0.137544  	0.055000	0.139195  	0.055000	0.139195  	0.055000	0.136982  	0.055000	0.000562023	
0.060000	0.567562  	0.060000	0.140513  	0.060000	0.14163   	0.060000	0.14163   	0.060000	0.139983  	0.060000	0.000529657	
0.070000	0.566393  	0.070000	0.14504   	0.070000	0.145351  	0.070000	0.145351  	0.070000	0.144564  	0.070000	0.000476075	
0.080000	0.556821  	0.080000	0.148019  	0.080000	0.14781   	0.080000	0.14781   	0.080000	0.147586  	0.080000	0.000433393	
0.090000	0.542023  	0.090000	0.149771  	0.090000	0.149264  	0.090000	0.149264  	0.090000	0.149376  	0.090000	0.000394829	
0.100000	0.524405  	0.100000	0.150564  	0.100000	0.149924  	0.100000	0.149924  	0.100000	0.150198  	0.100000	0.000366007	
0.120000	0.486908  	0.120000	0.150067  	0.120000	0.149477  	0.120000	0.149477  	0.120000	0.149747  	0.120000	0.000320378	
0.140000	0.451742  	0.140000	0.147766  	0.140000	0.147437  	0.140000	0.147437  	0.140000	0.14748   	0.140000	0.00028575	
0.160000	0.421213  	0.160000	0.144457  	0.160000	0.144443  	0.160000	0.144443  	0.160000	0.144199  	0.160000	0.000258476	
0.180000	0.395419  	0.180000	0.140644  	0.180000	0.14092   	0.180000	0.14092   	0.180000	0.140408  	0.180000	0.000236377	
0.200000	0.373716  	0.200000	0.136637  	0.200000	0.137145  	0.200000	0.137145  	0.200000	0.136419  	0.200000	0.000218069	
0.250000	0.332499  	0.250000	0.126808  	0.250000	0.127616  	0.250000	0.127616  	0.250000	0.126625  	0.250000	0.000183487	
0.300000	0.303111  	0.300000	0.118012  	0.300000	0.118836  	0.300000	0.118836  	0.300000	0.117853  	0.300000	0.000159055	
0.350000	0.280545  	0.350000	0.11042   	0.350000	0.111127  	0.350000	0.111127  	0.350000	0.110279  	0.350000	0.000140789	
0.400000	0.262245  	0.400000	0.103902  	0.400000	0.104452  	0.400000	0.104452  	0.400000	0.103775  	0.400000	0.000126568	
0.450000	0.246844  	0.450000	0.0982724 	0.450000	0.0986743 	0.450000	0.0986743 	0.450000	0.0981573 	0.450000	0.000115153	
0.500000	0.233552  	0.500000	0.0933671 	0.500000	0.0936437 	0.500000	0.0936437 	0.500000	0.0932613 	0.500000	0.00010577	
0.600000	0.211486  	0.600000	0.0852183 	0.600000	0.0853235 	0.600000	0.0853235 	0.600000	0.0851271 	0.600000	9.1216e-05	
0.700000	0.1937    	0.700000	0.0786917 	0.700000	0.0787086 	0.700000	0.0787086 	0.700000	0.0786113 	0.700000	8.04132e-05	
0.800000	0.178948  	0.800000	0.0733159 	0.800000	0.0732963 	0.800000	0.0732963 	0.800000	0.0732439 	0.800000	7.20504e-05	
0.900000	0.166466  	0.900000	0.06879   	0.900000	0.068763  	0.900000	0.068763  	0.900000	0.0687246 	0.900000	6.53689e-05	
1.000000	0.155743  	1.000000	0.0649126 	1.000000	0.0648937 	1.000000	0.0648937 	1.000000	0.0648527 	1.000000	5.98981e-05	
1.250000	0.13449   	1.250000	0.0572308 	1.250000	0.0572561 	1.250000	0.0572561 	1.250000	0.0571811 	1.250000	4.97247e-05	
1.500000	0.118656  	1.500000	0.0514818 	1.500000	0.0515525 	1.500000	0.0515525 	1.500000	0.0514391 	1.500000	4.2667e-05	
1.750000	0.106365  	1.750000	0.046983  	1.750000	0.0470893 	1.750000	0.0470893 	1.750000	0.0469455 	1.750000	3.7463e-05	
2.000000	0.0965252 	2.000000	0.0433469 	2.000000	0.043479  	2.000000	0.043479  	2.000000	0.0433134 	2.000000	3.34556e-05	
2.250000	0.0884564 	2.250000	0.0403351 	2.250000	0.040485  	2.250000	0.040485  	2.250000	0.0403048 	2.250000	3.0268e-05	
2.500000	0.0813576 	2.500000	0.0377916 	2.500000	0.0379533 	2.500000	0.0379533 	2.500000	0.0377639 	2.500000	2.76676e-05	
3.000000	0.0710397 	3.000000	0.0337132 	3.000000	0.0338867 	3.000000	0.0338867 	3.000000	0.0336895 	3.000000	2.36713e-05	
3.500000	0.063209  	3.500000	0.0305692 	3.500000	0.0307451 	3.500000	0.0307451 	3.500000	0.0305485 	3.500000	2.07353e-05	
4.000000	0.0570459 	4.000000	0.0280584 	4.000000	0.0282317 	4.000000	0.0282317 	4.000000	0.02804   	4.000000	1.84811e-05	
4.500000	0.0520586 	4.500000	0.0259988 	4.500000	0.0261669 	4.500000	0.0261669 	4.500000	0.0259821 	4.500000	1.66925e-05	
5.000000	0.0479334 	5.000000	0.0242733 	5.000000	0.024435  	5.000000	0.024435  	5.000000	0.0242581 	5.000000	1.52365e-05	
5.500000	0.0444602 	5.500000	0.0228031 	5.500000	0.0229579 	5.500000	0.0229579 	5.500000	0.0227891 	5.500000	1.40267e-05	
6.000000	0.0414927 	6.000000	0.0215327 	6.000000	0.0216805 	6.000000	0.0216805 	6.000000	0.0215197 	6.000000	1.30045e-05	
6.500000	0.0389259 	6.500000	0.020422  	6.500000	0.0205629 	6.500000	0.0205629 	6.500000	0.0204098 	6.500000	1.21287e-05	
7.000000	0.036682  	7.000000	0.0194412 	7.000000	0.0195755 	7.000000	0.0195755 	7.000000	0.0194298 	7.000000	1.13695e-05	
7.500000	0.0347026 	7.500000	0.0185676 	7.500000	0.0186956 	7.500000	0.0186956 	7.500000	0.0185569 	7.500000	1.07046e-05	
8.000000	0.0329426 	8.000000	0.0177838 	8.000000	0.0179057 	8.000000	0.0179057 	8.000000	0.0177737 	8.000000	1.01172e-05	
8.500000	0.0313667 	8.500000	0.0170758 	8.500000	0.017192  	8.500000	0.017192  	8.500000	0.0170662 	8.500000	9.59425e-06	
9.000000	0.0299469 	9.000000	0.0164325 	9.000000	0.0165434 	9.000000	0.0165434 	9.000000	0.0164234 	9.000000	9.12549e-06	
9.500000	0.0286607 	9.500000	0.0158451 	9.500000	0.015951  	9.500000	0.015951  	9.500000	0.0158364 	9.500000	8.70279e-06	
10.000000	0.0274896 	10.000000	0.0154488 	10.000000	0.0154073 	10.000000	0.0154073 	10.000000	0.0154404 	10.000000	8.31955e-06	
11.000000	0.0254352 	11.000000	0.0146043 	11.000000	0.0144806 	11.000000	0.0144808 	11.000000	0.0145967 	11.000000	7.65089e-06	
12.000000	0.0236905 	12.000000	0.0138424 	12.000000	0.0136778 	12.000000	0.0136782 	12.000000	0.0138354 	12.000000	7.08668e-06	
13.000000	0.0221892 	13.000000	0.0131548 	13.000000	0.0129744 	13.000000	0.0129746 	13.000000	0.0131482 	13.000000	6.60385e-06	
14.000000	0.0208828 	14.000000	0.0125329 	14.000000	0.0123516 	14.000000	0.0123516 	14.000000	0.0125267 	14.000000	6.18571e-06	
15.000000	0.0197351 	15.000000	0.0119687 	15.000000	0.0117951 	15.000000	0.0117951 	15.000000	0.0119629 	15.000000	5.81986e-06	
16.000000	0.0187183 	16.000000	0.0114552 	16.000000	0.0112946 	16.000000	0.0112944 	16.000000	0.0114497 	16.000000	5.49693e-06	
17.000000	0.0178108 	17.000000	0.0109864 	17.000000	0.0108418 	17.000000	0.010841  	17.000000	0.0109812 	17.000000	5.20967e-06	
18.000000	0.0169955 	18.000000	0.0105568 	18.000000	0.010429  	18.000000	0.0104279 	18.000000	0.0105518 	18.000000	4.95237e-06	
19.000000	0.016259  	19.000000	0.0101619 	19.000000	0.0100507 	19.000000	0.0100496 	19.000000	0.0101572 	19.000000	4.72051e-06	
20.000000	0.01559   	20.000000	0.00979774	20.000000	0.0097023 	20.000000	0.00970118	20.000000	0.00979323	20.000000	4.51043e-06	
21.000000	0.0149795 	21.000000	0.00946097	21.000000	0.00938089	21.000000	0.00937969	21.000000	0.00945665	21.000000	4.31916e-06	
22.000000	0.01442   	22.000000	0.00914863	22.000000	0.00908272	22.000000	0.00908156	22.000000	0.00914448	22.000000	4.14423e-06	
23.000000	0.0139054 	23.000000	0.00885819	23.000000	0.00880532	23.000000	0.00880414	23.000000	0.0088542 	23.000000	3.9836e-06	
24.000000	0.0134302 	24.000000	0.00858743	24.000000	0.00854681	24.000000	0.00854516	24.000000	0.00858359	24.000000	3.83556e-06	
25.000000	0.01299   	25.000000	0.00833443	25.000000	0.0083051 	25.000000	0.00830271	25.000000	0.00833073	25.000000	3.69866e-06	
27.000000	0.0122002 	27.000000	0.00787517	27.000000	0.00786397	27.000000	0.00786096	27.000000	0.00787172	27.000000	3.45352e-06	
29.000000	0.0115112 	29.000000	0.00746917	29.000000	0.00747104	29.000000	0.00746809	29.000000	0.00746593	29.000000	3.24028e-06	
31.000000	0.0109046 	31.000000	0.00710766	31.000000	0.00711587	31.000000	0.00711287	31.000000	0.0071046 	31.000000	3.053e-06 	
33.000000	0.0103662 	33.000000	0.00678366	33.000000	0.00679444	33.000000	0.00679162	33.000000	0.00678077	33.000000	2.88714e-06	
35.000000	0.00988496	35.000000	0.00649159	35.000000	0.00650497	35.000000	0.00650247	35.000000	0.00648885	35.000000	2.73917e-06	
38.000000	0.00925136	38.000000	0.00610367	38.000000	0.00612221	38.000000	0.00611883	38.000000	0.00610112	38.000000	2.54481e-06	
41.000000	0.00870407	41.000000	0.00576556	41.000000	0.00578812	41.000000	0.00578463	41.000000	0.00576319	41.000000	2.37736e-06	
44.000000	0.00822626	44.000000	0.00546818	44.000000	0.00549382	44.000000	0.00549064	44.000000	0.00546594	44.000000	2.23151e-06	
47.000000	0.00780527	47.000000	0.0052045 	47.000000	0.00523286	47.000000	0.00522984	47.000000	0.0052024 	47.000000	2.10327e-06	
50.000000	0.00743135	50.000000	0.00496906	50.000000	0.00499961	50.000000	0.00499677	50.000000	0.00496707	50.000000	1.98959e-06	
55.000000	0.00689274	55.000000	0.00462799	55.000000	0.0046613 	55.000000	0.00465868	55.000000	0.00462617	55.000000	1.82625e-06	
60.000000	0.00643798	60.000000	0.00433835	60.000000	0.00437359	60.000000	0.004371  	60.000000	0.00433666	60.000000	1.68874e-06	
65.000000	0.00604856	65.000000	0.00408921	65.000000	0.0041261 	65.000000	0.00412304	65.000000	0.00408764	65.000000	1.5713e-06	
70.000000	0.00571107	70.000000	0.00387255	70.000000	0.00390974	70.000000	0.00390696	70.000000	0.00387108	70.000000	1.46977e-06	
75.000000	0.00541559	75.000000	0.00368235	75.000000	0.0037195 	75.000000	0.00371687	75.000000	0.00368097	75.000000	1.3811e-06	
80.000000	0.00515456	80.000000	0.003514  	80.000000	0.00355076	80.000000	0.00354828	80.000000	0.0035127 	80.000000	1.30294e-06	
85.000000	0.00492218	85.000000	0.0033639 	85.000000	0.00340003	85.000000	0.00339768	85.000000	0.00336267	85.000000	1.23351e-06	
90.000000	0.00471387	90.000000	0.00322921	90.000000	0.00326455	90.000000	0.00326229	90.000000	0.00322803	90.000000	1.17141e-06	
95.000000	0.004526  	95.000000	0.00310764	95.000000	0.00314257	95.000000	0.0031399 	95.000000	0.00310653	95.000000	1.11551e-06	
100.000000	0.00435563	100.000000	0.00299736	100.000000	0.00303124	100.000000	0.00302869	100.000000	0.00299629	100.000000	1.06493e-06	
105.000000	0.00420037	105.000000	0.00289684	105.000000	0.00292961	105.000000	0.00292717	105.000000	0.00289583	105.000000	1.01892e-06	
110.000000	0.00405825	110.000000	0.00280484	110.000000	0.00283648	110.000000	0.00283412	110.000000	0.00280387	110.000000	9.76884e-07	
115.000000	0.00392763	115.000000	0.00272031	115.000000	0.00275078	115.000000	0.00274852	115.000000	0.00271937	115.000000	9.38322e-07	
120.000000	0.00380714	120.000000	0.00264236	120.000000	0.00267167	120.000000	0.00266949	120.000000	0.00264146	120.000000	9.02813e-07	
125.000000	0.0036956 	125.000000	0.00257026	125.000000	0.00259841	125.000000	0.00259629	125.000000	0.00256939	125.000000	8.70005e-07	
130.000000	0.00359204	130.000000	0.00250335	130.000000	0.00253036	130.000000	0.00252831	130.000000	0.00250251	130.000000	8.39596e-07	
135.000000	0.00349561	135.000000	0.0024411 	135.000000	0.00246694	135.000000	0.002465  	135.000000	0.00244029	135.000000	8.11328e-07	
140.000000	0.00340557	140.000000	0.00238304	140.000000	0.00240797	140.000000	0.00240588	140.000000	0.00238225	140.000000	7.84981e-07	
145.000000	0.0033213 	145.000000	0.00232874	145.000000	0.00235284	145.000000	0.00235057	145.000000	0.00232798	145.000000	7.60361e-07	
150.000000	0.00324225	150.000000	0.00227787	150.000000	0.00230089	150.000000	0.00229869	150.000000	0.00227713	150.000000	7.37302e-07	
155.000000	0.00313093	155.000000	0.00223009	155.000000	0.00225206	155.000000	0.00224994	155.000000	0.00222937	155.000000	7.15659e-07	
160.000000	0.00306569	160.000000	0.00218514	160.000000	0.00220612	160.000000	0.00220404	160.000000	0.00218444	160.000000	6.95302e-07	
165.000000	0.00300416	165.000000	0.00214276	165.000000	0.00216278	165.000000	0.00216075	165.000000	0.00214209	165.000000	6.76119e-07	
170.000000	0.00294604	170.000000	0.00210276	170.000000	0.00212184	170.000000	0.00211985	170.000000	0.0021021 	170.000000	6.5801e-07	
175.000000	0.00289105	175.000000	0.00206492	175.000000	0.0020831 	175.000000	0.00208116	175.000000	0.00206428	175.000000	6.40886e-07	
180.000000	0.00283893	180.000000	0.00202908	180.000000	0.00204638	180.000000	0.00204449	180.000000	0.00202845	180.000000	6.24667e-07	
185.000000	0.00278947	185.000000	0.00199508	185.000000	0.00201155	185.000000	0.00200969	185.000000	0.00199447	185.000000	6.09283e-07	
190.000000	0.00274246	190.000000	0.00196279	190.000000	0.00197846	190.000000	0.00197663	190.000000	0.0019622 	190.000000	5.94669e-07	
195.000000	0.00269772	195.000000	0.00193208	195.000000	0.00194695	195.000000	0.00194517	195.000000	0.0019315 	195.000000	5.80769e-07	
200.000000	0.0026551 	200.000000	0.00190284	200.000000	0.00191694	200.000000	0.00191521	200.000000	0.00190227	200.000000	5.67531e-07	
210.000000	0.0025756 	210.000000	0.00184835	210.000000	0.0018613 	210.000000	0.00185937	210.000000	0.00184781	210.000000	5.42856e-07	
220.000000	0.00250295	220.000000	0.00179862	220.000000	0.0018103 	220.000000	0.00180838	220.000000	0.0017981 	220.000000	5.2032e-07	
230.000000	0.00243628	230.000000	0.00175305	230.000000	0.00176349	230.000000	0.00176165	230.000000	0.00175255	230.000000	4.99653e-07	
240.000000	0.00237489	240.000000	0.00171113	240.000000	0.00172046	240.000000	0.00171867	240.000000	0.00171065	240.000000	4.80628e-07	
250.000000	0.00231816	250.000000	0.00167246	250.000000	0.00168075	250.000000	0.001679  	250.000000	0.001672  	250.000000	4.63055e-07	
260.000000	0.00226558	260.000000	0.00163667	260.000000	0.001644  	260.000000	0.0016423 	260.000000	0.00163622	260.000000	4.46772e-07	
270.000000	0.00221672	270.000000	0.00160345	270.000000	0.0016099 	270.000000	0.00160824	270.000000	0.00160302	270.000000	4.31639e-07	
280.000000	0.00217118	280.000000	0.00157254	280.000000	0.00157818	280.000000	0.00157656	280.000000	0.00157212	280.000000	4.17538e-07	
290.000000	0.00212865	290.000000	0.00154371	290.000000	0.00154857	290.000000	0.00154702	290.000000	0.00154331	290.000000	4.04364e-07	
300.000000	0.00208884	300.000000	0.00151676	300.000000	0.00152104	300.000000	0.00151942	300.000000	0.00151637	300.000000	3.92029e-07	
310.000000	0.00205149	310.000000	0.00149152	310.000000	0.0014953 	310.000000	0.00149357	310.000000	0.00149113	310.000000	3.80453e-07	
320.000000	0.00201639	320.000000	0.00146782	320.000000	0.00147102	320.000000	0.00146932	320.000000	0.00146745	320.000000	3.69567e-07	
330.000000	0.00198334	330.000000	0.00144554	330.000000	0.00144819	330.000000	0.00144654	330.000000	0.00144518	330.000000	3.59312e-07	
340.000000	0.00195217	340.000000	0.00142456	340.000000	0.00142671	340.000000	0.00142509	340.000000	0.00142421	340.000000	3.49632e-07	
350.000000	0.00192272	350.000000	0.00140476	350.000000	0.00140647	350.000000	0.00140487	350.000000	0.00140442	350.000000	3.40481e-07	
360.000000	0.00189486	360.000000	0.00138605	360.000000	0.00138734	360.000000	0.00138577	360.000000	0.00138572	360.000000	3.31815e-07	
370.000000	0.00186846	370.000000	0.00136836	370.000000	0.00136927	370.000000	0.00136772	370.000000	0.00136803	370.000000	3.23596e-07	
380.000000	0.00184342	380.000000	0.00135159	380.000000	0.00135216	380.000000	0.00135064	380.000000	0.00135127	380.000000	3.1579e-07	
390.000000	0.00181963	390.000000	0.00133568	390.000000	0.00133594	390.000000	0.00133444	390.000000	0.00133538	390.000000	3.08367e-07	
400.000000	0.00179701	400.000000	0.00132058	400.000000	0.00132054	400.000000	0.00131907	400.000000	0.00132028	400.000000	3.01298e-07	
410.000000	0.00177548	410.000000	0.00130621	410.000000	0.00130592	410.000000	0.00130446	410.000000	0.00130592	410.000000	2.94559e-07	
420.000000	0.00175495	420.000000	0.00129254	420.000000	0.00129201	420.000000	0.00129057	420.000000	0.00129225	420.000000	2.88126e-07	
430.000000	0.00173538	430.000000	0.00127951	430.000000	0.00127877	430.000000	0.00127735	430.000000	0.00127923	430.000000	2.81979e-07	
440.000000	0.00171668	440.000000	0.00126709	440.000000	0.00126614	440.000000	0.00126475	440.000000	0.00126681	440.000000	2.76099e-07	
450.000000	0.00169881	450.000000	0.00125523	450.000000	0.00125411	450.000000	0.00125274	450.000000	0.00125496	450.000000	2.70469e-07	
460.000000	0.00168172	460.000000	0.0012439 	460.000000	0.00124268	460.000000	0.00124127	460.000000	0.00124363	460.000000	2.65073e-07	
470.000000	0.00166535	470.000000	0.00123306	470.000000	0.00123178	470.000000	0.00123031	470.000000	0.0012328 	470.000000	2.59896e-07	
480.000000	0.00164967	480.000000	0.00122269	480.000000	0.00122134	480.000000	0.00121983	480.000000	0.00122243	480.000000	2.54925e-07	
490.000000	0.00163464	490.000000	0.00121275	490.000000	0.00121131	490.000000	0.0012098 	490.000000	0.0012125 	490.000000	2.50148e-07	
500.000000	0.00162021	500.000000	0.00120323	500.000000	0.00120168	500.000000	0.0012002 	500.000000	0.00120298	500.000000	2.45554e-07	
520.000000	0.00159305	520.000000	0.00118533	520.000000	0.00118362	520.000000	0.00118218	520.000000	0.0011851 	520.000000	2.36873e-07	
540.000000	0.00156795	540.000000	0.00116883	540.000000	0.00116701	540.000000	0.0011656 	540.000000	0.0011686 	540.000000	2.28807e-07	
560.000000	0.0015447 	560.000000	0.00115356	560.000000	0.00115168	560.000000	0.00115029	560.000000	0.00115334	560.000000	2.21292e-07	
580.000000	0.00152311	580.000000	0.00113942	580.000000	0.0011375 	580.000000	0.00113613	580.000000	0.00113921	580.000000	2.14274e-07	
600.000000	0.00150304	600.000000	0.0011263 	600.000000	0.00112436	600.000000	0.00112302	600.000000	0.00112609	600.000000	2.07703e-07	
620.000000	0.00148433	620.000000	0.00111409	620.000000	0.00111216	620.000000	0.00111084	620.000000	0.00111388	620.000000	2.01538e-07	
640.000000	0.00146687	640.000000	0.00110271	640.000000	0.00110082	640.000000	0.00109951	640.000000	0.00110251	640.000000	1.95742e-07	
660.000000	0.00145056	660.000000	0.00109209	660.000000	0.00109025	660.000000	0.00108896	660.000000	0.0010919 	660.000000	1.90282e-07	
680.000000	0.00143528	680.000000	0.00108217	680.000000	0.00108037	680.000000	0.00107912	680.000000	0.00108199	680.000000	1.8513e-07	
700.000000	0.00142097	700.000000	0.00107289	700.000000	0.00107119	700.000000	0.00106992	700.000000	0.00107271	700.000000	1.80259e-07	
720.000000	0.00140755	720.000000	0.00106419	720.000000	0.00106264	720.000000	0.00106131	720.000000	0.00106401	720.000000	1.75648e-07	
740.000000	0.00139494	740.000000	0.00105603	740.000000	0.00105462	740.000000	0.00105325	740.000000	0.00105586	740.000000	1.71275e-07	
760.000000	0.00138308	760.000000	0.00104837	760.000000	0.00104706	760.000000	0.00104569	760.000000	0.0010482 	760.000000	1.67123e-07	
780.000000	0.00137193	780.000000	0.00104117	780.000000	0.00103993	780.000000	0.00103859	780.000000	0.00104101	780.000000	1.63175e-07	
800.000000	0.00136143	800.000000	0.0010344 	800.000000	0.00103324	800.000000	0.00103192	800.000000	0.00103424	800.000000	1.59416e-07	
820.000000	0.00135153	820.000000	0.00102802	820.000000	0.00102696	820.000000	0.00102565	820.000000	0.00102786	820.000000	1.55832e-07	
840.000000	0.0013422 	840.000000	0.00102201	840.000000	0.00102104	840.000000	0.00101974	840.000000	0.00102186	840.000000	1.52412e-07	
860.000000	0.00133339	860.000000	0.00101635	860.000000	0.00101546	860.000000	0.00101417	860.000000	0.0010162 	860.000000	1.49145e-07	
880.000000	0.00132509	880.000000	0.00101101	880.000000	0.0010102 	880.000000	0.00100892	880.000000	0.00101086	880.000000	1.46019e-07	
900.000000	0.00131724	900.000000	0.00100597	900.000000	0.00100524	900.000000	0.00100397	900.000000	0.00100582	900.000000	1.43027e-07	
920.000000	0.00130983	920.000000	0.00100121	920.000000	0.00100055	920.000000	0.000999289	920.000000	0.00100107	920.000000	1.40159e-07	
940.000000	0.00130282	940.000000	0.000996709	940.000000	0.000996119	940.000000	0.000994867	940.000000	0.000996572	940.000000	1.37409e-07	
960.000000	0.0012962 	960.000000	0.00099246	960.000000	0.000991929	960.000000	0.000990686	960.000000	0.000992325	960.000000	1.34768e-07	
980.000000	0.00128995	980.000000	0.000988444	980.000000	0.000987966	980.000000	0.00098673	980.000000	0.000988311	980.000000	1.3223e-07	
1000.000000	0.00128403	1000.000000	0.000984646	1000.000000	0.000984213	1000.000000	0.000982986	1000.000000	0.000984517	1000.000000	1.2979e-07	
1020.000000	0.00127844	1020.000000	0.000981056	1020.000000	0.000980659	1020.000000	0.00097944	1020.000000	0.000980928	1020.000000	1.27442e-07	
1040.000000	0.00127315	1040.000000	0.00097766	1040.000000	0.000977292	1040.000000	0.000976079	1040.000000	0.000977535	1040.000000	1.2518e-07	
1060.000000	0.00126815	1060.000000	0.000974448	1060.000000	0.000974099	1060.000000	0.000972895	1060.000000	0.000974325	1060.000000	1.23e-07  	
1080.000000	0.00126343	1080.000000	0.000971411	1080.000000	0.000971072	1080.000000	0.000969874	1080.000000	0.00097129	1080.000000	1.20897e-07	
1100.000000	0.00125897	1100.000000	0.000968538	1100.000000	0.000968201	1100.000000	0.00096701	1100.000000	0.000968419	1100.000000	1.18868e-07	
1120.000000	0.00125475	1120.000000	0.000965822	1120.000000	0.000965523	1120.000000	0.000964336	1120.000000	0.000965705	1120.000000	1.16908e-07	
1140.000000	0.00125077	1140.000000	0.000963254	1140.000000	0.000962993	1140.000000	0.00096181	1140.000000	0.000963139	1140.000000	1.15014e-07	
1160.000000	0.00124701	1160.000000	0.000960826	1160.000000	0.000960592	1160.000000	0.000959414	1160.000000	0.000960713	1160.000000	1.13183e-07	
1180.000000	0.00124346	1180.000000	0.000958532	1180.000000	0.000958313	1180.000000	0.000957141	1180.000000	0.000958421	1180.000000	1.11411e-07	
1200.000000	0.00124012	1200.000000	0.000956365	1200.000000	0.00095615	1200.000000	0.000954985	1200.000000	0.000956256	1200.000000	1.09696e-07	
1220.000000	0.00123697	1220.000000	0.00095432	1220.000000	0.000954094	1220.000000	0.000952938	1220.000000	0.000954212	1220.000000	1.08035e-07	
1240.000000	0.001234  	1240.000000	0.000952389	1240.000000	0.000952143	1240.000000	0.000950997	1240.000000	0.000952283	1240.000000	1.06425e-07	
1260.000000	0.00123122	1260.000000	0.000950568	1260.000000	0.000950293	1260.000000	0.000949155	1260.000000	0.000950464	1260.000000	1.04864e-07	
1280.000000	0.0012286 	1280.000000	0.000948853	1280.000000	0.00094854	1280.000000	0.000947407	1280.000000	0.000948749	1280.000000	1.0335e-07	
1300.000000	0.00122614	1300.000000	0.000947237	1300.000000	0.000946882	1300.000000	0.000945749	1300.000000	0.000947135	1300.000000	1.01881e-07	
1320.000000	0.00122384	1320.000000	0.000945716	1320.000000	0.000945315	1320.000000	0.000944176	1320.000000	0.000945616	1320.000000	1.00454e-07	
1340.000000	0.00122168	1340.000000	0.000944288	1340.000000	0.000943835	1340.000000	0.000942684	1340.000000	0.000944189	1340.000000	9.90683e-08	
1360.000000	0.00121967	1360.000000	0.000942946	1360.000000	0.000942436	1360.000000	0.000941269	1360.000000	0.000942848	1360.000000	9.77216e-08	
1380.000000	0.00121779	1380.000000	0.000941688	1380.000000	0.000941111	1380.000000	0.000939927	1380.000000	0.000941592	1380.000000	9.64124e-08	
1400.000000	0.00121605	1400.000000	0.000940511	1400.000000	0.000939855	1400.000000	0.000938656	1400.000000	0.000940416	1400.000000	9.51391e-08	
1420.000000	0.00121443	1420.000000	0.00093941	1420.000000	0.000938663	1420.000000	0.000937451	1420.000000	0.000939316	1420.000000	9.39002e-08	
1440.000000	0.00121293	1440.000000	0.000938383	1440.000000	0.000937532	1440.000000	0.00093631	1440.000000	0.00093829	1440.000000	9.26943e-08	
1460.000000	0.00121155	1460.000000	0.000937427	1460.000000	0.000936456	1460.000000	0.000935229	1460.000000	0.000937335	1460.000000	9.15201e-08	
1480.000000	0.00121028	1480.000000	0.000936538	1480.000000	0.000935434	1480.000000	0.000934206	1480.000000	0.000936448	1480.000000	9.03763e-08	
1500.000000	0.00120912	1500.000000	0.000935715	1500.000000	0.000934465	1500.000000	0.000933239	1500.000000	0.000935626	1500.000000	8.92618e-08	
1520.000000	0.00120806	1520.000000	0.000934954	1520.000000	0.000933546	1520.000000	0.000932324	1520.000000	0.000934866	1520.000000	8.81755e-08	
1540.000000	0.0012071 	1540.000000	0.000934254	1540.000000	0.000932677	1540.000000	0.00093146	1540.000000	0.000934167	1540.000000	8.71163e-08	
1560.000000	0.00120624	1560.000000	0.000933612	1560.000000	0.000931855	1560.000000	0.000930645	1560.000000	0.000933526	1560.000000	8.60831e-08	
1580.000000	0.00120548	1580.000000	0.000933025	1580.000000	0.000931079	1580.000000	0.000929875	1580.000000	0.00093294	1580.000000	8.5075e-08	
1600.000000	0.0012048 	1600.000000	0.000932492	1600.000000	0.000930348	1600.000000	0.00092915	1600.000000	0.000932408	1600.000000	8.40911e-08	
1620.000000	0.00120421	1620.000000	0.000932011	1620.000000	0.000929661	1620.000000	0.000928467	1620.000000	0.000931928	1620.000000	8.31305e-08	
1640.000000	0.0012037 	1640.000000	0.00093158	1640.000000	0.000929015	1640.000000	0.000927825	1640.000000	0.000931498	1640.000000	8.21924e-08	
1660.000000	0.00120328	1660.000000	0.000931197	1660.000000	0.000928408	1660.000000	0.000927221	1660.000000	0.000931116	1660.000000	8.12761e-08	
1680.000000	0.00120294	1680.000000	0.00093086	1680.000000	0.000927839	1680.000000	0.000926655	1680.000000	0.00093078	1680.000000	8.03806e-08	
1700.000000	0.00120267	1700.000000	0.000930568	1700.000000	0.000927306	1700.000000	0.000926125	1700.000000	0.000930489	1700.000000	7.95054e-08	
1750.000000	0.00120231	1750.000000	0.000930025	1750.000000	0.000926123	1750.000000	0.000924946	1750.000000	0.000929947	1750.000000	7.74014e-08	
1800.000000	0.00120238	1800.000000	0.000929729	1800.000000	0.000925132	1800.000000	0.00092396	1800.000000	0.000929654	1800.000000	7.54097e-08	
1850.000000	0.00120285	1850.000000	0.000929662	1850.000000	0.000924317	1850.000000	0.000923149	1850.000000	0.000929589	1850.000000	7.35215e-08	
1900.000000	0.00120369	1900.000000	0.000929805	1900.000000	0.000923659	1900.000000	0.000922496	1900.000000	0.000929734	1900.000000	7.17287e-08	
1950.000000	0.00120486	1950.000000	0.000930143	1950.000000	0.000923144	1950.000000	0.000921987	1950.000000	0.000930073	1950.000000	7.00243e-08	
2000.000000	0.00120636	2000.000000	0.00093066	2000.000000	0.00092276	2000.000000	0.000921607	2000.000000	0.000930591	2000.000000	6.84018e-08	
2100.000000	0.00121022	2100.000000	0.000932182	2100.000000	0.000922337	2100.000000	0.000921193	2100.000000	0.000932116	2100.000000	6.53796e-08	
2200.000000	0.00121513	2200.000000	0.000934281	2200.000000	0.000922308	2200.000000	0.000921172	2200.000000	0.000934218	2200.000000	6.26218e-08	
2300.000000	0.00122097	2300.000000	0.000936882	2300.000000	0.000922607	2300.000000	0.000921478	2300.000000	0.000936822	2300.000000	6.00946e-08	
2400.000000	0.00122763	2400.000000	0.000939921	2400.000000	0.000923181	2400.000000	0.000922057	2400.000000	0.000939864	2400.000000	5.77701e-08	
2500.000000	0.00123503	2500.000000	0.000943347	2500.000000	0.000923983	2500.000000	0.000922865	2500.000000	0.000943291	2500.000000	5.56245e-08	
2600.000000	0.00124311	2600.000000	0.000947113	2600.000000	0.000924978	2600.000000	0.000923864	2600.000000	0.00094706	2600.000000	5.36377e-08	
2700.000000	0.00125178	2700.000000	0.000951182	2700.000000	0.000926133	2700.000000	0.000925024	2700.000000	0.00095113	2700.000000	5.17926e-08	
2800.000000	0.00126101	2800.000000	0.000955521	2800.000000	0.000927425	2800.000000	0.00092632	2800.000000	0.000955471	2800.000000	5.00743e-08	
2900.000000	0.00127073	2900.000000	0.000960101	2900.000000	0.000928829	2900.000000	0.000927728	2900.000000	0.000960053	2900.000000	4.847e-08 	
3000.000000	0.00128093	3000.000000	0.000964898	3000.000000	0.000930329	3000.000000	0.000929231	3000.000000	0.000964852	3000.000000	4.69687e-08	
3200.000000	0.00130256	3200.000000	0.00097506	3200.000000	0.000933553	3200.000000	0.000932461	3200.000000	0.000975016	3200.000000	4.42372e-08	
3400.000000	0.00132567	3400.000000	0.000985863	3400.000000	0.000936997	3400.000000	0.000935911	3400.000000	0.000985821	3400.000000	4.18154e-08	
3600.000000	0.00135008	3600.000000	0.000997198	3600.000000	0.000940588	3600.000000	0.000939506	3600.000000	0.000997158	3600.000000	3.9653e-08	
3800.000000	0.00137562	3800.000000	0.00100898	3800.000000	0.000944271	3800.000000	0.000943194	3800.000000	0.00100894	3800.000000	3.77099e-08	
4000.000000	0.00140218	4000.000000	0.00102113	4000.000000	0.000948007	4000.000000	0.000946933	4000.000000	0.00102109	4000.000000	3.59542e-08	
4200.000000	0.00142967	4200.000000	0.0010336 	4200.000000	0.000951766	4200.000000	0.000950695	4200.000000	0.00103357	4200.000000	3.43596e-08	
4400.000000	0.001458  	4400.000000	0.00104634	4400.000000	0.000955524	4400.000000	0.000954456	4400.000000	0.00104631	4400.000000	3.29048e-08	
4600.000000	0.00148711	4600.000000	0.00105932	4600.000000	0.000959265	4600.000000	0.000958199	4600.000000	0.00105928	4600.000000	3.15719e-08	
4800.000000	0.00151694	4800.000000	0.00107249	4800.000000	0.000962976	4800.000000	0.000961912	4800.000000	0.00107246	4800.000000	3.03461e-08	
5000.000000	0.00154744	5000.000000	0.00108584	5000.000000	0.000966648	5000.000000	0.000965586	5000.000000	0.00108581	5000.000000	2.92149e-08	
5250.000000	0.00158645	5250.000000	0.00110275	5250.000000	0.000971171	5250.000000	0.000970111	5250.000000	0.00110272	5250.000000	2.79177e-08	
5500.000000	0.00162638	5500.000000	0.00111985	5500.000000	0.000975613	5500.000000	0.000974555	5500.000000	0.00111982	5500.000000	2.67343e-08	
6000.000000	0.00170879	6000.000000	0.00115455	6000.000000	0.000984229	6000.000000	0.000983174	6000.000000	0.00115452	6000.000000	2.46532e-08	
6500.000000	0.00179434	6500.000000	0.00118975	6500.000000	0.000992473	6500.000000	0.00099142	6500.000000	0.00118973	6500.000000	2.28814e-08	
7000.000000	0.00188277	7000.000000	0.00122533	7000.000000	0.00100034	7000.000000	0.000999293	7000.000000	0.00122531	7000.000000	2.13541e-08	
7500.000000	0.0019739 	7500.000000	0.00126119	7500.000000	0.00100785	7500.000000	0.0010068 	7500.000000	0.00126117	7500.000000	2.00236e-08	
8000.000000	0.00206758	8000.000000	0.00129727	8000.000000	0.00101502	8000.000000	0.00101397	8000.000000	0.00129725	8000.000000	1.88537e-08	
8500.000000	0.00216373	8500.000000	0.0013335 	8500.000000	0.00102186	8500.000000	0.00102081	8500.000000	0.00133349	8500.000000	1.78169e-08	
9000.000000	0.00226224	9000.000000	0.00136986	9000.000000	0.00102839	9000.000000	0.00102735	9000.000000	0.00136984	9000.000000	1.68913e-08	
9500.000000	0.00236306	9500.000000	0.0014063 	9500.000000	0.00103464	9500.000000	0.0010336 	9500.000000	0.00140629	9500.000000	1.60599e-08	
10000.000000	0.00246613	10000.000000	0.00144281	10000.000000	0.00104063	10000.000000	0.00103958	10000.000000	0.0014428 	10000.000000	1.53088e-08	
11000.000000	0.00267888	11000.000000	0.00151596	11000.000000	0.00105187	11000.000000	0.00105082	11000.000000	0.00151594	11000.000000	1.40047e-08	
12000.000000	0.00290023	12000.000000	0.00158918	12000.000000	0.00106221	12000.000000	0.0010612 	12000.000000	0.00158917	12000.000000	1.2911e-08	
13000.000000	0.00313003	13000.000000	0.00166241	13000.000000	0.00107181	13000.000000	0.00107081	13000.000000	0.0016624 	13000.000000	1.19802e-08	
14000.000000	0.00336815	14000.000000	0.0017356 	14000.000000	0.00108078	14000.000000	0.00107976	14000.000000	0.00173559	14000.000000	1.1178e-08	
15000.000000	0.00361453	15000.000000	0.00180872	15000.000000	0.00108918	15000.000000	0.00108813	15000.000000	0.00180871	15000.000000	1.04793e-08	
16000.000000	0.00386912	16000.000000	0.00188176	16000.000000	0.00109705	16000.000000	0.00109597	16000.000000	0.00188175	16000.000000	9.8652e-09	
17000.000000	0.00413189	17000.000000	0.00195468	17000.000000	0.00110444	17000.000000	0.00110335	17000.000000	0.00195468	17000.000000	9.32097e-09	
18000.000000	0.00440282	18000.000000	0.0020275 	18000.000000	0.00111138	18000.000000	0.00111031	18000.000000	0.00202749	18000.000000	8.83527e-09	
19000.000000	0.00468192	19000.000000	0.0021002 	19000.000000	0.00111792	19000.000000	0.0011169 	19000.000000	0.00210019	19000.000000	8.39905e-09	
20000.000000	0.00496918	20000.000000	0.00217277	20000.000000	0.00112412	20000.000000	0.00112315	20000.000000	0.00217277	20000.000000	8.00505e-09	
21000.000000	0.00526463	21000.000000	0.00224523	21000.000000	0.00113   	21000.000000	0.00112909	21000.000000	0.00224522	21000.000000	7.64736e-09	
22000.000000	0.00556827	22000.000000	0.00231756	22000.000000	0.00113563	22000.000000	0.00113474	22000.000000	0.00231755	22000.000000	7.32115e-09	
23000.000000	0.00588012	23000.000000	0.00238977	23000.000000	0.00114103	23000.000000	0.00114014	23000.000000	0.00238976	23000.000000	7.02239e-09	
24000.000000	0.00620022	24000.000000	0.00246186	24000.000000	0.00114619	24000.000000	0.00114531	24000.000000	0.00246185	24000.000000	6.74774e-09	
25000.000000	0.00652859	25000.000000	0.00253383	25000.000000	0.00115111	25000.000000	0.00115025	25000.000000	0.00253383	25000.000000	6.49435e-09	
26000.000000	0.00686526	26000.000000	0.00260569	26000.000000	0.00115585	26000.000000	0.001155  	26000.000000	0.00260568	26000.000000	6.25983e-09	
27000.000000	0.00721027	27000.000000	0.00267742	27000.000000	0.00116041	27000.000000	0.00115956	27000.000000	0.00267742	27000.000000	6.04212e-09	
28000.000000	0.00756364	28000.000000	0.00274905	28000.000000	0.0011648 	28000.000000	0.00116394	28000.000000	0.00274905	28000.000000	5.83948e-09	
29000.000000	0.00792541	29000.000000	0.00282057	29000.000000	0.001169  	29000.000000	0.00116817	29000.000000	0.00282056	29000.000000	5.65036e-09	
30000.000000	0.00829562	30000.000000	0.00289198	30000.000000	0.00117304	30000.000000	0.00117224	30000.000000	0.00289197	30000.000000	5.47345e-09	
32000.000000	0.00906153	32000.000000	0.00303448	32000.000000	0.0011807 	32000.000000	0.00117998	32000.000000	0.00303447	32000.000000	5.15176e-09	
34000.000000	0.00986168	34000.000000	0.00317658	34000.000000	0.00118788	34000.000000	0.00118722	34000.000000	0.00317658	34000.000000	4.86676e-09	
36000.000000	0.0106964 	36000.000000	0.0033183 	36000.000000	0.00119464	36000.000000	0.00119403	36000.000000	0.00331829	36000.000000	4.61245e-09	
38000.000000	0.011566  	38000.000000	0.00345964	38000.000000	0.00120102	38000.000000	0.00120044	38000.000000	0.00345964	38000.000000	4.38408e-09	
40000.000000	0.0124709 	40000.000000	0.00360064	40000.000000	0.00120704	40000.000000	0.0012065 	40000.000000	0.00360064	40000.000000	4.17785e-09	
42000.000000	0.0134115 	42000.000000	0.0037413 	42000.000000	0.00121275	42000.000000	0.00121225	42000.000000	0.0037413 	42000.000000	3.99066e-09	
44000.000000	0.014388  	44000.000000	0.00388164	44000.000000	0.00121818	44000.000000	0.00121771	44000.000000	0.00388164	44000.000000	3.81997e-09	
46000.000000	0.015401  	46000.000000	0.00402167	46000.000000	0.00122334	46000.000000	0.00122291	46000.000000	0.00402166	46000.000000	3.66366e-09	
48000.000000	0.0164507 	48000.000000	0.0041614 	48000.000000	0.00122827	48000.000000	0.00122788	48000.000000	0.0041614 	48000.000000	3.51998e-09	
50000.000000	0.0175375 	50000.000000	0.00430085	50000.000000	0.00123296	50000.000000	0.00123262	50000.000000	0.00430085	50000.000000	3.38744e-09	
