*Energy (MeV/u)1	0 - [He-base] F.Hubert et al, AD&ND Tables 46(1990)1	Energy (MeV/u)2	1 - [H -base] J.F.Ziegler et al, Pergamon Press, NY (low energy)	Energy (MeV/u)3	2 - ATIMA 1.2  LS-theory (recommended for high energy)	Energy (MeV/u)4	3 - ATIMA 1.2  without LS-correction	Energy (MeV/u)5	4 - electrical component of [1] - J.F.Ziegler et al	Energy (MeV/u)6	5 - nuclear component of [1] - J.F.Ziegler et al	
0.001000	0.118631  	0.001000	0.150957  	0.001000	0.138809  	0.001000	0.138809  	0.001000	0.0891228 	0.001000	0.0618338 	
0.002000	0.130912  	0.002000	0.161358  	0.002000	0.146813  	0.002000	0.146813  	0.002000	0.115578  	0.002000	0.0457801 	
0.005000	0.160926  	0.005000	0.190413  	0.005000	0.172687  	0.005000	0.172687  	0.005000	0.162968  	0.005000	0.0274445 	
0.008000	0.184256  	0.008000	0.214672  	0.008000	0.195537  	0.008000	0.195537  	0.008000	0.194378  	0.008000	0.0202941 	
0.010000	0.197522  	0.010000	0.228797  	0.010000	0.209111  	0.010000	0.209111  	0.010000	0.211343  	0.010000	0.0174533 	
0.015000	0.230754  	0.015000	0.261506  	0.015000	0.237293  	0.015000	0.237293  	0.015000	0.248497  	0.015000	0.0130094 	
0.020000	0.257044  	0.020000	0.289907  	0.020000	0.263968  	0.020000	0.263968  	0.020000	0.279351  	0.020000	0.0105559 	
0.025000	0.285857  	0.025000	0.321671  	0.025000	0.289898  	0.025000	0.289898  	0.025000	0.312731  	0.025000	0.00894043	
0.030000	0.310105  	0.030000	0.351313  	0.030000	0.316806  	0.030000	0.316806  	0.030000	0.343525  	0.030000	0.00778788	
0.035000	0.327323  	0.035000	0.376902  	0.035000	0.342397  	0.035000	0.342397  	0.035000	0.369982  	0.035000	0.00691993	
0.040000	0.34011   	0.040000	0.399084  	0.040000	0.366669  	0.040000	0.366669  	0.040000	0.392843  	0.040000	0.00624035	
0.045000	0.349018  	0.045000	0.419447  	0.045000	0.389631  	0.045000	0.389631  	0.045000	0.413755  	0.045000	0.00569234	
0.050000	0.354352  	0.050000	0.438039  	0.050000	0.411293  	0.050000	0.411293  	0.050000	0.432799  	0.050000	0.00524014	
0.055000	0.367615  	0.055000	0.458477  	0.055000	0.431673  	0.055000	0.431673  	0.055000	0.453617  	0.055000	0.00486   	
0.060000	0.378688  	0.060000	0.47748   	0.060000	0.450795  	0.060000	0.450795  	0.060000	0.472945  	0.060000	0.00453554	
0.070000	0.394994  	0.070000	0.511261  	0.070000	0.485383  	0.070000	0.485383  	0.070000	0.507251  	0.070000	0.00400991	
0.080000	0.413094  	0.080000	0.539068  	0.080000	0.515334  	0.080000	0.515334  	0.080000	0.535467  	0.080000	0.00360137	
0.090000	0.426597  	0.090000	0.561789  	0.090000	0.540984  	0.090000	0.540984  	0.090000	0.558515  	0.090000	0.0032739 	
0.100000	0.436728  	0.100000	0.579918  	0.100000	0.562698  	0.100000	0.562698  	0.100000	0.576913  	0.100000	0.00300503	
0.120000	0.440241  	0.120000	0.605933  	0.120000	0.595837  	0.120000	0.595837  	0.120000	0.603344  	0.120000	0.00258857	
0.140000	0.442666  	0.140000	0.624177  	0.140000	0.617703  	0.140000	0.617703  	0.140000	0.621897  	0.140000	0.00227993	
0.160000	0.443705  	0.160000	0.633324  	0.160000	0.63093   	0.160000	0.63093   	0.160000	0.631283  	0.160000	0.00204129	
0.180000	0.444804  	0.180000	0.636489  	0.180000	0.637713  	0.180000	0.637713  	0.180000	0.634638  	0.180000	0.00185082	
0.200000	0.446451  	0.200000	0.635901  	0.200000	0.639798  	0.200000	0.639798  	0.200000	0.634206  	0.200000	0.001695  	
0.250000	0.441183  	0.250000	0.626401  	0.250000	0.632498  	0.250000	0.632498  	0.250000	0.624995  	0.250000	0.00140557	
0.300000	0.439464  	0.300000	0.615636  	0.300000	0.616674  	0.300000	0.616674  	0.300000	0.614431  	0.300000	0.00120506	
0.350000	0.438247  	0.350000	0.605589  	0.350000	0.599042  	0.350000	0.599042  	0.350000	0.604532  	0.350000	0.00105737	
0.400000	0.440386  	0.400000	0.601788  	0.400000	0.585835  	0.400000	0.585835  	0.400000	0.600844  	0.400000	0.000943738	
0.450000	0.441274  	0.450000	0.598698  	0.450000	0.571782  	0.450000	0.571782  	0.450000	0.597845  	0.450000	0.000853415	
0.500000	0.440718  	0.500000	0.595487  	0.500000	0.557794  	0.500000	0.557794  	0.500000	0.594707  	0.500000	0.000779777	
0.600000	0.422778  	0.600000	0.574652  	0.600000	0.530697  	0.600000	0.530697  	0.600000	0.573985  	0.600000	0.00066669	
0.700000	0.396981  	0.700000	0.547342  	0.700000	0.505442  	0.700000	0.505442  	0.700000	0.546758  	0.700000	0.000583679	
0.800000	0.382203  	0.800000	0.516869  	0.800000	0.483011  	0.800000	0.483011  	0.800000	0.516349  	0.800000	0.000519989	
0.900000	0.367514  	0.900000	0.488889  	0.900000	0.462835  	0.900000	0.462835  	0.900000	0.488419  	0.900000	0.000469481	
1.000000	0.353076  	1.000000	0.462857  	1.000000	0.444487  	1.000000	0.444487  	1.000000	0.462428  	1.000000	0.000428384	
1.250000	0.319338  	1.250000	0.418491  	1.250000	0.403605  	1.250000	0.403605  	1.250000	0.418138  	1.250000	0.000352622	
1.500000	0.2898    	1.500000	0.381078  	1.500000	0.369446  	1.500000	0.369446  	1.500000	0.380777  	1.500000	0.000300602	
1.750000	0.264126  	1.750000	0.349091  	1.750000	0.341184  	1.750000	0.341184  	1.750000	0.348828  	1.750000	0.000262551	
2.000000	0.242881  	2.000000	0.323046  	2.000000	0.317137  	2.000000	0.317137  	2.000000	0.322813  	2.000000	0.00023344	
2.250000	0.225294  	2.250000	0.299097  	2.250000	0.296324  	2.250000	0.296324  	2.250000	0.298886  	2.250000	0.00021041	
2.500000	0.206544  	2.500000	0.278551  	2.500000	0.278101  	2.500000	0.278101  	2.500000	0.278359  	2.500000	0.000191709	
3.000000	0.183187  	3.000000	0.244209  	3.000000	0.24768   	3.000000	0.24768   	3.000000	0.244046  	3.000000	0.000163133	
3.500000	0.164819  	3.500000	0.218149  	3.500000	0.223316  	3.500000	0.223316  	3.500000	0.218006  	3.500000	0.000142274	
4.000000	0.149984  	4.000000	0.19744   	4.000000	0.203387  	4.000000	0.203387  	4.000000	0.197314  	4.000000	0.000126344	
4.500000	0.137743  	4.500000	0.180475  	4.500000	0.186799  	4.500000	0.186799  	4.500000	0.180362  	4.500000	0.00011376	
5.000000	0.127463  	5.000000	0.166272  	5.000000	0.172789  	5.000000	0.172789  	5.000000	0.166169  	5.000000	0.000103554	
5.500000	0.118702  	5.500000	0.154366  	5.500000	0.1608    	5.500000	0.1608    	5.500000	0.154271  	5.500000	9.51024e-05	
6.000000	0.111143  	6.000000	0.144102  	6.000000	0.150425  	6.000000	0.150425  	6.000000	0.144014  	6.000000	8.79826e-05	
6.500000	0.10455   	6.500000	0.135156  	6.500000	0.141359  	6.500000	0.141359  	6.500000	0.135074  	6.500000	8.18986e-05	
7.000000	0.0987474 	7.000000	0.127288  	7.000000	0.133369  	7.000000	0.133369  	7.000000	0.127211  	7.000000	7.66367e-05	
7.500000	0.0935988 	7.500000	0.120312  	7.500000	0.126272  	7.500000	0.126272  	7.500000	0.12024   	7.500000	7.20385e-05	
8.000000	0.088998  	8.000000	0.114083  	8.000000	0.119926  	8.000000	0.119926  	8.000000	0.114015  	8.000000	6.79841e-05	
8.500000	0.0848608 	8.500000	0.108487  	8.500000	0.114217  	8.500000	0.114217  	8.500000	0.108423  	8.500000	6.43812e-05	
9.000000	0.0811194 	9.000000	0.103431  	9.000000	0.109052  	9.000000	0.109052  	9.000000	0.10337   	9.000000	6.11572e-05	
9.500000	0.0777188 	9.500000	0.0988404 	9.500000	0.104356  	9.500000	0.104356  	9.500000	0.0987821 	9.500000	5.82544e-05	
10.000000	0.0746138 	10.000000	0.0979933 	10.000000	0.100068  	10.000000	0.100068  	10.000000	0.0979377 	10.000000	5.56266e-05	
11.000000	0.0691465 	11.000000	0.0909257 	11.000000	0.0924145 	11.000000	0.0924557 	11.000000	0.0908747 	11.000000	5.10508e-05	
12.000000	0.0644842 	12.000000	0.0848637 	12.000000	0.0859053 	12.000000	0.0859727 	12.000000	0.0848165 	12.000000	4.71993e-05	
13.000000	0.0604589 	13.000000	0.0796068 	13.000000	0.0803017 	13.000000	0.0803861 	13.000000	0.0795629 	13.000000	4.39105e-05	
14.000000	0.0569465 	14.000000	0.0750039 	14.000000	0.0754279 	14.000000	0.0755232 	14.000000	0.0749629 	14.000000	4.10681e-05	
15.000000	0.0538536 	15.000000	0.0709398 	15.000000	0.0711514 	15.000000	0.0712528 	15.000000	0.0709012 	15.000000	3.85856e-05	
16.000000	0.0511081 	16.000000	0.0673244 	16.000000	0.0673692 	16.000000	0.0674739 	16.000000	0.067288  	16.000000	3.63981e-05	
17.000000	0.0486538 	17.000000	0.0640868 	17.000000	0.0640015 	17.000000	0.0641074 	17.000000	0.0640523 	17.000000	3.44551e-05	
18.000000	0.046446  	18.000000	0.0611703 	18.000000	0.0609858 	18.000000	0.0610902 	18.000000	0.0611376 	18.000000	3.27173e-05	
19.000000	0.0444488 	19.000000	0.058529  	19.000000	0.0582703 	19.000000	0.0583716 	19.000000	0.0584979 	19.000000	3.11533e-05	
20.000000	0.0426329 	20.000000	0.0561254 	20.000000	0.0558121 	20.000000	0.0559102 	20.000000	0.0560956 	20.000000	2.97381e-05	
21.000000	0.0409743 	21.000000	0.0539283 	21.000000	0.0535775 	21.000000	0.0536722 	21.000000	0.0538999 	21.000000	2.8451e-05	
22.000000	0.0394531 	22.000000	0.0519121 	22.000000	0.0515393 	22.000000	0.0516292 	22.000000	0.0518849 	22.000000	2.72752e-05	
23.000000	0.0380527 	23.000000	0.0500551 	23.000000	0.0496733 	23.000000	0.0497576 	23.000000	0.0500289 	23.000000	2.61967e-05	
24.000000	0.0367589 	24.000000	0.0483388 	24.000000	0.0479582 	24.000000	0.0480376 	24.000000	0.0483136 	24.000000	2.52037e-05	
25.000000	0.0355599 	25.000000	0.0467477 	25.000000	0.0463769 	25.000000	0.0464522 	25.000000	0.0467234 	25.000000	2.42862e-05	
27.000000	0.0334065 	27.000000	0.0438895 	27.000000	0.043563  	27.000000	0.043629  	27.000000	0.0438668 	27.000000	2.26455e-05	
29.000000	0.0315267 	29.000000	0.0413937 	29.000000	0.0411402 	29.000000	0.0411946 	29.000000	0.0413725 	29.000000	2.12206e-05	
31.000000	0.0298706 	31.000000	0.0391949 	31.000000	0.0389976 	31.000000	0.0390397 	31.000000	0.0391749 	31.000000	1.9971e-05	
33.000000	0.0283998 	33.000000	0.0372422 	33.000000	0.0370647 	33.000000	0.0370967 	33.000000	0.0372234 	33.000000	1.88659e-05	
35.000000	0.0270845 	35.000000	0.0354962 	35.000000	0.0353401 	35.000000	0.0353596 	35.000000	0.0354783 	35.000000	1.78812e-05	
38.000000	0.025352  	38.000000	0.0331973 	38.000000	0.0330657 	38.000000	0.0330726 	38.000000	0.0331807 	38.000000	1.65897e-05	
41.000000	0.0238548 	41.000000	0.0312117 	41.000000	0.0310993 	41.000000	0.031097  	41.000000	0.0311962 	41.000000	1.54788e-05	
44.000000	0.0225473 	44.000000	0.0294787 	44.000000	0.0293791 	44.000000	0.0293725 	44.000000	0.0294642 	44.000000	1.45125e-05	
47.000000	0.0213948 	47.000000	0.0279524 	47.000000	0.027865  	47.000000	0.0278533 	47.000000	0.0279387 	47.000000	1.36641e-05	
50.000000	0.020371  	50.000000	0.0265975 	50.000000	0.0265222 	50.000000	0.0265042 	50.000000	0.0265846 	50.000000	1.2913e-05	
55.000000	0.0188959 	55.000000	0.0246476 	55.000000	0.0245843 	55.000000	0.0245619 	55.000000	0.0246358 	55.000000	1.18354e-05	
60.000000	0.0176501 	60.000000	0.0230035 	60.000000	0.0229484 	60.000000	0.0229232 	60.000000	0.0229926 	60.000000	1.09296e-05	
65.000000	0.0165831 	65.000000	0.0215977 	65.000000	0.0215507 	65.000000	0.0215212 	65.000000	0.0215875 	65.000000	1.01573e-05	
70.000000	0.0156583 	70.000000	0.0203813 	70.000000	0.0203375 	70.000000	0.0203074 	70.000000	0.0203718 	70.000000	9.49055e-06	
75.000000	0.0148485 	75.000000	0.019318  	75.000000	0.0192796 	75.000000	0.019246  	75.000000	0.0193091 	75.000000	8.90893e-06	
80.000000	0.0141331 	80.000000	0.0183805 	80.000000	0.018344  	80.000000	0.0183095 	80.000000	0.0183721 	80.000000	8.39693e-06	
85.000000	0.0134961 	85.000000	0.0175473 	85.000000	0.017512  	85.000000	0.017477  	85.000000	0.0175394 	85.000000	7.9426e-06	
90.000000	0.0129251 	90.000000	0.0168019 	90.000000	0.0167672 	90.000000	0.0167318 	90.000000	0.0167943 	90.000000	7.53662e-06	
95.000000	0.0124101 	95.000000	0.0161309 	95.000000	0.0160965 	95.000000	0.0160608 	95.000000	0.0161237 	95.000000	7.17156e-06	
100.000000	0.011943  	100.000000	0.0155235 	100.000000	0.0154892 	100.000000	0.0154533 	100.000000	0.0155167 	100.000000	6.84147e-06	
105.000000	0.0115174 	105.000000	0.0149711 	105.000000	0.0149368 	105.000000	0.0149006 	105.000000	0.0149646 	105.000000	6.5415e-06	
110.000000	0.0111277 	110.000000	0.0144665 	110.000000	0.0144318 	110.000000	0.0143956 	110.000000	0.0144603 	110.000000	6.26764e-06	
115.000000	0.0107696 	115.000000	0.0140037 	115.000000	0.0139688 	115.000000	0.0139323 	115.000000	0.0139977 	115.000000	6.0166e-06	
120.000000	0.0104392 	120.000000	0.0135776 	120.000000	0.0135415 	120.000000	0.0135058 	120.000000	0.0135718 	120.000000	5.78561e-06	
125.000000	0.0101334 	125.000000	0.0131839 	125.000000	0.0131464 	125.000000	0.0131117 	125.000000	0.0131784 	125.000000	5.57232e-06	
130.000000	0.00984951	130.000000	0.0128192 	130.000000	0.0127813 	130.000000	0.0127465 	130.000000	0.0128138 	130.000000	5.37476e-06	
135.000000	0.00958511	135.000000	0.0124803 	135.000000	0.012442  	135.000000	0.0124071 	135.000000	0.0124751 	135.000000	5.19122e-06	
140.000000	0.00933824	140.000000	0.0121645 	140.000000	0.0121258 	140.000000	0.0120908 	140.000000	0.0121595 	140.000000	5.02025e-06	
145.000000	0.00910718	145.000000	0.0118696 	145.000000	0.0118304 	145.000000	0.0117954 	145.000000	0.0118647 	145.000000	4.86057e-06	
150.000000	0.00889041	150.000000	0.0115934 	150.000000	0.0115538 	150.000000	0.0115189 	150.000000	0.0115887 	150.000000	4.71111e-06	
155.000000	0.0085852 	155.000000	0.0113344 	155.000000	0.0112946 	155.000000	0.0112595 	155.000000	0.0113298 	155.000000	4.57089e-06	
160.000000	0.0084063 	160.000000	0.0110908 	160.000000	0.0110504 	160.000000	0.0110156 	160.000000	0.0110864 	160.000000	4.43907e-06	
165.000000	0.0082376 	165.000000	0.0108615 	165.000000	0.0108198 	165.000000	0.010786  	165.000000	0.0108572 	165.000000	4.31491e-06	
170.000000	0.00807824	170.000000	0.0106451 	170.000000	0.0106028 	170.000000	0.0105693 	170.000000	0.0106409 	170.000000	4.19775e-06	
175.000000	0.00792744	175.000000	0.0104405 	175.000000	0.0103981 	175.000000	0.0103646 	175.000000	0.0104365 	175.000000	4.08701e-06	
180.000000	0.00778454	180.000000	0.010247  	180.000000	0.0102043 	180.000000	0.0101708 	180.000000	0.010243  	180.000000	3.98218e-06	
185.000000	0.00764891	185.000000	0.0100634 	185.000000	0.0100207 	185.000000	0.00998711	185.000000	0.0100596 	185.000000	3.88278e-06	
190.000000	0.00752001	190.000000	0.00988924	190.000000	0.00984638	190.000000	0.00981279	190.000000	0.00988545	190.000000	3.78839e-06	
195.000000	0.00739735	195.000000	0.00972366	195.000000	0.00968033	195.000000	0.00964712	195.000000	0.00971996	195.000000	3.69865e-06	
200.000000	0.00728047	200.000000	0.00956606	200.000000	0.00952199	200.000000	0.00948947	200.000000	0.00956245	200.000000	3.61322e-06	
210.000000	0.0070625 	210.000000	0.00927265	210.000000	0.00922825	210.000000	0.00919605	210.000000	0.0092692 	210.000000	3.45406e-06	
220.000000	0.00686328	220.000000	0.00900508	220.000000	0.00896073	220.000000	0.00892857	220.000000	0.00900177	220.000000	3.3088e-06	
230.000000	0.00668048	230.000000	0.00876009	230.000000	0.00871596	230.000000	0.00868379	230.000000	0.00875691	230.000000	3.17568e-06	
240.000000	0.00651213	240.000000	0.00853494	240.000000	0.0084903 	240.000000	0.00845894	240.000000	0.00853189	240.000000	3.05321e-06	
250.000000	0.00635657	250.000000	0.00832734	250.000000	0.0082826 	250.000000	0.00825172	250.000000	0.0083244 	250.000000	2.94015e-06	
260.000000	0.00621241	260.000000	0.00813533	260.000000	0.00809109	260.000000	0.00806016	260.000000	0.00813249	260.000000	2.83544e-06	
270.000000	0.00607842	270.000000	0.00795722	270.000000	0.00791337	270.000000	0.00788257	270.000000	0.00795448	270.000000	2.73819e-06	
280.000000	0.00595356	280.000000	0.00779157	280.000000	0.00774802	280.000000	0.00771751	280.000000	0.00778892	280.000000	2.64761e-06	
290.000000	0.00583694	290.000000	0.00763714	290.000000	0.00759369	290.000000	0.00756371	290.000000	0.00763457	290.000000	2.56303e-06	
300.000000	0.00572777	300.000000	0.00749283	300.000000	0.00744977	300.000000	0.00742008	300.000000	0.00749035	300.000000	2.48387e-06	
310.000000	0.00562536	310.000000	0.00735771	310.000000	0.00731539	310.000000	0.00728568	310.000000	0.0073553 	310.000000	2.40962e-06	
320.000000	0.00552911	320.000000	0.00723093	320.000000	0.00718934	320.000000	0.00715964	320.000000	0.00722859	320.000000	2.33983e-06	
330.000000	0.00543848	330.000000	0.00711176	330.000000	0.00707048	330.000000	0.00704125	330.000000	0.00710948	330.000000	2.27411e-06	
340.000000	0.005353  	340.000000	0.00699955	340.000000	0.00695854	340.000000	0.00692984	340.000000	0.00699733	340.000000	2.2121e-06	
350.000000	0.00527225	350.000000	0.00689371	350.000000	0.00685343	350.000000	0.00682483	350.000000	0.00689156	350.000000	2.1535e-06	
360.000000	0.00519585	360.000000	0.00679375	360.000000	0.00675439	360.000000	0.00672571	360.000000	0.00679165	360.000000	2.09802e-06	
370.000000	0.00512347	370.000000	0.00669918	370.000000	0.00666001	370.000000	0.00663139	370.000000	0.00669714	370.000000	2.04543e-06	
380.000000	0.0050548 	380.000000	0.00660961	380.000000	0.00657034	380.000000	0.0065421 	380.000000	0.00660761	380.000000	1.9955e-06	
390.000000	0.00498958	390.000000	0.00652465	390.000000	0.00648525	390.000000	0.00645746	390.000000	0.0065227 	390.000000	1.94803e-06	
400.000000	0.00492756	400.000000	0.00644397	400.000000	0.00640475	400.000000	0.00637713	400.000000	0.00644207	400.000000	1.90285e-06	
410.000000	0.00486851	410.000000	0.00636727	410.000000	0.00632845	410.000000	0.0063008 	410.000000	0.00636541	410.000000	1.85978e-06	
420.000000	0.00481223	420.000000	0.00629427	420.000000	0.00625589	420.000000	0.00622819	420.000000	0.00629245	420.000000	1.81869e-06	
430.000000	0.00475854	430.000000	0.00622472	430.000000	0.00618664	430.000000	0.00615905	430.000000	0.00622294	430.000000	1.77943e-06	
440.000000	0.00470728	440.000000	0.0061584 	440.000000	0.0061204 	440.000000	0.00609314	440.000000	0.00615665	440.000000	1.74189e-06	
450.000000	0.00465828	450.000000	0.00609508	450.000000	0.00605716	450.000000	0.00603026	450.000000	0.00609338	450.000000	1.70596e-06	
460.000000	0.0046114 	460.000000	0.00603459	460.000000	0.00599699	460.000000	0.00597022	460.000000	0.00603292	460.000000	1.67153e-06	
470.000000	0.00456653	470.000000	0.00597675	470.000000	0.00593961	470.000000	0.00591283	470.000000	0.00597511	470.000000	1.6385e-06	
480.000000	0.00452353	480.000000	0.00592139	480.000000	0.0058846 	480.000000	0.00585793	480.000000	0.00591979	480.000000	1.6068e-06	
490.000000	0.00448231	490.000000	0.00586838	490.000000	0.00583174	490.000000	0.00580537	490.000000	0.0058668 	490.000000	1.57635e-06	
500.000000	0.00444275	500.000000	0.00581756	500.000000	0.00578109	500.000000	0.00575502	500.000000	0.00581601	500.000000	1.54707e-06	
520.000000	0.00436828	520.000000	0.00572204	520.000000	0.00568635	520.000000	0.00566043	520.000000	0.00572055	520.000000	1.49175e-06	
540.000000	0.00429945	540.000000	0.00563394	540.000000	0.00559923	540.000000	0.00557325	540.000000	0.0056325 	540.000000	1.44038e-06	
560.000000	0.00423569	560.000000	0.00555248	560.000000	0.0055185 	560.000000	0.00549269	560.000000	0.00555109	560.000000	1.39255e-06	
580.000000	0.0041765 	580.000000	0.005477  	580.000000	0.00544343	580.000000	0.00541807	580.000000	0.00547565	580.000000	1.34789e-06	
600.000000	0.00412145	600.000000	0.00540691	600.000000	0.00537393	600.000000	0.00534882	600.000000	0.00540561	600.000000	1.3061e-06	
620.000000	0.00407016	620.000000	0.00534171	620.000000	0.00530953	620.000000	0.0052844 	620.000000	0.00534044	620.000000	1.2669e-06	
640.000000	0.00402229	640.000000	0.00528094	640.000000	0.00524954	640.000000	0.00522438	640.000000	0.00527971	640.000000	1.23007e-06	
660.000000	0.00397754	660.000000	0.00522422	660.000000	0.00519336	660.000000	0.00516835	660.000000	0.00522302	660.000000	1.19538e-06	
680.000000	0.00393567	680.000000	0.00517119	680.000000	0.00514064	680.000000	0.00511597	680.000000	0.00517003	680.000000	1.16266e-06	
700.000000	0.00389642	700.000000	0.00512156	700.000000	0.00509132	700.000000	0.00506692	700.000000	0.00512043	700.000000	1.13174e-06	
720.000000	0.00385961	720.000000	0.00507504	720.000000	0.00504525	720.000000	0.00502091	720.000000	0.00507393	720.000000	1.10248e-06	
740.000000	0.00382503	740.000000	0.00503138	740.000000	0.00500209	740.000000	0.00497772	740.000000	0.00503031	740.000000	1.07474e-06	
760.000000	0.00379252	760.000000	0.00499037	760.000000	0.0049615 	760.000000	0.00493711	760.000000	0.00498932	760.000000	1.0484e-06	
780.000000	0.00376194	780.000000	0.00495181	780.000000	0.0049232 	780.000000	0.00489888	780.000000	0.00495079	780.000000	1.02337e-06	
800.000000	0.00373314	800.000000	0.00491552	800.000000	0.00488696	800.000000	0.00486285	800.000000	0.00491452	800.000000	9.99545e-07	
820.000000	0.003706  	820.000000	0.00488133	820.000000	0.00485272	820.000000	0.00482886	820.000000	0.00488035	820.000000	9.76838e-07	
840.000000	0.00368042	840.000000	0.0048491 	840.000000	0.00482046	840.000000	0.00479676	840.000000	0.00484815	840.000000	9.55173e-07	
860.000000	0.00365628	860.000000	0.0048187 	860.000000	0.0047901 	860.000000	0.00476642	860.000000	0.00481777	860.000000	9.3448e-07	
880.000000	0.00363349	880.000000	0.00479001	880.000000	0.0047614 	880.000000	0.00473772	880.000000	0.00478909	880.000000	9.14692e-07	
900.000000	0.00361198	900.000000	0.00476291	900.000000	0.00473415	900.000000	0.00471054	900.000000	0.00476201	900.000000	8.95753e-07	
920.000000	0.00359165	920.000000	0.00473729	920.000000	0.00470822	920.000000	0.00468479	920.000000	0.00473642	920.000000	8.77606e-07	
940.000000	0.00357245	940.000000	0.00471308	940.000000	0.0046836 	940.000000	0.00466036	940.000000	0.00471222	940.000000	8.60205e-07	
960.000000	0.0035543 	960.000000	0.00469018	960.000000	0.00466027	960.000000	0.00463718	960.000000	0.00468934	960.000000	8.43502e-07	
980.000000	0.00353714	980.000000	0.00466852	980.000000	0.00463818	980.000000	0.00461517	980.000000	0.00466769	980.000000	8.27456e-07	
1000.000000	0.00352092	1000.000000	0.00464802	1000.000000	0.00461725	1000.000000	0.00459425	1000.000000	0.0046472 	1000.000000	8.12029e-07	
1020.000000	0.00350559	1020.000000	0.00462861	1020.000000	0.00459738	1020.000000	0.00457436	1020.000000	0.00462781	1020.000000	7.97185e-07	
1040.000000	0.00349109	1040.000000	0.00461023	1040.000000	0.00457847	1040.000000	0.00455543	1040.000000	0.00460945	1040.000000	7.82891e-07	
1060.000000	0.00347738	1060.000000	0.00459284	1060.000000	0.00456047	1060.000000	0.00453742	1060.000000	0.00459207	1060.000000	7.69118e-07	
1080.000000	0.00346443	1080.000000	0.00457636	1080.000000	0.00454331	1080.000000	0.00452026	1080.000000	0.0045756 	1080.000000	7.55836e-07	
1100.000000	0.00345219	1100.000000	0.00456076	1100.000000	0.00452691	1100.000000	0.00450391	1100.000000	0.00456002	1100.000000	7.4302e-07	
1120.000000	0.00344063	1120.000000	0.00454599	1120.000000	0.00451124	1120.000000	0.00448833	1120.000000	0.00454525	1120.000000	7.30645e-07	
1140.000000	0.00342971	1140.000000	0.004532  	1140.000000	0.00449626	1140.000000	0.00447346	1140.000000	0.00453128	1140.000000	7.18689e-07	
1160.000000	0.0034194 	1160.000000	0.00451875	1160.000000	0.00448194	1160.000000	0.00445928	1160.000000	0.00451805	1160.000000	7.07131e-07	
1180.000000	0.00340968	1180.000000	0.00450622	1180.000000	0.00446829	1180.000000	0.00444574	1180.000000	0.00450552	1180.000000	6.9595e-07	
1200.000000	0.00340051	1200.000000	0.00449435	1200.000000	0.00445528	1200.000000	0.00443282	1200.000000	0.00449367	1200.000000	6.85129e-07	
1220.000000	0.00339187	1220.000000	0.00448313	1220.000000	0.00444289	1220.000000	0.00442047	1220.000000	0.00448246	1220.000000	6.7465e-07	
1240.000000	0.00338374	1240.000000	0.00447252	1240.000000	0.00443109	1240.000000	0.00440868	1240.000000	0.00447186	1240.000000	6.64497e-07	
1260.000000	0.0033761 	1260.000000	0.00446249	1260.000000	0.00441982	1260.000000	0.0043974 	1260.000000	0.00446184	1260.000000	6.54654e-07	
1280.000000	0.00336891	1280.000000	0.00445302	1280.000000	0.00440904	1280.000000	0.00438662	1280.000000	0.00445237	1280.000000	6.45109e-07	
1300.000000	0.00336217	1300.000000	0.00444407	1300.000000	0.00439872	1300.000000	0.00437632	1300.000000	0.00444343	1300.000000	6.35846e-07	
1320.000000	0.00335586	1320.000000	0.00443563	1320.000000	0.00438883	1320.000000	0.00436646	1320.000000	0.004435  	1320.000000	6.26855e-07	
1340.000000	0.00334995	1340.000000	0.00442768	1340.000000	0.00437934	1340.000000	0.00435703	1340.000000	0.00442706	1340.000000	6.18122e-07	
1360.000000	0.00334443	1360.000000	0.00442018	1360.000000	0.00437023	1360.000000	0.00434801	1360.000000	0.00441957	1360.000000	6.09637e-07	
1380.000000	0.00333929	1380.000000	0.00441313	1380.000000	0.00436151	1380.000000	0.00433937	1380.000000	0.00441253	1380.000000	6.01389e-07	
1400.000000	0.0033345 	1400.000000	0.00440651	1400.000000	0.00435316	1400.000000	0.0043311 	1400.000000	0.00440592	1400.000000	5.93369e-07	
1420.000000	0.00333006	1420.000000	0.00440029	1420.000000	0.00434517	1420.000000	0.00432319	1420.000000	0.00439971	1420.000000	5.85566e-07	
1440.000000	0.00332595	1440.000000	0.00439446	1440.000000	0.00433752	1440.000000	0.00431561	1440.000000	0.00439388	1440.000000	5.77973e-07	
1460.000000	0.00332217	1460.000000	0.00438901	1460.000000	0.00433022	1460.000000	0.00430836	1460.000000	0.00438844	1460.000000	5.7058e-07	
1480.000000	0.00331869	1480.000000	0.00438391	1480.000000	0.00432324	1480.000000	0.00430141	1480.000000	0.00438335	1480.000000	5.6338e-07	
1500.000000	0.0033155 	1500.000000	0.00437916	1500.000000	0.00431657	1500.000000	0.00429476	1500.000000	0.00437861	1500.000000	5.56365e-07	
1520.000000	0.0033126 	1520.000000	0.00437474	1520.000000	0.00431019	1520.000000	0.00428838	1520.000000	0.0043742 	1520.000000	5.49528e-07	
1540.000000	0.00330998	1540.000000	0.00437065	1540.000000	0.00430409	1540.000000	0.00428228	1540.000000	0.0043701 	1540.000000	5.42863e-07	
1560.000000	0.00330762	1560.000000	0.00436685	1560.000000	0.00429825	1560.000000	0.00427643	1560.000000	0.00436632	1560.000000	5.36363e-07	
1580.000000	0.00330552	1580.000000	0.00436335	1580.000000	0.00429266	1580.000000	0.00427083	1580.000000	0.00436282	1580.000000	5.30021e-07	
1600.000000	0.00330366	1600.000000	0.00436014	1600.000000	0.0042873 	1600.000000	0.00426547	1600.000000	0.00435962	1600.000000	5.23833e-07	
1620.000000	0.00330204	1620.000000	0.0043572 	1620.000000	0.00428218	1620.000000	0.00426034	1620.000000	0.00435668	1620.000000	5.17791e-07	
1640.000000	0.00330066	1640.000000	0.00435453	1640.000000	0.00427727	1640.000000	0.00425542	1640.000000	0.00435401	1640.000000	5.11892e-07	
1660.000000	0.0032995 	1660.000000	0.00435211	1660.000000	0.00427256	1660.000000	0.00425071	1660.000000	0.0043516 	1660.000000	5.0613e-07	
1680.000000	0.00329855	1680.000000	0.00434993	1680.000000	0.00426805	1680.000000	0.0042462 	1680.000000	0.00434943	1680.000000	5.00501e-07	
1700.000000	0.00329781	1700.000000	0.00434799	1700.000000	0.00426373	1700.000000	0.00424188	1700.000000	0.0043475 	1700.000000	4.94999e-07	
1750.000000	0.00329684	1750.000000	0.00434413	1750.000000	0.00425371	1750.000000	0.00423188	1750.000000	0.00434365	1750.000000	4.81777e-07	
1800.000000	0.00329704	1800.000000	0.00434158	1800.000000	0.00424469	1800.000000	0.00422292	1800.000000	0.00434111	1800.000000	4.69263e-07	
1850.000000	0.00329832	1850.000000	0.00434024	1850.000000	0.00423659	1850.000000	0.00421492	1850.000000	0.00433978	1850.000000	4.57403e-07	
1900.000000	0.00330061	1900.000000	0.00434001	1900.000000	0.00422933	1900.000000	0.00420778	1900.000000	0.00433956	1900.000000	4.46145e-07	
1950.000000	0.00330383	1950.000000	0.0043408 	1950.000000	0.00422287	1950.000000	0.00420142	1950.000000	0.00434037	1950.000000	4.35446e-07	
2000.000000	0.00330793	2000.000000	0.00434255	2000.000000	0.00421715	2000.000000	0.00419578	2000.000000	0.00434213	2000.000000	4.25262e-07	
2100.000000	0.00331852	2100.000000	0.00434863	2100.000000	0.0042077 	2100.000000	0.00418641	2100.000000	0.00434822	2100.000000	4.06302e-07	
2200.000000	0.00333199	2200.000000	0.00435776	2200.000000	0.00420053	2200.000000	0.00417925	2200.000000	0.00435737	2200.000000	3.89008e-07	
2300.000000	0.003348  	2300.000000	0.00436954	2300.000000	0.00419522	2300.000000	0.00417394	2300.000000	0.00436917	2300.000000	3.73168e-07	
2400.000000	0.00336627	2400.000000	0.00438364	2400.000000	0.00419145	2400.000000	0.00417021	2400.000000	0.00438328	2400.000000	3.58605e-07	
2500.000000	0.00338657	2500.000000	0.00439978	2500.000000	0.00418897	2500.000000	0.00416781	2500.000000	0.00439944	2500.000000	3.45167e-07	
2600.000000	0.0034087 	2600.000000	0.00441773	2600.000000	0.00418761	2600.000000	0.00416656	2600.000000	0.0044174 	2600.000000	3.32729e-07	
2700.000000	0.00343248	2700.000000	0.00443728	2700.000000	0.00418724	2700.000000	0.00416629	2700.000000	0.00443696	2700.000000	3.21182e-07	
2800.000000	0.00345778	2800.000000	0.00445825	2800.000000	0.00418772	2800.000000	0.00416685	2800.000000	0.00445794	2800.000000	3.10433e-07	
2900.000000	0.00348446	2900.000000	0.0044805 	2900.000000	0.00418895	2900.000000	0.00416814	2900.000000	0.0044802 	2900.000000	3.004e-07 	
3000.000000	0.00351241	3000.000000	0.0045039 	3000.000000	0.00419084	3000.000000	0.00417005	3000.000000	0.00450361	3000.000000	2.91015e-07	
3200.000000	0.00357173	3200.000000	0.0045537 	3200.000000	0.00419618	3200.000000	0.00417541	3200.000000	0.00455343	3200.000000	2.73946e-07	
3400.000000	0.00363511	3400.000000	0.0046069 	3400.000000	0.00420316	3400.000000	0.00418238	3400.000000	0.00460665	3400.000000	2.58822e-07	
3600.000000	0.00370202	3600.000000	0.00466292	3600.000000	0.00421132	3600.000000	0.00419055	3600.000000	0.00466267	3600.000000	2.45325e-07	
3800.000000	0.00377206	3800.000000	0.00472129	3800.000000	0.00422036	3800.000000	0.00419962	3800.000000	0.00472105	3800.000000	2.33203e-07	
4000.000000	0.0038449 	4000.000000	0.00478164	4000.000000	0.00423004	4000.000000	0.00420934	4000.000000	0.00478141	4000.000000	2.22255e-07	
4200.000000	0.00392028	4200.000000	0.00484367	4200.000000	0.0042402 	4200.000000	0.00421955	4200.000000	0.00484346	4200.000000	2.12317e-07	
4400.000000	0.00399796	4400.000000	0.00490715	4400.000000	0.00425069	4400.000000	0.0042301 	4400.000000	0.00490694	4400.000000	2.03253e-07	
4600.000000	0.00407778	4600.000000	0.00497186	4600.000000	0.00426142	4600.000000	0.00424088	4600.000000	0.00497166	4600.000000	1.94953e-07	
4800.000000	0.00415957	4800.000000	0.00503764	4800.000000	0.0042723 	4800.000000	0.00425181	4800.000000	0.00503746	4800.000000	1.87322e-07	
5000.000000	0.0042432 	5000.000000	0.00510436	5000.000000	0.00428326	5000.000000	0.00426281	5000.000000	0.00510418	5000.000000	1.80283e-07	
5250.000000	0.00435017	5250.000000	0.00518888	5250.000000	0.00429701	5250.000000	0.00427661	5250.000000	0.00518871	5250.000000	1.72214e-07	
5500.000000	0.00445966	5500.000000	0.00527448	5500.000000	0.00431072	5500.000000	0.00429036	5500.000000	0.00527432	5500.000000	1.64856e-07	
6000.000000	0.00468565	6000.000000	0.0054483 	6000.000000	0.00433786	6000.000000	0.00431756	6000.000000	0.00544815	6000.000000	1.51923e-07	
6500.000000	0.00492023	6500.000000	0.00562483	6500.000000	0.00436436	6500.000000	0.00434411	6500.000000	0.00562469	6500.000000	1.40921e-07	
7000.000000	0.00516271	7000.000000	0.00580339	7000.000000	0.00439005	7000.000000	0.00436984	7000.000000	0.00580325	7000.000000	1.31443e-07	
7500.000000	0.00541259	7500.000000	0.00598346	7500.000000	0.00441486	7500.000000	0.00439468	7500.000000	0.00598334	7500.000000	1.23191e-07	
8000.000000	0.00566949	8000.000000	0.00616469	8000.000000	0.00443879	8000.000000	0.00441862	8000.000000	0.00616458	8000.000000	1.1594e-07	
8500.000000	0.00593312	8500.000000	0.0063468 	8500.000000	0.00446179	8500.000000	0.00444167	8500.000000	0.00634669	8500.000000	1.09516e-07	
9000.000000	0.00620325	9000.000000	0.00652957	9000.000000	0.00448388	9000.000000	0.00446384	9000.000000	0.00652946	9000.000000	1.03784e-07	
9500.000000	0.0064797 	9500.000000	0.00671283	9500.000000	0.00450516	9500.000000	0.00448518	9500.000000	0.00671273	9500.000000	9.86381e-08	
10000.000000	0.00676234	10000.000000	0.00689646	10000.000000	0.00452568	10000.000000	0.00450571	10000.000000	0.00689637	10000.000000	9.3991e-08	
11000.000000	0.00734571	11000.000000	0.00726446	11000.000000	0.0045645 	11000.000000	0.00454455	11000.000000	0.00726437	11000.000000	8.59276e-08	
12000.000000	0.00795268	12000.000000	0.00763295	12000.000000	0.00460055	12000.000000	0.00458067	12000.000000	0.00763287	12000.000000	7.91697e-08	
13000.000000	0.00858279	13000.000000	0.00800157	13000.000000	0.00463411	13000.000000	0.00461438	13000.000000	0.00800149	13000.000000	7.34217e-08	
14000.000000	0.00923575	14000.000000	0.00837005	14000.000000	0.00466544	14000.000000	0.00464593	14000.000000	0.00836998	14000.000000	6.84712e-08	
15000.000000	0.00991135	15000.000000	0.00873824	15000.000000	0.00469482	15000.000000	0.00467556	15000.000000	0.00873817	15000.000000	6.41619e-08	
16000.000000	0.0106094 	16000.000000	0.00910601	16000.000000	0.00472251	16000.000000	0.00470346	16000.000000	0.00910595	16000.000000	6.03758e-08	
17000.000000	0.01133   	17000.000000	0.0094733 	17000.000000	0.00474869	17000.000000	0.00472982	17000.000000	0.00947324	17000.000000	5.70224e-08	
18000.000000	0.0120729 	18000.000000	0.00984005	18000.000000	0.00477352	18000.000000	0.00475477	18000.000000	0.00983999	18000.000000	5.40308e-08	
19000.000000	0.0128382 	19000.000000	0.0102062 	19000.000000	0.00479712	19000.000000	0.00477846	19000.000000	0.0102062 	19000.000000	5.13451e-08	
20000.000000	0.0136259 	20000.000000	0.0105718 	20000.000000	0.0048196 	20000.000000	0.004801  	20000.000000	0.0105718 	20000.000000	4.89203e-08	
21000.000000	0.014436  	21000.000000	0.0109368 	21000.000000	0.00484099	21000.000000	0.00482249	21000.000000	0.0109368 	21000.000000	4.67198e-08	
22000.000000	0.0152686 	22000.000000	0.0113012 	22000.000000	0.00486126	22000.000000	0.00484302	22000.000000	0.0113012 	22000.000000	4.47136e-08	
23000.000000	0.0161238 	23000.000000	0.011665  	23000.000000	0.00488066	23000.000000	0.00486267	23000.000000	0.0116649 	23000.000000	4.28769e-08	
24000.000000	0.0170015 	24000.000000	0.0120282 	24000.000000	0.00489928	24000.000000	0.0048815 	24000.000000	0.0120281 	24000.000000	4.11888e-08	
25000.000000	0.0179019 	25000.000000	0.0123908 	25000.000000	0.00491712	25000.000000	0.00489958	25000.000000	0.0123908 	25000.000000	3.9632e-08	
26000.000000	0.0188251 	26000.000000	0.0127528 	26000.000000	0.00493428	26000.000000	0.00491696	26000.000000	0.0127528 	26000.000000	3.81915e-08	
27000.000000	0.0197711 	27000.000000	0.0131143 	27000.000000	0.00495085	27000.000000	0.0049337 	27000.000000	0.0131142 	27000.000000	3.68546e-08	
28000.000000	0.0207401 	28000.000000	0.0134752 	28000.000000	0.00496681	28000.000000	0.00494984	28000.000000	0.0134751 	28000.000000	3.56105e-08	
29000.000000	0.0217321 	29000.000000	0.0138355 	29000.000000	0.00498218	29000.000000	0.00496541	29000.000000	0.0138355 	29000.000000	3.44497e-08	
30000.000000	0.0227473 	30000.000000	0.0141953 	30000.000000	0.00499699	30000.000000	0.00498046	30000.000000	0.0141953 	30000.000000	3.33642e-08	
32000.000000	0.0248475 	32000.000000	0.0149134 	32000.000000	0.00502507	32000.000000	0.00500912	32000.000000	0.0149134 	32000.000000	3.13909e-08	
34000.000000	0.0270415 	34000.000000	0.0156294 	34000.000000	0.00505136	34000.000000	0.00503603	34000.000000	0.0156294 	34000.000000	2.96434e-08	
36000.000000	0.0293304 	36000.000000	0.0163435 	36000.000000	0.00507609	36000.000000	0.00506141	36000.000000	0.0163435 	36000.000000	2.80848e-08	
38000.000000	0.031715  	38000.000000	0.0170558 	38000.000000	0.00509947	38000.000000	0.0050854 	38000.000000	0.0170558 	38000.000000	2.66856e-08	
40000.000000	0.0341964 	40000.000000	0.0177663 	40000.000000	0.00512159	40000.000000	0.00510815	40000.000000	0.0177663 	40000.000000	2.54226e-08	
42000.000000	0.0367754 	42000.000000	0.0184752 	42000.000000	0.00514256	42000.000000	0.00512978	42000.000000	0.0184752 	42000.000000	2.42765e-08	
44000.000000	0.0394532 	44000.000000	0.0191824 	44000.000000	0.00516247	44000.000000	0.00515039	44000.000000	0.0191824 	44000.000000	2.32317e-08	
46000.000000	0.0422308 	46000.000000	0.0198881 	46000.000000	0.00518141	46000.000000	0.00517007	46000.000000	0.019888  	46000.000000	2.22753e-08	
48000.000000	0.0451091 	48000.000000	0.0205922 	48000.000000	0.00519947	48000.000000	0.0051889 	48000.000000	0.0205922 	48000.000000	2.13964e-08	
50000.000000	0.0480893 	50000.000000	0.021295  	50000.000000	0.00521671	50000.000000	0.00520696	50000.000000	0.021295  	50000.000000	2.05859e-08	
