*Energy (MeV/u)1	0 - [He-base] F.Hubert et al, AD&ND Tables 46(1990)1	Energy (MeV/u)2	1 - [H -base] J.F.Ziegler et al, Pergamon Press, NY (low energy)	Energy (MeV/u)3	2 - ATIMA 1.2  LS-theory (recommended for high energy)	Energy (MeV/u)4	3 - ATIMA 1.2  without LS-correction	Energy (MeV/u)5	4 - electrical component of [1] - J.F.Ziegler et al	Energy (MeV/u)6	5 - nuclear component of [1] - J.F.Ziegler et al	
0.001000	0.0846639 	0.001000	0.108066  	0.001000	0.108725  	0.001000	0.108725  	0.001000	0.0639314 	0.001000	0.0441346 	
0.002000	0.0934301 	0.002000	0.114892  	0.002000	0.116759  	0.002000	0.116759  	0.002000	0.0829088 	0.002000	0.0319831 	
0.005000	0.115292  	0.005000	0.135668  	0.005000	0.140636  	0.005000	0.140636  	0.005000	0.116904  	0.005000	0.0187646 	
0.008000	0.132268  	0.008000	0.153196  	0.008000	0.160804  	0.008000	0.160804  	0.008000	0.139435  	0.008000	0.0137606 	
0.010000	0.14184   	0.010000	0.163353  	0.010000	0.172564  	0.010000	0.172564  	0.010000	0.151605  	0.010000	0.011748  	
0.015000	0.16615   	0.015000	0.187111  	0.015000	0.196265  	0.015000	0.196265  	0.015000	0.178366  	0.015000	0.00874506	
0.020000	0.185617  	0.020000	0.207883  	0.020000	0.217324  	0.020000	0.217324  	0.020000	0.200813  	0.020000	0.00707007	
0.025000	0.20751   	0.025000	0.231949  	0.025000	0.23751   	0.025000	0.23751   	0.025000	0.225976  	0.025000	0.00597332	
0.030000	0.226105  	0.030000	0.254629  	0.030000	0.258331  	0.030000	0.258331  	0.030000	0.249435  	0.030000	0.00519378	
0.035000	0.241411  	0.035000	0.275816  	0.035000	0.277952  	0.035000	0.277952  	0.035000	0.271208  	0.035000	0.00460836	
0.040000	0.253479  	0.040000	0.295503  	0.040000	0.296414  	0.040000	0.296414  	0.040000	0.291352  	0.040000	0.00415097	
0.045000	0.262373  	0.045000	0.313681  	0.045000	0.313751  	0.045000	0.313751  	0.045000	0.309898  	0.045000	0.00378279	
0.050000	0.267868  	0.050000	0.329804  	0.050000	0.329994  	0.050000	0.329994  	0.050000	0.326325  	0.050000	0.00347941	
0.055000	0.279215  	0.055000	0.347039  	0.055000	0.345173  	0.055000	0.345173  	0.055000	0.343814  	0.055000	0.00322469	
0.060000	0.28878   	0.060000	0.363062  	0.060000	0.359318  	0.060000	0.359318  	0.060000	0.360054  	0.060000	0.00300752	
0.070000	0.303097  	0.070000	0.391499  	0.070000	0.384645  	0.070000	0.384645  	0.070000	0.388843  	0.070000	0.00265615	
0.080000	0.318376  	0.080000	0.414855  	0.080000	0.406259  	0.080000	0.406259  	0.080000	0.412471  	0.080000	0.00238346	
0.090000	0.329762  	0.090000	0.433825  	0.090000	0.424472  	0.090000	0.424472  	0.090000	0.43166   	0.090000	0.00216514	
0.100000	0.338234  	0.100000	0.448832  	0.100000	0.439608  	0.100000	0.439608  	0.100000	0.446846  	0.100000	0.00198608	
0.120000	0.341269  	0.120000	0.469852  	0.120000	0.461934  	0.120000	0.461934  	0.120000	0.468143  	0.120000	0.00170907	
0.140000	0.340891  	0.140000	0.480821  	0.140000	0.475681  	0.140000	0.475681  	0.140000	0.479317  	0.140000	0.00150406	
0.160000	0.341373  	0.160000	0.4871    	0.160000	0.482969  	0.160000	0.482969  	0.160000	0.485755  	0.160000	0.00134571	
0.180000	0.343382  	0.180000	0.491392  	0.180000	0.485528  	0.180000	0.485528  	0.180000	0.490173  	0.180000	0.00121945	
0.200000	0.345163  	0.200000	0.491797  	0.200000	0.484714  	0.200000	0.484714  	0.200000	0.490681  	0.200000	0.00111623	
0.250000	0.340945  	0.250000	0.484465  	0.250000	0.474043  	0.250000	0.474043  	0.250000	0.483541  	0.250000	0.000924708	
0.300000	0.339541  	0.300000	0.476176  	0.300000	0.457992  	0.300000	0.457992  	0.300000	0.475384  	0.300000	0.000792192	
0.350000	0.337589  	0.350000	0.467185  	0.350000	0.443833  	0.350000	0.443833  	0.350000	0.46649   	0.350000	0.000694676	
0.400000	0.337139  	0.400000	0.461639  	0.400000	0.430116  	0.400000	0.430116  	0.400000	0.461019  	0.400000	0.000619708	
0.450000	0.33477   	0.450000	0.455258  	0.450000	0.416526  	0.450000	0.416526  	0.450000	0.454698  	0.450000	0.000560155	
0.500000	0.330525  	0.500000	0.447786  	0.500000	0.403424  	0.500000	0.403424  	0.500000	0.447274  	0.500000	0.000511629	
0.600000	0.307877  	0.600000	0.419344  	0.600000	0.378927  	0.600000	0.378927  	0.600000	0.418906  	0.600000	0.000437159	
0.700000	0.284157  	0.700000	0.392401  	0.700000	0.357992  	0.700000	0.357992  	0.700000	0.392019  	0.700000	0.000382535	
0.800000	0.270799  	0.800000	0.366722  	0.800000	0.339809  	0.800000	0.339809  	0.800000	0.366381  	0.800000	0.000340651	
0.900000	0.258152  	0.900000	0.343829  	0.900000	0.323747  	0.900000	0.323747  	0.900000	0.343522  	0.900000	0.000307452	
1.000000	0.246336  	1.000000	0.323283  	1.000000	0.309361  	1.000000	0.309361  	1.000000	0.323002  	1.000000	0.000280452	
1.250000	0.218903  	1.250000	0.287035  	1.250000	0.277606  	1.250000	0.277606  	1.250000	0.286804  	1.250000	0.000230707	
1.500000	0.196759  	1.500000	0.258819  	1.500000	0.252414  	1.500000	0.252414  	1.500000	0.258623  	1.500000	0.000196576	
1.750000	0.178675  	1.750000	0.236264  	1.750000	0.231711  	1.750000	0.231711  	1.750000	0.236092  	1.750000	0.000171625	
2.000000	0.16277   	2.000000	0.216533  	2.000000	0.214215  	2.000000	0.214215  	2.000000	0.216381  	2.000000	0.000152545	
2.250000	0.149656  	2.250000	0.198656  	2.250000	0.199177  	2.250000	0.199177  	2.250000	0.198519  	2.250000	0.000137456	
2.500000	0.13586   	2.500000	0.183919  	2.500000	0.186101  	2.500000	0.186101  	2.500000	0.183794  	2.500000	0.000125208	
3.000000	0.119922  	3.000000	0.160744  	3.000000	0.164502  	3.000000	0.164502  	3.000000	0.160637  	3.000000	0.000106501	
3.500000	0.107516  	3.500000	0.1431    	3.500000	0.147408  	3.500000	0.147408  	3.500000	0.143008  	3.500000	9.28517e-05	
4.000000	0.097573  	4.000000	0.129091  	4.000000	0.133577  	4.000000	0.133577  	4.000000	0.129009  	4.000000	8.24318e-05	
4.500000	0.0894173 	4.500000	0.117649  	4.500000	0.122179  	4.500000	0.122179  	4.500000	0.117575  	4.500000	7.42031e-05	
5.000000	0.0826005 	5.000000	0.108111  	5.000000	0.112633  	5.000000	0.112633  	5.000000	0.108043  	5.000000	6.75317e-05	
5.500000	0.0768136 	5.500000	0.100147  	5.500000	0.104527  	5.500000	0.104527  	5.500000	0.100085  	5.500000	6.20085e-05	
6.000000	0.0718362 	6.000000	0.0933119 	6.000000	0.0975589 	6.000000	0.0975589 	6.000000	0.0932546 	6.000000	5.73565e-05	
6.500000	0.0675073 	6.500000	0.0873799 	6.500000	0.0915051 	6.500000	0.0915051 	6.500000	0.0873265 	6.500000	5.33822e-05	
7.000000	0.0637059 	7.000000	0.0821819 	7.000000	0.0861959 	7.000000	0.0861959 	7.000000	0.0821319 	7.000000	4.99455e-05	
7.500000	0.0603397 	7.500000	0.0775888 	7.500000	0.0815009 	7.500000	0.0815009 	7.500000	0.0775418 	7.500000	4.69428e-05	
8.000000	0.057337  	8.000000	0.0735001 	8.000000	0.0773182 	8.000000	0.0773182 	8.000000	0.0734558 	8.000000	4.42956e-05	
8.500000	0.0546409 	8.500000	0.0698364 	8.500000	0.0735674 	8.500000	0.0735674 	8.500000	0.0697945 	8.500000	4.19435e-05	
9.000000	0.0522061 	9.000000	0.0665342 	9.000000	0.0701838 	9.000000	0.0701838 	9.000000	0.0664944 	9.000000	3.9839e-05	
9.500000	0.0499958 	9.500000	0.063542  	9.500000	0.0671154 	9.500000	0.0671154 	9.500000	0.0635041 	9.500000	3.79445e-05	
10.000000	0.0479797 	10.000000	0.0629641 	10.000000	0.0643193 	10.000000	0.0643193 	10.000000	0.0629279 	10.000000	3.62296e-05	
11.000000	0.0444347 	11.000000	0.058373  	11.000000	0.0593442 	11.000000	0.0593609 	11.000000	0.0583397 	11.000000	3.3244e-05	
12.000000	0.0414165 	12.000000	0.0544459 	12.000000	0.0551261 	12.000000	0.0551532 	12.000000	0.0544152 	12.000000	3.07314e-05	
13.000000	0.038814  	13.000000	0.0510479 	13.000000	0.0515041 	13.000000	0.0515375 	13.000000	0.0510193 	13.000000	2.85863e-05	
14.000000	0.0365457 	14.000000	0.0480778 	14.000000	0.0483599 	14.000000	0.048397  	14.000000	0.0480511 	14.000000	2.67326e-05	
15.000000	0.0345502 	15.000000	0.045459  	15.000000	0.0456048 	15.000000	0.0456441 	15.000000	0.0454339 	15.000000	2.51139e-05	
16.000000	0.0327802 	16.000000	0.043132  	16.000000	0.0431718 	16.000000	0.0432114 	16.000000	0.0431083 	16.000000	2.36876e-05	
17.000000	0.0311991 	17.000000	0.0410501 	17.000000	0.0410079 	17.000000	0.0410466 	17.000000	0.0410277 	17.000000	2.2421e-05	
18.000000	0.0297776 	18.000000	0.0391761 	18.000000	0.0390708 	18.000000	0.0391082 	18.000000	0.0391548 	18.000000	2.12883e-05	
19.000000	0.0284923 	19.000000	0.03748   	19.000000	0.0373266 	19.000000	0.0373629 	19.000000	0.0374597 	19.000000	2.0269e-05	
20.000000	0.0273243 	20.000000	0.0359373 	20.000000	0.0357481 	20.000000	0.0357837 	20.000000	0.0359179 	20.000000	1.93467e-05	
21.000000	0.0262579 	21.000000	0.0345278 	21.000000	0.0343138 	21.000000	0.0343484 	21.000000	0.0345093 	21.000000	1.8508e-05	
22.000000	0.0252802 	22.000000	0.0332348 	22.000000	0.0330065 	22.000000	0.0330388 	22.000000	0.033217  	22.000000	1.77419e-05	
23.000000	0.0243804 	23.000000	0.0320442 	23.000000	0.0318104 	23.000000	0.0318395 	23.000000	0.0320271 	23.000000	1.70392e-05	
24.000000	0.0235494 	24.000000	0.0309441 	24.000000	0.0307112 	24.000000	0.0307376 	24.000000	0.0309277 	24.000000	1.63923e-05	
25.000000	0.0227794 	25.000000	0.0299245 	25.000000	0.0296977 	25.000000	0.0297221 	25.000000	0.0299087 	25.000000	1.57946e-05	
27.000000	0.0213971 	27.000000	0.0280933 	27.000000	0.0278942 	27.000000	0.0279144 	27.000000	0.0280786 	27.000000	1.4726e-05	
29.000000	0.0201908 	29.000000	0.0264948 	29.000000	0.0263408 	29.000000	0.026356  	29.000000	0.026481  	29.000000	1.3798e-05	
31.000000	0.0191284 	31.000000	0.0250867 	31.000000	0.024968  	31.000000	0.0249772 	31.000000	0.0250737 	31.000000	1.29842e-05	
33.000000	0.0181852 	33.000000	0.0238365 	33.000000	0.023731  	33.000000	0.0237346 	33.000000	0.0238242 	33.000000	1.22647e-05	
35.000000	0.0173419 	35.000000	0.0227186 	35.000000	0.0226225 	35.000000	0.0226237 	35.000000	0.022707  	35.000000	1.16236e-05	
38.000000	0.0162313 	38.000000	0.021247  	38.000000	0.0211652 	38.000000	0.0211609 	38.000000	0.0212362 	38.000000	1.07828e-05	
41.000000	0.0152718 	41.000000	0.019976  	41.000000	0.0199049 	41.000000	0.0198974 	41.000000	0.0199659 	41.000000	1.00597e-05	
44.000000	0.0144341 	44.000000	0.0188667 	44.000000	0.0188036 	44.000000	0.0187943 	44.000000	0.0188573 	44.000000	9.43089e-06	
47.000000	0.0136958 	47.000000	0.0178898 	47.000000	0.0178336 	47.000000	0.0178225 	47.000000	0.0178809 	47.000000	8.8788e-06	
50.000000	0.01304   	50.000000	0.0170226 	50.000000	0.0169717 	50.000000	0.0169595 	50.000000	0.0170142 	50.000000	8.39006e-06	
55.000000	0.0120952 	55.000000	0.0157746 	55.000000	0.0157333 	55.000000	0.015717  	55.000000	0.015767  	55.000000	7.68892e-06	
60.000000	0.0112974 	60.000000	0.0147224 	60.000000	0.0146859 	60.000000	0.0146687 	60.000000	0.0147153 	60.000000	7.09972e-06	
65.000000	0.0106142 	65.000000	0.0138226 	65.000000	0.0137885 	65.000000	0.0137717 	65.000000	0.013816  	65.000000	6.59736e-06	
70.000000	0.0100221 	70.000000	0.0130441 	70.000000	0.013013  	70.000000	0.0129952 	70.000000	0.0130379 	70.000000	6.16375e-06	
75.000000	0.00950367	75.000000	0.0123636 	75.000000	0.0123346 	75.000000	0.0123161 	75.000000	0.0123578 	75.000000	5.78553e-06	
80.000000	0.00904566	80.000000	0.0117636 	80.000000	0.011736  	80.000000	0.0117169 	80.000000	0.0117581 	80.000000	5.45261e-06	
85.000000	0.0086379 	85.000000	0.0112304 	85.000000	0.0112038 	85.000000	0.0111842 	85.000000	0.0112252 	85.000000	5.15722e-06	
90.000000	0.00827238	90.000000	0.0107533 	90.000000	0.0107261 	90.000000	0.0107075 	90.000000	0.0107484 	90.000000	4.89328e-06	
95.000000	0.00794271	95.000000	0.0103238 	95.000000	0.0102971 	95.000000	0.0102781 	95.000000	0.0103192 	95.000000	4.65597e-06	
100.000000	0.00764374	100.000000	0.00993512	100.000000	0.00990874	100.000000	0.0098894 	100.000000	0.00993067	100.000000	4.4414e-06	
105.000000	0.00737129	105.000000	0.00958159	105.000000	0.00955545	105.000000	0.00953576	105.000000	0.00957735	105.000000	4.24643e-06	
110.000000	0.00712189	110.000000	0.00925863	110.000000	0.00923161	110.000000	0.00921262	110.000000	0.00925456	110.000000	4.06844e-06	
115.000000	0.00689268	115.000000	0.0089624 	115.000000	0.00893497	115.000000	0.00891616	115.000000	0.0089585 	115.000000	3.90529e-06	
120.000000	0.00668122	120.000000	0.00868969	120.000000	0.00866244	120.000000	0.00864319	120.000000	0.00868593	120.000000	3.75517e-06	
125.000000	0.0064855 	125.000000	0.00843777	125.000000	0.00841014	125.000000	0.00839101	125.000000	0.00843416	125.000000	3.61658e-06	
130.000000	0.00630376	130.000000	0.00820435	130.000000	0.0081758 	130.000000	0.00815732	130.000000	0.00820086	130.000000	3.4882e-06	
135.000000	0.00613454	135.000000	0.00798744	135.000000	0.00795864	135.000000	0.00794014	135.000000	0.00798407	135.000000	3.36894e-06	
140.000000	0.00597653	140.000000	0.00778533	140.000000	0.0077566 	140.000000	0.00773777	140.000000	0.00778207	140.000000	3.25786e-06	
145.000000	0.00582865	145.000000	0.00759656	145.000000	0.00756748	145.000000	0.00754876	145.000000	0.00759341	145.000000	3.15412e-06	
150.000000	0.00568991	150.000000	0.00741984	150.000000	0.00738996	150.000000	0.0073718 	150.000000	0.00741678	150.000000	3.05702e-06	
155.000000	0.00549456	155.000000	0.00725404	155.000000	0.00722393	155.000000	0.00720579	155.000000	0.00725107	155.000000	2.96592e-06	
160.000000	0.00538007	160.000000	0.00709818	160.000000	0.0070679 	160.000000	0.00704974	160.000000	0.0070953 	160.000000	2.88029e-06	
165.000000	0.00527209	165.000000	0.00695138	165.000000	0.00692045	165.000000	0.00690277	165.000000	0.00694858	165.000000	2.79964e-06	
170.000000	0.0051701 	170.000000	0.00681288	170.000000	0.00678159	170.000000	0.00676412	170.000000	0.00681015	170.000000	2.72354e-06	
175.000000	0.00507359	175.000000	0.00668198	175.000000	0.00665074	175.000000	0.0066331 	175.000000	0.00667933	175.000000	2.65161e-06	
180.000000	0.00498213	180.000000	0.00655809	180.000000	0.00652691	180.000000	0.00650909	180.000000	0.0065555 	180.000000	2.58352e-06	
185.000000	0.00489532	185.000000	0.00644064	185.000000	0.00640925	185.000000	0.00639156	185.000000	0.00643812	185.000000	2.51896e-06	
190.000000	0.00481282	190.000000	0.00632915	190.000000	0.00629728	190.000000	0.00628001	190.000000	0.00632669	190.000000	2.45766e-06	
195.000000	0.00473432	195.000000	0.00622317	195.000000	0.00619111	195.000000	0.00617399	195.000000	0.00622077	195.000000	2.39937e-06	
200.000000	0.00465951	200.000000	0.00612231	200.000000	0.00609034	200.000000	0.0060731 	200.000000	0.00611997	200.000000	2.34389e-06	
210.000000	0.00452001	210.000000	0.00593453	210.000000	0.00590204	210.000000	0.00588533	210.000000	0.00593229	210.000000	2.24053e-06	
220.000000	0.00439251	220.000000	0.00576328	220.000000	0.00573088	220.000000	0.00571416	220.000000	0.00576113	220.000000	2.14621e-06	
230.000000	0.00427551	230.000000	0.00560648	230.000000	0.00557381	230.000000	0.0055575 	230.000000	0.00560442	230.000000	2.05976e-06	
240.000000	0.00416777	240.000000	0.00546239	240.000000	0.00542976	240.000000	0.00541361	240.000000	0.00546041	240.000000	1.98024e-06	
250.000000	0.00406821	250.000000	0.00532952	250.000000	0.00529736	250.000000	0.005281  	250.000000	0.00532762	250.000000	1.90684e-06	
260.000000	0.00397594	260.000000	0.00520663	260.000000	0.00517453	260.000000	0.00515841	260.000000	0.00520479	260.000000	1.83886e-06	
270.000000	0.00389019	270.000000	0.00509264	270.000000	0.00506054	270.000000	0.00504476	270.000000	0.00509087	270.000000	1.77572e-06	
280.000000	0.00381028	280.000000	0.00498663	280.000000	0.00495498	280.000000	0.00493913	280.000000	0.00498491	280.000000	1.71692e-06	
290.000000	0.00373565	290.000000	0.00488779	290.000000	0.00485619	290.000000	0.0048407 	290.000000	0.00488613	290.000000	1.66202e-06	
300.000000	0.00366578	300.000000	0.00479543	300.000000	0.00476416	300.000000	0.00474879	300.000000	0.00479382	300.000000	1.61063e-06	
310.000000	0.00360023	310.000000	0.00470895	310.000000	0.00467815	310.000000	0.00466277	310.000000	0.00470739	310.000000	1.56244e-06	
320.000000	0.00353863	320.000000	0.00462781	320.000000	0.00459715	320.000000	0.00458212	320.000000	0.0046263 	320.000000	1.51714e-06	
330.000000	0.00348063	330.000000	0.00455154	330.000000	0.00452132	330.000000	0.00450635	330.000000	0.00455007	330.000000	1.47448e-06	
340.000000	0.00342592	340.000000	0.00447973	340.000000	0.00445004	340.000000	0.00443505	340.000000	0.00447829	340.000000	1.43423e-06	
350.000000	0.00337424	350.000000	0.004412  	350.000000	0.00438254	350.000000	0.00436784	350.000000	0.0044106 	350.000000	1.3962e-06	
360.000000	0.00332534	360.000000	0.00434802	360.000000	0.00431898	360.000000	0.00430441	360.000000	0.00434666	360.000000	1.3602e-06	
370.000000	0.00327902	370.000000	0.00428749	370.000000	0.00425868	370.000000	0.00424405	370.000000	0.00428617	370.000000	1.32607e-06	
380.000000	0.00323507	380.000000	0.00423017	380.000000	0.00420137	380.000000	0.00418691	380.000000	0.00422887	380.000000	1.29366e-06	
390.000000	0.00319333	390.000000	0.00417579	390.000000	0.00414696	390.000000	0.00413274	390.000000	0.00417453	390.000000	1.26286e-06	
400.000000	0.00315364	400.000000	0.00412416	400.000000	0.00409555	400.000000	0.00408133	400.000000	0.00412292	400.000000	1.23354e-06	
410.000000	0.00311585	410.000000	0.00407507	410.000000	0.00404673	410.000000	0.00403248	410.000000	0.00407386	410.000000	1.20559e-06	
420.000000	0.00307983	420.000000	0.00402835	420.000000	0.00400008	420.000000	0.00398601	420.000000	0.00402717	420.000000	1.17893e-06	
430.000000	0.00304547	430.000000	0.00398384	430.000000	0.00395564	430.000000	0.00394176	430.000000	0.00398268	430.000000	1.15346e-06	
440.000000	0.00301266	440.000000	0.00394139	440.000000	0.00391345	440.000000	0.00389959	440.000000	0.00394026	440.000000	1.1291e-06	
450.000000	0.0029813 	450.000000	0.00390087	450.000000	0.00387325	450.000000	0.00385934	450.000000	0.00389976	450.000000	1.10578e-06	
460.000000	0.0029513 	460.000000	0.00386215	460.000000	0.00383472	460.000000	0.00382092	460.000000	0.00386107	460.000000	1.08344e-06	
470.000000	0.00292258	470.000000	0.00382513	470.000000	0.0037978 	470.000000	0.00378419	470.000000	0.00382407	470.000000	1.06202e-06	
480.000000	0.00289506	480.000000	0.0037897 	480.000000	0.00376257	480.000000	0.00374905	480.000000	0.00378866	480.000000	1.04145e-06	
490.000000	0.00286868	490.000000	0.00375577	490.000000	0.00372897	490.000000	0.00371542	490.000000	0.00375475	490.000000	1.02169e-06	
500.000000	0.00284336	500.000000	0.00372325	500.000000	0.00369677	500.000000	0.0036832 	500.000000	0.00372225	500.000000	1.00269e-06	
520.000000	0.0027957 	520.000000	0.00366212	520.000000	0.00363596	520.000000	0.00362266	520.000000	0.00366115	520.000000	9.6681e-07	
540.000000	0.00275165	540.000000	0.00360573	540.000000	0.00358008	540.000000	0.00356686	540.000000	0.0036048 	540.000000	9.33486e-07	
560.000000	0.00271084	560.000000	0.0035536 	560.000000	0.00352853	560.000000	0.00351531	560.000000	0.0035527 	560.000000	9.02456e-07	
580.000000	0.00267296	580.000000	0.00350529	580.000000	0.00348053	580.000000	0.00346755	580.000000	0.00350442	580.000000	8.73487e-07	
600.000000	0.00263773	600.000000	0.00346043	600.000000	0.00343614	600.000000	0.00342323	600.000000	0.00345959	600.000000	8.46379e-07	
620.000000	0.0026049 	620.000000	0.0034187 	620.000000	0.00339495	620.000000	0.00338201	620.000000	0.00341788	620.000000	8.20956e-07	
640.000000	0.00257426	640.000000	0.00337981	640.000000	0.00335636	640.000000	0.00334359	640.000000	0.00337901	640.000000	7.97065e-07	
660.000000	0.00254563	660.000000	0.00334351	660.000000	0.00332035	660.000000	0.00330774	660.000000	0.00334273	660.000000	7.74569e-07	
680.000000	0.00251883	680.000000	0.00330957	680.000000	0.00328686	680.000000	0.00327421	680.000000	0.00330882	680.000000	7.53348e-07	
700.000000	0.00249371	700.000000	0.00327781	700.000000	0.00325545	700.000000	0.00324282	700.000000	0.00327707	700.000000	7.33295e-07	
720.000000	0.00247015	720.000000	0.00324803	720.000000	0.00322584	720.000000	0.00321338	720.000000	0.00324732	720.000000	7.14317e-07	
740.000000	0.00244802	740.000000	0.00322009	740.000000	0.00319807	740.000000	0.00318573	740.000000	0.0032194 	740.000000	6.96327e-07	
760.000000	0.00242722	760.000000	0.00319385	760.000000	0.0031721 	760.000000	0.00315974	760.000000	0.00319317	760.000000	6.7925e-07	
780.000000	0.00240764	780.000000	0.00316917	780.000000	0.00314765	780.000000	0.00313528	780.000000	0.0031685 	780.000000	6.63017e-07	
800.000000	0.00238921	800.000000	0.00314594	800.000000	0.00312451	800.000000	0.00311222	800.000000	0.00314529	800.000000	6.47566e-07	
820.000000	0.00237184	820.000000	0.00312406	820.000000	0.00310262	820.000000	0.00309047	820.000000	0.00312343	820.000000	6.32842e-07	
840.000000	0.00235547	840.000000	0.00310343	840.000000	0.003082  	840.000000	0.00306992	840.000000	0.00310282	840.000000	6.18794e-07	
860.000000	0.00234002	860.000000	0.00308398	860.000000	0.00306259	860.000000	0.00305051	860.000000	0.00308337	860.000000	6.05376e-07	
880.000000	0.00232544	880.000000	0.00306561	880.000000	0.00304425	880.000000	0.00303214	880.000000	0.00306502	880.000000	5.92546e-07	
900.000000	0.00231167	900.000000	0.00304827	900.000000	0.00302683	900.000000	0.00301474	900.000000	0.00304769	900.000000	5.80266e-07	
920.000000	0.00229866	920.000000	0.00303188	920.000000	0.00301025	920.000000	0.00299826	920.000000	0.00303131	920.000000	5.68501e-07	
940.000000	0.00228637	940.000000	0.00301638	940.000000	0.00299451	940.000000	0.00298263	940.000000	0.00301582	940.000000	5.57218e-07	
960.000000	0.00227475	960.000000	0.00300172	960.000000	0.00297962	960.000000	0.00296779	960.000000	0.00300118	960.000000	5.46389e-07	
980.000000	0.00226377	980.000000	0.00298786	980.000000	0.00296553	980.000000	0.0029537 	980.000000	0.00298732	980.000000	5.35986e-07	
1000.000000	0.00225339	1000.000000	0.00297474	1000.000000	0.00295216	1000.000000	0.00294032	1000.000000	0.00297421	1000.000000	5.25985e-07	
1020.000000	0.00224358	1020.000000	0.00296232	1020.000000	0.00293945	1020.000000	0.00292759	1020.000000	0.0029618 	1020.000000	5.16361e-07	
1040.000000	0.0022343 	1040.000000	0.00295056	1040.000000	0.0029273 	1040.000000	0.00291548	1040.000000	0.00295005	1040.000000	5.07095e-07	
1060.000000	0.00222553	1060.000000	0.00293942	1060.000000	0.0029157 	1060.000000	0.00290395	1060.000000	0.00293892	1060.000000	4.98166e-07	
1080.000000	0.00221724	1080.000000	0.00292888	1080.000000	0.00290464	1080.000000	0.00289297	1080.000000	0.00292839	1080.000000	4.89556e-07	
1100.000000	0.0022094 	1100.000000	0.00291889	1100.000000	0.00289411	1100.000000	0.0028825 	1100.000000	0.00291841	1100.000000	4.81248e-07	
1120.000000	0.002202  	1120.000000	0.00290944	1120.000000	0.0028841 	1120.000000	0.00287253	1120.000000	0.00290896	1120.000000	4.73226e-07	
1140.000000	0.00219501	1140.000000	0.00290048	1140.000000	0.00287459	1140.000000	0.00286301	1140.000000	0.00290002	1140.000000	4.65475e-07	
1160.000000	0.00218842	1160.000000	0.00289201	1160.000000	0.00286554	1160.000000	0.00285394	1160.000000	0.00289155	1160.000000	4.57983e-07	
1180.000000	0.00218219	1180.000000	0.00288398	1180.000000	0.00285689	1180.000000	0.00284527	1180.000000	0.00288353	1180.000000	4.50735e-07	
1200.000000	0.00217633	1200.000000	0.00287639	1200.000000	0.00284861	1200.000000	0.002837  	1200.000000	0.00287595	1200.000000	4.43721e-07	
1220.000000	0.0021708 	1220.000000	0.00286921	1220.000000	0.00284068	1220.000000	0.0028291 	1220.000000	0.00286877	1220.000000	4.36928e-07	
1240.000000	0.00216559	1240.000000	0.00286242	1240.000000	0.00283308	1240.000000	0.00282155	1240.000000	0.00286199	1240.000000	4.30347e-07	
1260.000000	0.0021607 	1260.000000	0.002856  	1260.000000	0.00282581	1260.000000	0.00281434	1260.000000	0.00285557	1260.000000	4.23968e-07	
1280.000000	0.0021561 	1280.000000	0.00284993	1280.000000	0.00281885	1280.000000	0.00280744	1280.000000	0.00284952	1280.000000	4.17781e-07	
1300.000000	0.00215179	1300.000000	0.00284421	1300.000000	0.00281221	1300.000000	0.00280084	1300.000000	0.0028438 	1300.000000	4.11777e-07	
1320.000000	0.00214775	1320.000000	0.00283881	1320.000000	0.00280588	1320.000000	0.00279453	1320.000000	0.0028384 	1320.000000	4.05949e-07	
1340.000000	0.00214397	1340.000000	0.00283372	1340.000000	0.00279984	1340.000000	0.0027885 	1340.000000	0.00283332	1340.000000	4.00289e-07	
1360.000000	0.00214044	1360.000000	0.00282892	1360.000000	0.00279407	1360.000000	0.00278272	1360.000000	0.00282853	1360.000000	3.9479e-07	
1380.000000	0.00213714	1380.000000	0.00282441	1380.000000	0.00278856	1380.000000	0.0027772 	1380.000000	0.00282402	1380.000000	3.89444e-07	
1400.000000	0.00213408	1400.000000	0.00282017	1400.000000	0.00278328	1400.000000	0.00277191	1400.000000	0.00281979	1400.000000	3.84246e-07	
1420.000000	0.00213124	1420.000000	0.00281619	1420.000000	0.00277822	1420.000000	0.00276684	1420.000000	0.00281581	1420.000000	3.79189e-07	
1440.000000	0.00212861	1440.000000	0.00281246	1440.000000	0.00277337	1440.000000	0.00276199	1440.000000	0.00281209	1440.000000	3.74268e-07	
1460.000000	0.00212619	1460.000000	0.00280897	1460.000000	0.0027687 	1460.000000	0.00275735	1460.000000	0.0028086 	1460.000000	3.69477e-07	
1480.000000	0.00212396	1480.000000	0.00280571	1480.000000	0.00276423	1480.000000	0.0027529 	1480.000000	0.00280534	1480.000000	3.6481e-07	
1500.000000	0.00212192	1500.000000	0.00280267	1500.000000	0.00275993	1500.000000	0.00274864	1500.000000	0.00280231	1500.000000	3.60264e-07	
1520.000000	0.00212006	1520.000000	0.00279984	1520.000000	0.00275581	1520.000000	0.00274457	1520.000000	0.00279948	1520.000000	3.55834e-07	
1540.000000	0.00211839	1540.000000	0.00279722	1540.000000	0.00275187	1540.000000	0.00274066	1540.000000	0.00279687	1540.000000	3.51514e-07	
1560.000000	0.00211688	1560.000000	0.00279479	1560.000000	0.00274809	1560.000000	0.00273692	1560.000000	0.00279444	1560.000000	3.47302e-07	
1580.000000	0.00211553	1580.000000	0.00279255	1580.000000	0.00274448	1580.000000	0.00273333	1580.000000	0.00279221	1580.000000	3.43192e-07	
1600.000000	0.00211434	1600.000000	0.00279049	1600.000000	0.00274103	1600.000000	0.0027299 	1600.000000	0.00279016	1600.000000	3.39182e-07	
1620.000000	0.00211331	1620.000000	0.00278861	1620.000000	0.00273773	1620.000000	0.00272662	1620.000000	0.00278828	1620.000000	3.35267e-07	
1640.000000	0.00211242	1640.000000	0.0027869 	1640.000000	0.00273458	1640.000000	0.00272347	1640.000000	0.00278657	1640.000000	3.31444e-07	
1660.000000	0.00211168	1660.000000	0.00278535	1660.000000	0.00273157	1660.000000	0.00272045	1660.000000	0.00278502	1660.000000	3.2771e-07	
1680.000000	0.00211107	1680.000000	0.00278396	1680.000000	0.00272869	1680.000000	0.00271757	1680.000000	0.00278363	1680.000000	3.24062e-07	
1700.000000	0.0021106 	1700.000000	0.00278272	1700.000000	0.00272594	1700.000000	0.0027148 	1700.000000	0.0027824 	1700.000000	3.20497e-07	
1750.000000	0.00210998	1750.000000	0.00278025	1750.000000	0.00271955	1750.000000	0.0027084 	1750.000000	0.00277993	1750.000000	3.11929e-07	
1800.000000	0.0021101 	1800.000000	0.00277861	1800.000000	0.00271382	1800.000000	0.00270267	1800.000000	0.00277831	1800.000000	3.03821e-07	
1850.000000	0.00211093	1850.000000	0.00277776	1850.000000	0.00270866	1850.000000	0.00269755	1850.000000	0.00277746	1850.000000	2.96136e-07	
1900.000000	0.00211239	1900.000000	0.00277761	1900.000000	0.00270403	1900.000000	0.00269298	1900.000000	0.00277732	1900.000000	2.88842e-07	
1950.000000	0.00211445	1950.000000	0.00277812	1950.000000	0.00269991	1950.000000	0.00268891	1950.000000	0.00277784	1950.000000	2.81909e-07	
2000.000000	0.00211708	2000.000000	0.00277924	2000.000000	0.00269625	2000.000000	0.0026853 	2000.000000	0.00277896	2000.000000	2.75311e-07	
2100.000000	0.00212385	2100.000000	0.00278313	2100.000000	0.00269019	2100.000000	0.0026793 	2100.000000	0.00278286	2100.000000	2.63027e-07	
2200.000000	0.00213247	2200.000000	0.00278897	2200.000000	0.00268559	2200.000000	0.00267472	2200.000000	0.00278872	2200.000000	2.51823e-07	
2300.000000	0.00214272	2300.000000	0.00279651	2300.000000	0.00268219	2300.000000	0.00267132	2300.000000	0.00279627	2300.000000	2.41561e-07	
2400.000000	0.00215441	2400.000000	0.00280553	2400.000000	0.00267979	2400.000000	0.00266893	2400.000000	0.0028053 	2400.000000	2.32126e-07	
2500.000000	0.0021674 	2500.000000	0.00281586	2500.000000	0.00267824	2500.000000	0.0026674 	2500.000000	0.00281564	2500.000000	2.23421e-07	
2600.000000	0.00218157	2600.000000	0.00282735	2600.000000	0.00267741	2600.000000	0.0026666 	2600.000000	0.00282713	2600.000000	2.15364e-07	
2700.000000	0.00219679	2700.000000	0.00283986	2700.000000	0.0026772 	2700.000000	0.00266643	2700.000000	0.00283965	2700.000000	2.07885e-07	
2800.000000	0.00221298	2800.000000	0.00285328	2800.000000	0.00267753	2800.000000	0.00266679	2800.000000	0.00285308	2800.000000	2.00922e-07	
2900.000000	0.00223005	2900.000000	0.00286752	2900.000000	0.00267832	2900.000000	0.00266761	2900.000000	0.00286733	2900.000000	1.94424e-07	
3000.000000	0.00224794	3000.000000	0.0028825 	3000.000000	0.0026795 	3000.000000	0.00266883	3000.000000	0.00288231	3000.000000	1.88345e-07	
3200.000000	0.00228591	3200.000000	0.00291437	3200.000000	0.00268286	3200.000000	0.00267226	3200.000000	0.0029142 	3200.000000	1.7729e-07	
3400.000000	0.00232647	3400.000000	0.00294842	3400.000000	0.00268726	3400.000000	0.00267672	3400.000000	0.00294825	3400.000000	1.67495e-07	
3600.000000	0.00236929	3600.000000	0.00298427	3600.000000	0.00269246	3600.000000	0.00268195	3600.000000	0.00298411	3600.000000	1.58754e-07	
3800.000000	0.00241412	3800.000000	0.00302162	3800.000000	0.00269824	3800.000000	0.00268776	3800.000000	0.00302147	3800.000000	1.50904e-07	
4000.000000	0.00246074	4000.000000	0.00306025	4000.000000	0.00270446	4000.000000	0.00269398	4000.000000	0.0030601 	4000.000000	1.43815e-07	
4200.000000	0.00250898	4200.000000	0.00309995	4200.000000	0.00271099	4200.000000	0.00270051	4200.000000	0.00309981	4200.000000	1.37379e-07	
4400.000000	0.0025587 	4400.000000	0.00314058	4400.000000	0.00271774	4400.000000	0.00270726	4400.000000	0.00314044	4400.000000	1.31511e-07	
4600.000000	0.00260978	4600.000000	0.00318199	4600.000000	0.00272464	4600.000000	0.00271416	4600.000000	0.00318187	4600.000000	1.26136e-07	
4800.000000	0.00266212	4800.000000	0.00322409	4800.000000	0.00273163	4800.000000	0.00272116	4800.000000	0.00322397	4800.000000	1.21196e-07	
5000.000000	0.00271565	5000.000000	0.00326679	5000.000000	0.00273867	5000.000000	0.0027282 	5000.000000	0.00326667	5000.000000	1.16638e-07	
5250.000000	0.00278411	5250.000000	0.00332089	5250.000000	0.00274748	5250.000000	0.00273703	5250.000000	0.00332077	5250.000000	1.11414e-07	
5500.000000	0.00285418	5500.000000	0.00337567	5500.000000	0.00275628	5500.000000	0.00274583	5500.000000	0.00337556	5500.000000	1.06651e-07	
6000.000000	0.00299882	6000.000000	0.00348691	6000.000000	0.00277366	6000.000000	0.00276324	6000.000000	0.00348681	6000.000000	9.82786e-08	
6500.000000	0.00314895	6500.000000	0.00359989	6500.000000	0.00279062	6500.000000	0.00278023	6500.000000	0.0035998 	6500.000000	9.11564e-08	
7000.000000	0.00330413	7000.000000	0.00371417	7000.000000	0.00280707	7000.000000	0.0027967 	7000.000000	0.00371408	7000.000000	8.50216e-08	
7500.000000	0.00346406	7500.000000	0.00382942	7500.000000	0.00282295	7500.000000	0.0028126 	7500.000000	0.00382934	7500.000000	7.96804e-08	
8000.000000	0.00362847	8000.000000	0.00394541	8000.000000	0.00283827	8000.000000	0.00282792	8000.000000	0.00394533	8000.000000	7.49871e-08	
8500.000000	0.0037972 	8500.000000	0.00406195	8500.000000	0.00285299	8500.000000	0.00284267	8500.000000	0.00406188	8500.000000	7.08297e-08	
9000.000000	0.00397008	9000.000000	0.00417892	9000.000000	0.00286709	9000.000000	0.00285686	9000.000000	0.00417886	9000.000000	6.71204e-08	
9500.000000	0.00414701	9500.000000	0.00429621	9500.000000	0.00288067	9500.000000	0.00287051	9500.000000	0.00429615	9500.000000	6.37901e-08	
10000.000000	0.0043279 	10000.000000	0.00441374	10000.000000	0.00289375	10000.000000	0.00288366	10000.000000	0.00441368	10000.000000	6.07829e-08	
11000.000000	0.00470125	11000.000000	0.00464925	11000.000000	0.00291858	11000.000000	0.00290851	11000.000000	0.0046492 	11000.000000	5.55651e-08	
12000.000000	0.00508971	12000.000000	0.00488509	12000.000000	0.00294171	12000.000000	0.00293163	12000.000000	0.00488504	12000.000000	5.11924e-08	
13000.000000	0.00549299	13000.000000	0.005121  	13000.000000	0.00296325	13000.000000	0.0029532 	13000.000000	0.00512096	13000.000000	4.74734e-08	
14000.000000	0.00591088	14000.000000	0.00535683	14000.000000	0.00298335	14000.000000	0.0029734 	14000.000000	0.00535679	14000.000000	4.42706e-08	
15000.000000	0.00634326	15000.000000	0.00559247	15000.000000	0.00300217	15000.000000	0.00299236	15000.000000	0.00559243	15000.000000	4.14827e-08	
16000.000000	0.00679005	16000.000000	0.00582785	16000.000000	0.0030199 	16000.000000	0.00301021	16000.000000	0.00582781	16000.000000	3.90334e-08	
17000.000000	0.00725119	17000.000000	0.00606291	17000.000000	0.00303667	17000.000000	0.00302708	17000.000000	0.00606288	17000.000000	3.68641e-08	
18000.000000	0.00772666	18000.000000	0.00629763	18000.000000	0.00305257	18000.000000	0.00304305	18000.000000	0.0062976 	18000.000000	3.4929e-08	
19000.000000	0.00821646	19000.000000	0.00653199	19000.000000	0.00306768	19000.000000	0.00305822	19000.000000	0.00653195	19000.000000	3.31917e-08	
20000.000000	0.00872058	20000.000000	0.00676596	20000.000000	0.00308208	20000.000000	0.00307264	20000.000000	0.00676593	20000.000000	3.16233e-08	
21000.000000	0.00923907	21000.000000	0.00699956	21000.000000	0.00309577	21000.000000	0.0030864 	21000.000000	0.00699953	21000.000000	3.02e-08  	
22000.000000	0.00977193	22000.000000	0.00723277	22000.000000	0.00310873	22000.000000	0.00309953	22000.000000	0.00723274	22000.000000	2.89025e-08	
23000.000000	0.0103192 	23000.000000	0.00746559	23000.000000	0.00312121	23000.000000	0.00311211	23000.000000	0.00746557	23000.000000	2.77145e-08	
24000.000000	0.010881  	24000.000000	0.00769804	24000.000000	0.00313323	24000.000000	0.00312416	24000.000000	0.00769801	24000.000000	2.66228e-08	
25000.000000	0.0114572 	25000.000000	0.00793011	25000.000000	0.00314471	25000.000000	0.00313573	25000.000000	0.00793008	25000.000000	2.56159e-08	
26000.000000	0.0120481 	26000.000000	0.0081618 	26000.000000	0.0031557 	26000.000000	0.00314686	26000.000000	0.00816178	26000.000000	2.46843e-08	
27000.000000	0.0126535 	27000.000000	0.00839314	27000.000000	0.00316628	27000.000000	0.00315757	27000.000000	0.00839311	27000.000000	2.38198e-08	
28000.000000	0.0132737 	28000.000000	0.00862411	28000.000000	0.00317646	28000.000000	0.0031679 	28000.000000	0.00862409	28000.000000	2.30152e-08	
29000.000000	0.0139086 	29000.000000	0.00885473	29000.000000	0.00318628	29000.000000	0.00317786	29000.000000	0.00885471	29000.000000	2.22646e-08	
30000.000000	0.0145583 	30000.000000	0.00908501	30000.000000	0.00319576	30000.000000	0.0031875 	30000.000000	0.00908499	30000.000000	2.15626e-08	
32000.000000	0.0159024 	32000.000000	0.00954457	32000.000000	0.00321381	32000.000000	0.00320583	32000.000000	0.00954455	32000.000000	2.02866e-08	
34000.000000	0.0173066 	34000.000000	0.0100028 	34000.000000	0.00323074	34000.000000	0.00322306	34000.000000	0.0100028 	34000.000000	1.91567e-08	
36000.000000	0.0187715 	36000.000000	0.0104599 	36000.000000	0.00324666	36000.000000	0.0032393 	36000.000000	0.0104599 	36000.000000	1.81489e-08	
38000.000000	0.0202976 	38000.000000	0.0109157 	38000.000000	0.00326165	38000.000000	0.00325466	38000.000000	0.0109157 	38000.000000	1.72442e-08	
40000.000000	0.0218857 	40000.000000	0.0113705 	40000.000000	0.00327582	40000.000000	0.00326922	40000.000000	0.0113704 	40000.000000	1.64276e-08	
42000.000000	0.0235363 	42000.000000	0.0118241 	42000.000000	0.00328929	42000.000000	0.00328306	42000.000000	0.0118241 	42000.000000	1.56866e-08	
44000.000000	0.0252501 	44000.000000	0.0122767 	44000.000000	0.00330214	44000.000000	0.00329625	44000.000000	0.0122767 	44000.000000	1.50112e-08	
46000.000000	0.0270277 	46000.000000	0.0127284 	46000.000000	0.00331443	46000.000000	0.00330885	46000.000000	0.0127283 	46000.000000	1.43929e-08	
48000.000000	0.0288698 	48000.000000	0.013179  	48000.000000	0.0033262 	48000.000000	0.0033209 	48000.000000	0.013179  	48000.000000	1.38247e-08	
50000.000000	0.0307772 	50000.000000	0.0136288 	50000.000000	0.00333743	50000.000000	0.00333245	50000.000000	0.0136288 	50000.000000	1.33007e-08	
