*Energy (MeV/u)1	0 - [He-base] F.Hubert et al, AD&ND Tables 46(1990)1	Energy (MeV/u)2	1 - [H -base] J.F.Ziegler et al, Pergamon Press, NY (low energy)	Energy (MeV/u)3	2 - ATIMA 1.2  LS-theory (recommended for high energy)	Energy (MeV/u)4	3 - ATIMA 1.2  without LS-correction	Energy (MeV/u)5	4 - electrical component of [1] - J.F.Ziegler et al	Energy (MeV/u)6	5 - nuclear component of [1] - J.F.Ziegler et al	
0.001000	1.04951   	0.001000	0.161937  	0.001000	0.141145  	0.001000	0.141145  	0.001000	0.117631  	0.001000	0.0443058 	
0.002000	1.17479   	0.002000	0.206808  	0.002000	0.180826  	0.002000	0.180826  	0.002000	0.162932  	0.002000	0.0438759 	
0.005000	1.45885   	0.005000	0.288399  	0.005000	0.254303  	0.005000	0.254303  	0.005000	0.250633  	0.005000	0.0377663 	
0.008000	1.67454   	0.008000	0.34535   	0.008000	0.30666   	0.008000	0.30666   	0.008000	0.31259   	0.008000	0.0327603 	
0.010000	1.79652   	0.010000	0.377315  	0.010000	0.33639   	0.010000	0.33639   	0.010000	0.347154  	0.010000	0.0301611 	
0.015000	2.10092   	0.015000	0.445389  	0.015000	0.400407  	0.015000	0.400407  	0.015000	0.420035  	0.015000	0.0253544 	
0.020000	2.34133   	0.020000	0.509262  	0.020000	0.464348  	0.020000	0.464348  	0.020000	0.487223  	0.020000	0.0220395 	
0.025000	2.60447   	0.025000	0.571736  	0.025000	0.530862  	0.025000	0.530862  	0.025000	0.55214   	0.025000	0.0195961 	
0.030000	2.82582   	0.030000	0.630557  	0.030000	0.582135  	0.030000	0.582135  	0.030000	0.612848  	0.030000	0.0177085 	
0.035000	2.98301   	0.035000	0.686038  	0.035000	0.631033  	0.035000	0.631033  	0.035000	0.669839  	0.035000	0.016199  	
0.040000	3.09975   	0.040000	0.731699  	0.040000	0.677662  	0.040000	0.677662  	0.040000	0.716739  	0.040000	0.0149597 	
0.045000	3.18109   	0.045000	0.774083  	0.045000	0.722094  	0.045000	0.722094  	0.045000	0.760162  	0.045000	0.013921  	
0.050000	3.22981   	0.050000	0.813976  	0.050000	0.764387  	0.050000	0.764387  	0.050000	0.800941  	0.050000	0.0130357 	
0.055000	3.35081   	0.055000	0.851511  	0.055000	0.804593  	0.055000	0.804593  	0.055000	0.839241  	0.055000	0.0122707 	
0.060000	3.45183   	0.060000	0.886802  	0.060000	0.842767  	0.060000	0.842767  	0.060000	0.8752    	0.060000	0.0116019 	
0.070000	3.6006    	0.070000	0.951058  	0.070000	0.913243  	0.070000	0.913243  	0.070000	0.940572  	0.070000	0.0104858 	
0.080000	3.7657    	0.080000	1.00753   	0.080000	0.976297  	0.080000	0.976297  	0.080000	0.997941  	0.080000	0.00958877	
0.090000	3.88887   	0.090000	1.05697   	0.090000	1.03245   	0.090000	1.03245   	0.090000	1.04812   	0.090000	0.00884967	
0.100000	3.98128   	0.100000	1.10011   	0.100000	1.08226   	0.100000	1.08226   	0.100000	1.09188   	0.100000	0.00822868	
0.120000	4.01339   	0.120000	1.17015   	0.120000	1.16496   	0.120000	1.16496   	0.120000	1.16298   	0.120000	0.00717151	
0.140000	4.03555   	0.140000	1.23003   	0.140000	1.22879   	0.140000	1.22879   	0.140000	1.2236    	0.140000	0.00642553	
0.160000	4.04505   	0.160000	1.27557   	0.160000	1.27742   	0.160000	1.27742   	0.160000	1.26973   	0.160000	0.00583344	
0.180000	4.05511   	0.180000	1.30916   	0.180000	1.31405   	0.180000	1.31405   	0.180000	1.30381   	0.180000	0.0053508 	
0.200000	4.07014   	0.200000	1.33377   	0.200000	1.34128   	0.200000	1.34128   	0.200000	1.32882   	0.200000	0.00494897	
0.250000	4.02216   	0.250000	1.37727   	0.250000	1.38077   	0.250000	1.38077   	0.250000	1.37308   	0.250000	0.00418495	
0.300000	4.00651   	0.300000	1.40329   	0.300000	1.39521   	0.300000	1.39521   	0.300000	1.39965   	0.300000	0.00364119	
0.350000	3.99544   	0.350000	1.41889   	0.350000	1.39693   	0.350000	1.39693   	0.350000	1.41566   	0.350000	0.00323242	
0.400000	4.01496   	0.400000	1.43832   	0.400000	1.40328   	0.400000	1.40328   	0.400000	1.43541   	0.400000	0.00291281	
0.450000	4.02307   	0.450000	1.45364   	0.450000	1.40133   	0.450000	1.40133   	0.450000	1.45098   	0.450000	0.00265537	
0.500000	4.018     	0.500000	1.46231   	0.500000	1.3942    	0.500000	1.3942    	0.500000	1.45986   	0.500000	0.00244314	
0.600000	3.85446   	0.600000	1.47491   	0.600000	1.3697    	0.600000	1.3697    	0.600000	1.4728    	0.600000	0.00211281	
0.700000	3.61928   	0.700000	1.45657   	0.700000	1.33749   	0.700000	1.33749   	0.700000	1.4547    	0.700000	0.00186668	
0.800000	3.48455   	0.800000	1.41545   	0.800000	1.30443   	0.800000	1.30443   	0.800000	1.41378   	0.800000	0.00167557	
0.900000	3.35064   	0.900000	1.37359   	0.900000	1.27158   	0.900000	1.27158   	0.900000	1.37207   	0.900000	0.0015225 	
1.000000	3.21901   	1.000000	1.33139   	1.000000	1.23944   	1.000000	1.23944   	1.000000	1.33      	1.000000	0.0013969 	
1.250000	2.91142   	1.250000	1.23256   	1.250000	1.16005   	1.250000	1.16005   	1.250000	1.2314    	1.250000	0.00116267	
1.500000	2.64212   	1.500000	1.14242   	1.500000	1.08763   	1.500000	1.08763   	1.500000	1.14142   	1.500000	0.000999641	
1.750000	2.40805   	1.750000	1.06089   	1.750000	1.02482   	1.750000	1.02482   	1.750000	1.06001   	1.750000	0.000879116	
2.000000	2.21436   	2.000000	0.993121  	2.000000	0.969279  	2.000000	0.969279  	2.000000	0.992335  	2.000000	0.000786115	
2.250000	2.05402   	2.250000	0.935335  	2.250000	0.919669  	2.250000	0.919669  	2.250000	0.934623  	2.250000	0.00071201	
2.500000	1.8831    	2.500000	0.88488   	2.500000	0.875079  	2.500000	0.875079  	2.500000	0.884228  	2.500000	0.000651469	
3.000000	1.67015   	3.000000	0.797575  	3.000000	0.798312  	3.000000	0.798312  	3.000000	0.797016  	3.000000	0.000558264	
3.500000	1.50268   	3.500000	0.730298  	3.500000	0.73477   	3.500000	0.73477   	3.500000	0.729809  	3.500000	0.000489652	
4.000000	1.36742   	4.000000	0.675843  	4.000000	0.681451  	4.000000	0.681451  	4.000000	0.675407  	4.000000	0.00043689	
4.500000	1.25582   	4.500000	0.6304    	4.500000	0.636139  	4.500000	0.636139  	4.500000	0.630005  	4.500000	0.000394967	
5.000000	1.1621    	5.000000	0.591686  	5.000000	0.59719   	5.000000	0.59719   	5.000000	0.591325  	5.000000	0.000360801	
5.500000	1.08223   	5.500000	0.558202  	5.500000	0.563346  	5.500000	0.563346  	5.500000	0.557869  	5.500000	0.000332384	
6.000000	1.01331   	6.000000	0.528894  	6.000000	0.533658  	6.000000	0.533658  	6.000000	0.528586  	6.000000	0.000308354	
6.500000	0.953199  	6.500000	0.502991  	6.500000	0.507395  	6.500000	0.507395  	6.500000	0.502703  	6.500000	0.000287749	
7.000000	0.900295  	7.000000	0.479907  	7.000000	0.483984  	7.000000	0.483984  	7.000000	0.479637  	7.000000	0.000269873	
7.500000	0.853355  	7.500000	0.459188  	7.500000	0.462973  	7.500000	0.462973  	7.500000	0.458934  	7.500000	0.000254209	
8.000000	0.811409  	8.000000	0.440474  	8.000000	0.443999  	8.000000	0.443999  	8.000000	0.440233  	8.000000	0.000240361	
8.500000	0.773689  	8.500000	0.423476  	8.500000	0.426771  	8.500000	0.426771  	8.500000	0.423248  	8.500000	0.000228027	
9.000000	0.739579  	9.000000	0.407959  	9.000000	0.41105   	9.000000	0.41105   	9.000000	0.407743  	9.000000	0.000216965	
9.500000	0.708575  	9.500000	0.393731  	9.500000	0.396639  	9.500000	0.396639  	9.500000	0.393524  	9.500000	0.000206985	
10.000000	0.680266  	10.000000	0.384177  	10.000000	0.383373  	10.000000	0.383373  	10.000000	0.383979  	10.000000	0.000197933	
11.000000	0.63042   	11.000000	0.363619  	11.000000	0.361068  	11.000000	0.361346  	11.000000	0.363437  	11.000000	0.000182131	
12.000000	0.587913  	12.000000	0.344961  	12.000000	0.341616  	12.000000	0.34207   	12.000000	0.344792  	12.000000	0.000168788	
13.000000	0.551213  	13.000000	0.328047  	13.000000	0.324465  	13.000000	0.325034  	13.000000	0.327889  	13.000000	0.000157361	
14.000000	0.51919   	14.000000	0.312698  	14.000000	0.309207  	14.000000	0.309849  	14.000000	0.312551  	14.000000	0.00014746	
15.000000	0.490992  	15.000000	0.298741  	15.000000	0.295531  	15.000000	0.296214  	15.000000	0.298602  	15.000000	0.000138793	
16.000000	0.465961  	16.000000	0.286014  	16.000000	0.283186  	16.000000	0.283891  	16.000000	0.285883  	16.000000	0.000131139	
17.000000	0.443585  	17.000000	0.274374  	17.000000	0.271975  	17.000000	0.272688  	17.000000	0.274249  	17.000000	0.000124327	
18.000000	0.423456  	18.000000	0.263696  	18.000000	0.261748  	18.000000	0.262452  	18.000000	0.263577  	18.000000	0.000118223	
19.000000	0.405246  	19.000000	0.25387   	19.000000	0.252371  	19.000000	0.253053  	19.000000	0.253757  	19.000000	0.000112721	
20.000000	0.388691  	20.000000	0.244803  	20.000000	0.243674  	20.000000	0.244335  	20.000000	0.244695  	20.000000	0.000107733	
21.000000	0.373569  	21.000000	0.236411  	21.000000	0.235679  	21.000000	0.236316  	21.000000	0.236308  	21.000000	0.000103191	
22.000000	0.3597    	22.000000	0.228625  	22.000000	0.228263  	22.000000	0.228868  	22.000000	0.228526  	22.000000	9.90351e-05	
23.000000	0.346932  	23.000000	0.221381  	23.000000	0.221361  	23.000000	0.221929  	23.000000	0.221286  	23.000000	9.52181e-05	
24.000000	0.335137  	24.000000	0.214626  	24.000000	0.214909  	24.000000	0.215444  	24.000000	0.214534  	24.000000	9.16993e-05	
25.000000	0.324205  	25.000000	0.208311  	25.000000	0.20886   	25.000000	0.209367  	25.000000	0.208223  	25.000000	8.84443e-05	
27.000000	0.304573  	27.000000	0.196845  	27.000000	0.197836  	27.000000	0.198281  	27.000000	0.196763  	27.000000	8.26139e-05	
29.000000	0.287434  	29.000000	0.186705  	29.000000	0.188043  	29.000000	0.188409  	29.000000	0.186628  	29.000000	7.75397e-05	
31.000000	0.272335  	31.000000	0.177674  	31.000000	0.179113  	31.000000	0.179396  	31.000000	0.177601  	31.000000	7.30813e-05	
33.000000	0.258926  	33.000000	0.169579  	33.000000	0.170965  	33.000000	0.17118   	33.000000	0.16951   	33.000000	6.91314e-05	
35.000000	0.246933  	35.000000	0.16228   	35.000000	0.163665  	35.000000	0.163797  	35.000000	0.162214  	35.000000	6.56062e-05	
38.000000	0.231138  	38.000000	0.152585  	38.000000	0.153972  	38.000000	0.154018  	38.000000	0.152524  	38.000000	6.09742e-05	
41.000000	0.217488  	41.000000	0.144134  	41.000000	0.14553   	41.000000	0.145515  	41.000000	0.144077  	41.000000	5.69815e-05	
44.000000	0.205567  	44.000000	0.136701  	44.000000	0.13809   	44.000000	0.138046  	44.000000	0.136647  	44.000000	5.35024e-05	
47.000000	0.19506   	47.000000	0.130109  	47.000000	0.131507  	47.000000	0.131429  	47.000000	0.130059  	47.000000	5.04423e-05	
50.000000	0.185726  	50.000000	0.124224  	50.000000	0.125643  	50.000000	0.125522  	50.000000	0.124176  	50.000000	4.77288e-05	
55.000000	0.172277  	55.000000	0.115698  	55.000000	0.117115  	55.000000	0.116964  	55.000000	0.115654  	55.000000	4.38281e-05	
60.000000	0.160919  	60.000000	0.108457  	60.000000	0.109862  	60.000000	0.109692  	60.000000	0.108416  	60.000000	4.05426e-05	
65.000000	0.151191  	65.000000	0.102229  	65.000000	0.103629  	65.000000	0.103431  	65.000000	0.102191  	65.000000	3.77354e-05	
70.000000	0.142759  	70.000000	0.0968123 	70.000000	0.0981819 	70.000000	0.0979792 	70.000000	0.096777  	70.000000	3.53078e-05	
75.000000	0.135376  	75.000000	0.0920575 	75.000000	0.0934135 	75.000000	0.0931872 	75.000000	0.0920243 	75.000000	3.31867e-05	
80.000000	0.128853  	80.000000	0.0878488 	80.000000	0.0891721 	80.000000	0.08894   	80.000000	0.0878175 	80.000000	3.13166e-05	
85.000000	0.123046  	85.000000	0.0840963 	85.000000	0.0853836 	85.000000	0.0851481 	85.000000	0.0840667 	85.000000	2.96548e-05	
90.000000	0.11784   	90.000000	0.080729  	90.000000	0.0819792 	90.000000	0.081741  	90.000000	0.0807009 	90.000000	2.8168e-05	
95.000000	0.113145  	95.000000	0.07769   	95.000000	0.0789024 	95.000000	0.0786621 	95.000000	0.0776632 	95.000000	2.68294e-05	
100.000000	0.108886  	100.000000	0.074933  	100.000000	0.0761074 	100.000000	0.0758655 	100.000000	0.0749074 	100.000000	2.56177e-05	
105.000000	0.105006  	105.000000	0.0724202 	105.000000	0.0735569 	105.000000	0.0733137 	105.000000	0.0723956 	105.000000	2.45153e-05	
110.000000	0.101453  	110.000000	0.0701202 	110.000000	0.0712191 	110.000000	0.0709755 	110.000000	0.0700967 	110.000000	2.3508e-05	
115.000000	0.0981882 	115.000000	0.0680069 	115.000000	0.0690706 	115.000000	0.0688249 	115.000000	0.0679843 	115.000000	2.25837e-05	
120.000000	0.0951762 	120.000000	0.0660582 	120.000000	0.0670807 	120.000000	0.0668399 	120.000000	0.0660365 	120.000000	2.17324e-05	
125.000000	0.0923882 	125.000000	0.0642556 	125.000000	0.0652357 	125.000000	0.0650019 	125.000000	0.0642346 	125.000000	2.09457e-05	
130.000000	0.0897995 	130.000000	0.062583  	130.000000	0.0635301 	130.000000	0.0632952 	130.000000	0.0625628 	130.000000	2.02164e-05	
135.000000	0.0873889 	135.000000	0.0610268 	135.000000	0.0619413 	135.000000	0.0617059 	135.000000	0.0610073 	135.000000	1.95384e-05	
140.000000	0.0851382 	140.000000	0.0595752 	140.000000	0.0604578 	140.000000	0.0602224 	140.000000	0.0595563 	140.000000	1.89063e-05	
145.000000	0.0830316 	145.000000	0.0582179 	145.000000	0.0590697 	145.000000	0.0588343 	145.000000	0.0581996 	145.000000	1.83156e-05	
150.000000	0.0810553 	150.000000	0.056946  	150.000000	0.0577679 	150.000000	0.0575327 	150.000000	0.0569282 	150.000000	1.77622e-05	
155.000000	0.0782726 	155.000000	0.0557516 	155.000000	0.0565459 	155.000000	0.0563098 	155.000000	0.0557343 	155.000000	1.72427e-05	
160.000000	0.0766416 	160.000000	0.0546278 	160.000000	0.0553928 	160.000000	0.0551585 	160.000000	0.054611  	160.000000	1.67541e-05	
165.000000	0.0751035 	165.000000	0.0535685 	165.000000	0.054301  	165.000000	0.0540729 	165.000000	0.0535522 	165.000000	1.62936e-05	
170.000000	0.0736506 	170.000000	0.0525683 	170.000000	0.0532727 	170.000000	0.0530473 	170.000000	0.0525524 	170.000000	1.58588e-05	
175.000000	0.0722757 	175.000000	0.0516224 	175.000000	0.0523031 	175.000000	0.052077  	175.000000	0.0516069 	175.000000	1.54476e-05	
180.000000	0.0709729 	180.000000	0.0507264 	180.000000	0.0513835 	180.000000	0.0511577 	180.000000	0.0507114 	180.000000	1.50581e-05	
185.000000	0.0697363 	185.000000	0.0498765 	185.000000	0.0505112 	185.000000	0.0502853 	185.000000	0.0498619 	185.000000	1.46885e-05	
190.000000	0.0685611 	190.000000	0.0490693 	190.000000	0.0496827 	190.000000	0.0494565 	190.000000	0.049055  	190.000000	1.43375e-05	
195.000000	0.0674428 	195.000000	0.0483016 	195.000000	0.0488917 	195.000000	0.0486681 	195.000000	0.0482876 	195.000000	1.40036e-05	
200.000000	0.0663772 	200.000000	0.0475705 	200.000000	0.0481361 	200.000000	0.0479172 	200.000000	0.0475568 	200.000000	1.36855e-05	
210.000000	0.0643899 	210.000000	0.0462083 	210.000000	0.0467345 	210.000000	0.0465177 	210.000000	0.0461952 	210.000000	1.30926e-05	
220.000000	0.0625736 	220.000000	0.044965  	220.000000	0.0454566 	220.000000	0.0452401 	220.000000	0.0449525 	220.000000	1.25509e-05	
230.000000	0.0609069 	230.000000	0.0438257 	230.000000	0.0442858 	230.000000	0.0440692 	230.000000	0.0438136 	230.000000	1.20541e-05	
240.000000	0.0593721 	240.000000	0.0427779 	240.000000	0.0432034 	240.000000	0.0429923 	240.000000	0.0427663 	240.000000	1.15967e-05	
250.000000	0.0579539 	250.000000	0.0418111 	250.000000	0.0422067 	250.000000	0.0419988 	250.000000	0.0417999 	250.000000	1.11742e-05	
260.000000	0.0566395 	260.000000	0.0409163 	260.000000	0.0412875 	260.000000	0.0410794 	260.000000	0.0409055 	260.000000	1.07826e-05	
270.000000	0.0554179 	270.000000	0.0400859 	270.000000	0.0404341 	270.000000	0.0402264 	270.000000	0.0400755 	270.000000	1.04186e-05	
280.000000	0.0542796 	280.000000	0.0393132 	280.000000	0.0396401 	280.000000	0.0394329 	280.000000	0.0393031 	280.000000	1.00793e-05	
290.000000	0.0532163 	290.000000	0.0385924 	290.000000	0.0388956 	290.000000	0.0386931 	290.000000	0.0385827 	290.000000	9.76237e-06	
300.000000	0.052221  	300.000000	0.0379187 	300.000000	0.0382015 	300.000000	0.0380019 	300.000000	0.0379092 	300.000000	9.46554e-06	
310.000000	0.0512873 	310.000000	0.0372876 	310.000000	0.0375548 	310.000000	0.0373547 	310.000000	0.0372784 	310.000000	9.18695e-06	
320.000000	0.0504098 	320.000000	0.0366952 	320.000000	0.0369476 	320.000000	0.0367476 	320.000000	0.0366863 	320.000000	8.92496e-06	
330.000000	0.0495835 	330.000000	0.0361382 	330.000000	0.0363739 	330.000000	0.0361771 	330.000000	0.0361295 	330.000000	8.67809e-06	
340.000000	0.0488041 	340.000000	0.0356136 	340.000000	0.0358334 	340.000000	0.0356401 	340.000000	0.0356051 	340.000000	8.44506e-06	
350.000000	0.0480679 	350.000000	0.0351187 	350.000000	0.0353265 	350.000000	0.0351339 	350.000000	0.0351105 	350.000000	8.22473e-06	
360.000000	0.0473714 	360.000000	0.0346511 	360.000000	0.034849  	360.000000	0.0346559 	360.000000	0.0346431 	360.000000	8.01605e-06	
370.000000	0.0467115 	370.000000	0.0342086 	370.000000	0.0343968 	370.000000	0.0342041 	370.000000	0.0342008 	370.000000	7.81814e-06	
380.000000	0.0460854 	380.000000	0.0337895 	380.000000	0.0339664 	380.000000	0.0337763 	380.000000	0.0337818 	380.000000	7.63015e-06	
390.000000	0.0454908 	390.000000	0.0333919 	390.000000	0.0335579 	390.000000	0.0333708 	390.000000	0.0333844 	390.000000	7.45135e-06	
400.000000	0.0449253 	400.000000	0.0330142 	400.000000	0.033172  	400.000000	0.0329861 	400.000000	0.0330069 	400.000000	7.28108e-06	
410.000000	0.0443869 	410.000000	0.0326551 	410.000000	0.0328067 	410.000000	0.0326205 	410.000000	0.032648  	410.000000	7.11872e-06	
420.000000	0.0438739 	420.000000	0.0323133 	420.000000	0.0324594 	420.000000	0.0322729 	420.000000	0.0323063 	420.000000	6.96374e-06	
430.000000	0.0433844 	430.000000	0.0319876 	430.000000	0.0321278 	430.000000	0.031942  	430.000000	0.0319808 	430.000000	6.81564e-06	
440.000000	0.042917  	440.000000	0.031677  	440.000000	0.0318102 	440.000000	0.0316267 	440.000000	0.0316703 	440.000000	6.67395e-06	
450.000000	0.0424702 	450.000000	0.0313805 	450.000000	0.031507  	450.000000	0.0313259 	450.000000	0.031374  	450.000000	6.53827e-06	
460.000000	0.0420429 	460.000000	0.0310972 	460.000000	0.0312191 	460.000000	0.0310389 	460.000000	0.0310908 	460.000000	6.40822e-06	
470.000000	0.0416338 	470.000000	0.0308262 	470.000000	0.0309449 	470.000000	0.0307646 	470.000000	0.0308199 	470.000000	6.28345e-06	
480.000000	0.0412418 	480.000000	0.0305669 	480.000000	0.0306819 	480.000000	0.0305024 	480.000000	0.0305608 	480.000000	6.16364e-06	
490.000000	0.0408659 	490.000000	0.0303186 	490.000000	0.030429  	490.000000	0.0302515 	490.000000	0.0303125 	490.000000	6.0485e-06	
500.000000	0.0405053 	500.000000	0.0300805 	500.000000	0.0301867 	500.000000	0.0300112 	500.000000	0.0300746 	500.000000	5.93775e-06	
520.000000	0.0398263 	520.000000	0.0296331 	520.000000	0.0297348 	520.000000	0.0295603 	520.000000	0.0296274 	520.000000	5.72845e-06	
540.000000	0.0391988 	540.000000	0.0292204 	540.000000	0.0293201 	540.000000	0.0291452 	540.000000	0.0292149 	540.000000	5.53397e-06	
560.000000	0.0386175 	560.000000	0.0288389 	560.000000	0.0289359 	560.000000	0.0287621 	560.000000	0.0288336 	560.000000	5.35275e-06	
580.000000	0.0380778 	580.000000	0.0284854 	580.000000	0.0285787 	580.000000	0.0284079 	580.000000	0.0284802 	580.000000	5.18348e-06	
600.000000	0.0375759 	600.000000	0.0281572 	600.000000	0.0282488 	600.000000	0.0280797 	600.000000	0.0281522 	600.000000	5.02499e-06	
620.000000	0.0371083 	620.000000	0.027852  	620.000000	0.0279442 	620.000000	0.027775  	620.000000	0.0278471 	620.000000	4.87627e-06	
640.000000	0.0366718 	640.000000	0.0275676 	640.000000	0.027661  	640.000000	0.0274916 	640.000000	0.0275628 	640.000000	4.73643e-06	
660.000000	0.0362639 	660.000000	0.0273022 	660.000000	0.027396  	660.000000	0.0272276 	660.000000	0.0272976 	660.000000	4.6047e-06	
680.000000	0.0358821 	680.000000	0.0270542 	680.000000	0.0271474 	680.000000	0.0269813 	680.000000	0.0270497 	680.000000	4.48037e-06	
700.000000	0.0355243 	700.000000	0.0268221 	700.000000	0.0269155 	700.000000	0.0267511 	700.000000	0.0268177 	700.000000	4.36283e-06	
720.000000	0.0351886 	720.000000	0.0266046 	720.000000	0.0266997 	720.000000	0.0265358 	720.000000	0.0266004 	720.000000	4.25154e-06	
740.000000	0.0348734 	740.000000	0.0264006 	740.000000	0.0264982 	740.000000	0.0263341 	740.000000	0.0263965 	740.000000	4.146e-06 	
760.000000	0.034577  	760.000000	0.0262091 	760.000000	0.0263092 	760.000000	0.026145  	760.000000	0.0262051 	760.000000	4.04577e-06	
780.000000	0.0342982 	780.000000	0.0260291 	780.000000	0.0261312 	780.000000	0.0259674 	780.000000	0.0260252 	780.000000	3.95046e-06	
800.000000	0.0340356 	800.000000	0.0258598 	800.000000	0.0259629 	800.000000	0.0258005 	800.000000	0.0258559 	800.000000	3.8597e-06	
820.000000	0.0337882 	820.000000	0.0257004 	820.000000	0.0258042 	820.000000	0.0256435 	820.000000	0.0256966 	820.000000	3.77318e-06	
840.000000	0.0335549 	840.000000	0.0255502 	840.000000	0.0256553 	840.000000	0.0254957 	840.000000	0.0255465 	840.000000	3.6906e-06	
860.000000	0.0333349 	860.000000	0.0254086 	860.000000	0.0255159 	860.000000	0.0253565 	860.000000	0.025405  	860.000000	3.61169e-06	
880.000000	0.0331271 	880.000000	0.0252751 	880.000000	0.0253846 	880.000000	0.0252251 	880.000000	0.0252716 	880.000000	3.53622e-06	
900.000000	0.032931  	900.000000	0.0251491 	900.000000	0.0252601 	900.000000	0.0251012 	900.000000	0.0251456 	900.000000	3.46395e-06	
920.000000	0.0327457 	920.000000	0.02503   	920.000000	0.0251419 	920.000000	0.0249841 	920.000000	0.0250266 	920.000000	3.39469e-06	
940.000000	0.0325706 	940.000000	0.0249176 	940.000000	0.02503   	940.000000	0.0248735 	940.000000	0.0249143 	940.000000	3.32825e-06	
960.000000	0.0324051 	960.000000	0.0248114 	960.000000	0.0249243 	960.000000	0.0247689 	960.000000	0.0248081 	960.000000	3.26446e-06	
980.000000	0.0322487 	980.000000	0.024711  	980.000000	0.0248249 	980.000000	0.0246699 	980.000000	0.0247078 	980.000000	3.20316e-06	
1000.000000	0.0321008 	1000.000000	0.0246161 	1000.000000	0.0247311 	1000.000000	0.0245763 	1000.000000	0.0246129 	1000.000000	3.1442e-06	
1020.000000	0.031961  	1020.000000	0.0245263 	1020.000000	0.0246425 	1020.000000	0.0244875 	1020.000000	0.0245232 	1020.000000	3.08746e-06	
1040.000000	0.0318288 	1040.000000	0.0244414 	1040.000000	0.0245586 	1040.000000	0.0244035 	1040.000000	0.0244384 	1040.000000	3.03281e-06	
1060.000000	0.0317039 	1060.000000	0.0243611 	1060.000000	0.024479  	1060.000000	0.0243238 	1060.000000	0.0243581 	1060.000000	2.98014e-06	
1080.000000	0.0315858 	1080.000000	0.0242852 	1080.000000	0.0244034 	1080.000000	0.0242483 	1080.000000	0.0242823 	1080.000000	2.92933e-06	
1100.000000	0.0314742 	1100.000000	0.0242134 	1100.000000	0.0243314 	1100.000000	0.0241766 	1100.000000	0.0242105 	1100.000000	2.88028e-06	
1120.000000	0.0313687 	1120.000000	0.0241455 	1120.000000	0.024264  	1120.000000	0.0241097 	1120.000000	0.0241426 	1120.000000	2.83292e-06	
1140.000000	0.0312692 	1140.000000	0.0240813 	1140.000000	0.0242    	1140.000000	0.0240465 	1140.000000	0.0240785 	1140.000000	2.78715e-06	
1160.000000	0.0311752 	1160.000000	0.0240206 	1160.000000	0.0241392 	1160.000000	0.0239866 	1160.000000	0.0240178 	1160.000000	2.74289e-06	
1180.000000	0.0310866 	1180.000000	0.0239632 	1180.000000	0.0240815 	1180.000000	0.0239297 	1180.000000	0.0239605 	1180.000000	2.70006e-06	
1200.000000	0.031003  	1200.000000	0.0239091 	1200.000000	0.024027  	1200.000000	0.0238758 	1200.000000	0.0239064 	1200.000000	2.6586e-06	
1220.000000	0.0309242 	1220.000000	0.0238579 	1220.000000	0.0239755 	1220.000000	0.0238246 	1220.000000	0.0238553 	1220.000000	2.61845e-06	
1240.000000	0.0308501 	1240.000000	0.0238096 	1240.000000	0.0239269 	1240.000000	0.023776  	1240.000000	0.0238071 	1240.000000	2.57953e-06	
1260.000000	0.0307804 	1260.000000	0.0237641 	1260.000000	0.0238808 	1260.000000	0.0237299 	1260.000000	0.0237616 	1260.000000	2.5418e-06	
1280.000000	0.0307149 	1280.000000	0.0237212 	1280.000000	0.0238371 	1280.000000	0.0236862 	1280.000000	0.0237187 	1280.000000	2.50519e-06	
1300.000000	0.0306535 	1300.000000	0.0236808 	1300.000000	0.0237956 	1300.000000	0.0236447 	1300.000000	0.0236784 	1300.000000	2.46967e-06	
1320.000000	0.0305959 	1320.000000	0.0236428 	1320.000000	0.023756  	1320.000000	0.0236053 	1320.000000	0.0236404 	1320.000000	2.43518e-06	
1340.000000	0.030542  	1340.000000	0.0236071 	1340.000000	0.0237182 	1340.000000	0.023568  	1340.000000	0.0236047 	1340.000000	2.40167e-06	
1360.000000	0.0304917 	1360.000000	0.0235736 	1360.000000	0.0236823 	1360.000000	0.0235326 	1360.000000	0.0235712 	1360.000000	2.3691e-06	
1380.000000	0.0304448 	1380.000000	0.0235421 	1380.000000	0.0236481 	1380.000000	0.0234991 	1380.000000	0.0235398 	1380.000000	2.33745e-06	
1400.000000	0.0304012 	1400.000000	0.0235127 	1400.000000	0.0236157 	1400.000000	0.0234672 	1400.000000	0.0235104 	1400.000000	2.30665e-06	
1420.000000	0.0303607 	1420.000000	0.0234852 	1420.000000	0.0235851 	1420.000000	0.0234371 	1420.000000	0.0234829 	1420.000000	2.27669e-06	
1440.000000	0.0303232 	1440.000000	0.0234595 	1440.000000	0.0235561 	1440.000000	0.0234085 	1440.000000	0.0234573 	1440.000000	2.24753e-06	
1460.000000	0.0302887 	1460.000000	0.0234356 	1460.000000	0.0235287 	1460.000000	0.0233815 	1460.000000	0.0234334 	1460.000000	2.21913e-06	
1480.000000	0.030257  	1480.000000	0.0234134 	1480.000000	0.0235029 	1480.000000	0.0233559 	1480.000000	0.0234112 	1480.000000	2.19147e-06	
1500.000000	0.0302279 	1500.000000	0.0233928 	1500.000000	0.0234786 	1500.000000	0.0233317 	1500.000000	0.0233906 	1500.000000	2.16451e-06	
1520.000000	0.0302015 	1520.000000	0.0233738 	1520.000000	0.0234557 	1520.000000	0.0233088 	1520.000000	0.0233717 	1520.000000	2.13823e-06	
1540.000000	0.0301776 	1540.000000	0.0233563 	1540.000000	0.023434  	1540.000000	0.0232872 	1540.000000	0.0233542 	1540.000000	2.11261e-06	
1560.000000	0.0301561 	1560.000000	0.0233402 	1560.000000	0.0234137 	1560.000000	0.0232668 	1560.000000	0.0233381 	1560.000000	2.08762e-06	
1580.000000	0.0301369 	1580.000000	0.0233256 	1580.000000	0.0233945 	1580.000000	0.0232475 	1580.000000	0.0233235 	1580.000000	2.06323e-06	
1600.000000	0.03012   	1600.000000	0.0233122 	1600.000000	0.0233764 	1600.000000	0.0232294 	1600.000000	0.0233102 	1600.000000	2.03943e-06	
1620.000000	0.0301053 	1620.000000	0.0233002 	1620.000000	0.0233594 	1620.000000	0.0232123 	1620.000000	0.0232982 	1620.000000	2.01619e-06	
1640.000000	0.0300926 	1640.000000	0.0232894 	1640.000000	0.0233433 	1640.000000	0.0231962 	1640.000000	0.0232874 	1640.000000	1.9935e-06	
1660.000000	0.030082  	1660.000000	0.0232799 	1660.000000	0.0233283 	1660.000000	0.0231811 	1660.000000	0.0232779 	1660.000000	1.97133e-06	
1680.000000	0.0300734 	1680.000000	0.0232714 	1680.000000	0.0233141 	1680.000000	0.023167  	1680.000000	0.0232695 	1680.000000	1.94966e-06	
1700.000000	0.0300667 	1700.000000	0.0232642 	1700.000000	0.0233008 	1700.000000	0.0231537 	1700.000000	0.0232622 	1700.000000	1.92849e-06	
1750.000000	0.0300578 	1750.000000	0.0232506 	1750.000000	0.0232712 	1750.000000	0.0231242 	1750.000000	0.0232487 	1750.000000	1.87758e-06	
1800.000000	0.0300596 	1800.000000	0.0232432 	1800.000000	0.0232461 	1800.000000	0.0230995 	1800.000000	0.0232414 	1800.000000	1.82938e-06	
1850.000000	0.0300713 	1850.000000	0.0232415 	1850.000000	0.0232251 	1850.000000	0.0230792 	1850.000000	0.0232397 	1850.000000	1.78368e-06	
1900.000000	0.0300922 	1900.000000	0.0232451 	1900.000000	0.023208  	1900.000000	0.0230629 	1900.000000	0.0232433 	1900.000000	1.7403e-06	
1950.000000	0.0301216 	1950.000000	0.0232535 	1950.000000	0.0231946 	1950.000000	0.0230501 	1950.000000	0.0232518 	1950.000000	1.69904e-06	
2000.000000	0.0301589 	2000.000000	0.0232664 	2000.000000	0.0231845 	2000.000000	0.0230406 	2000.000000	0.0232648 	2000.000000	1.65977e-06	
2100.000000	0.0302555 	2100.000000	0.0233045 	2100.000000	0.0231735 	2100.000000	0.0230302 	2100.000000	0.0233029 	2100.000000	1.58661e-06	
2200.000000	0.0303783 	2200.000000	0.023357  	2200.000000	0.0231729 	2200.000000	0.0230296 	2200.000000	0.0233555 	2200.000000	1.51984e-06	
2300.000000	0.0305242 	2300.000000	0.023422  	2300.000000	0.0231806 	2300.000000	0.0230373 	2300.000000	0.0234205 	2300.000000	1.45865e-06	
2400.000000	0.0306908 	2400.000000	0.023498  	2400.000000	0.0231948 	2400.000000	0.0230517 	2400.000000	0.0234966 	2400.000000	1.40236e-06	
2500.000000	0.0308759 	2500.000000	0.0235836 	2500.000000	0.0232143 	2500.000000	0.0230719 	2500.000000	0.0235823 	2500.000000	1.35039e-06	
2600.000000	0.0310776 	2600.000000	0.0236778 	2600.000000	0.0232386 	2600.000000	0.0230968 	2600.000000	0.0236765 	2600.000000	1.30227e-06	
2700.000000	0.0312945 	2700.000000	0.0237795 	2700.000000	0.0232669 	2700.000000	0.0231258 	2700.000000	0.0237783 	2700.000000	1.25757e-06	
2800.000000	0.0315251 	2800.000000	0.023888  	2800.000000	0.0232987 	2800.000000	0.0231582 	2800.000000	0.0238868 	2800.000000	1.21594e-06	
2900.000000	0.0317684 	2900.000000	0.0240025 	2900.000000	0.0233335 	2900.000000	0.0231934 	2900.000000	0.0240013 	2900.000000	1.17708e-06	
3000.000000	0.0320232 	3000.000000	0.0241224 	3000.000000	0.0233709 	3000.000000	0.023231  	3000.000000	0.0241213 	3000.000000	1.1407e-06	
3200.000000	0.0325641 	3200.000000	0.0243765 	3200.000000	0.0234516 	3200.000000	0.0233117 	3200.000000	0.0243754 	3200.000000	1.07451e-06	
3400.000000	0.0331419 	3400.000000	0.0246466 	3400.000000	0.0235378 	3400.000000	0.0233979 	3400.000000	0.0246455 	3400.000000	1.01581e-06	
3600.000000	0.0337519 	3600.000000	0.0249299 	3600.000000	0.0236276 	3600.000000	0.0234878 	3600.000000	0.024929  	3600.000000	9.63393e-07	
3800.000000	0.0343905 	3800.000000	0.0252244 	3800.000000	0.0237196 	3800.000000	0.0235799 	3800.000000	0.0252235 	3800.000000	9.16287e-07	
4000.000000	0.0350546 	4000.000000	0.0255282 	4000.000000	0.0238128 	4000.000000	0.0236734 	4000.000000	0.0255273 	4000.000000	8.73716e-07	
4200.000000	0.0357418 	4200.000000	0.02584   	4200.000000	0.0239065 	4200.000000	0.0237675 	4200.000000	0.0258391 	4200.000000	8.35049e-07	
4400.000000	0.0364501 	4400.000000	0.0261585 	4400.000000	0.0240001 	4400.000000	0.0238615 	4400.000000	0.0261577 	4400.000000	7.99767e-07	
4600.000000	0.0371777 	4600.000000	0.0264829 	4600.000000	0.0240933 	4600.000000	0.023955  	4600.000000	0.0264821 	4600.000000	7.67439e-07	
4800.000000	0.0379234 	4800.000000	0.0268123 	4800.000000	0.0241858 	4800.000000	0.0240479 	4800.000000	0.0268116 	4800.000000	7.37705e-07	
5000.000000	0.0386859 	5000.000000	0.0271461 	5000.000000	0.0242774 	5000.000000	0.0241397 	5000.000000	0.0271454 	5000.000000	7.10262e-07	
5250.000000	0.0396612 	5250.000000	0.0275686 	5250.000000	0.0243902 	5250.000000	0.0242528 	5250.000000	0.0275679 	5250.000000	6.78791e-07	
5500.000000	0.0406594 	5500.000000	0.0279962 	5500.000000	0.024501  	5500.000000	0.0243639 	5500.000000	0.0279955 	5500.000000	6.50076e-07	
6000.000000	0.0427198 	6000.000000	0.0288636 	6000.000000	0.0247161 	6000.000000	0.0245794 	6000.000000	0.028863  	6000.000000	5.99571e-07	
6500.000000	0.0448585 	6500.000000	0.0297437 	6500.000000	0.0249219 	6500.000000	0.0247855 	6500.000000	0.0297432 	6500.000000	5.56565e-07	
7000.000000	0.0470692 	7000.000000	0.0306332 	7000.000000	0.0251184 	7000.000000	0.0249823 	7000.000000	0.0306327 	7000.000000	5.19489e-07	
7500.000000	0.0493474 	7500.000000	0.0315298 	7500.000000	0.025306  	7500.000000	0.0251701 	7500.000000	0.0315293 	7500.000000	4.87183e-07	
8000.000000	0.0516896 	8000.000000	0.0324317 	8000.000000	0.025485  	8000.000000	0.0253493 	8000.000000	0.0324312 	8000.000000	4.58775e-07	
8500.000000	0.0540932 	8500.000000	0.0333376 	8500.000000	0.0256558 	8500.000000	0.0255203 	8500.000000	0.0333371 	8500.000000	4.33592e-07	
9000.000000	0.056556  	9000.000000	0.0342465 	9000.000000	0.0258191 	9000.000000	0.0256837 	9000.000000	0.034246  	9000.000000	4.1111e-07	
9500.000000	0.0590765 	9500.000000	0.0351576 	9500.000000	0.0259752 	9500.000000	0.0258399 	9500.000000	0.0351572 	9500.000000	3.90912e-07	
10000.000000	0.0616533 	10000.000000	0.0360703 	10000.000000	0.0261247 	10000.000000	0.0259895 	10000.000000	0.03607   	10000.000000	3.72664e-07	
11000.000000	0.066972  	11000.000000	0.0378989 	11000.000000	0.0264056 	11000.000000	0.0262705 	11000.000000	0.0378986 	11000.000000	3.40977e-07	
12000.000000	0.0725058 	12000.000000	0.0397295 	12000.000000	0.0266646 	12000.000000	0.0265299 	12000.000000	0.0397292 	12000.000000	3.14396e-07	
13000.000000	0.0782507 	13000.000000	0.0415603 	13000.000000	0.026904  	13000.000000	0.0267703 	13000.000000	0.04156   	13000.000000	2.9177e-07	
14000.000000	0.0842038 	14000.000000	0.04339   	14000.000000	0.0271261 	14000.000000	0.0269941 	14000.000000	0.0433898 	14000.000000	2.72268e-07	
15000.000000	0.0903633 	15000.000000	0.0452181 	15000.000000	0.0273333 	15000.000000	0.0272032 	15000.000000	0.0452178 	15000.000000	2.5528e-07	
16000.000000	0.096728  	16000.000000	0.0470439 	16000.000000	0.0275278 	16000.000000	0.0273993 	16000.000000	0.0470437 	16000.000000	2.40345e-07	
17000.000000	0.103297  	17000.000000	0.0488671 	17000.000000	0.0277113 	17000.000000	0.0275838 	17000.000000	0.0488669 	17000.000000	2.27109e-07	
18000.000000	0.110071  	18000.000000	0.0506875 	18000.000000	0.0278849 	18000.000000	0.0277578 	18000.000000	0.0506873 	18000.000000	2.15296e-07	
19000.000000	0.117048  	19000.000000	0.0525049 	19000.000000	0.0280496 	19000.000000	0.0279225 	19000.000000	0.0525047 	19000.000000	2.04684e-07	
20000.000000	0.12423   	20000.000000	0.0543194 	20000.000000	0.0282061 	20000.000000	0.0280787 	20000.000000	0.0543192 	20000.000000	1.95099e-07	
21000.000000	0.131616  	21000.000000	0.0561307 	21000.000000	0.0283545 	21000.000000	0.0282272 	21000.000000	0.0561305 	21000.000000	1.86396e-07	
22000.000000	0.139207  	22000.000000	0.057939  	22000.000000	0.0284943 	22000.000000	0.0283686 	22000.000000	0.0579388 	22000.000000	1.78458e-07	
23000.000000	0.147003  	23000.000000	0.0597443 	23000.000000	0.0286275 	23000.000000	0.0285036 	23000.000000	0.0597441 	23000.000000	1.71188e-07	
24000.000000	0.155006  	24000.000000	0.0615465 	24000.000000	0.0287552 	24000.000000	0.0286327 	24000.000000	0.0615464 	24000.000000	1.64504e-07	
25000.000000	0.163215  	25000.000000	0.0633458 	25000.000000	0.0288776 	25000.000000	0.0287564 	25000.000000	0.0633456 	25000.000000	1.58337e-07	
26000.000000	0.171632  	26000.000000	0.0651421 	26000.000000	0.0289951 	26000.000000	0.028875  	26000.000000	0.065142  	26000.000000	1.52628e-07	
27000.000000	0.180257  	27000.000000	0.0669356 	27000.000000	0.0291082 	27000.000000	0.028989  	27000.000000	0.0669355 	27000.000000	1.47329e-07	
28000.000000	0.189091  	28000.000000	0.0687263 	28000.000000	0.0292169 	28000.000000	0.0290986 	28000.000000	0.0687261 	28000.000000	1.42396e-07	
29000.000000	0.198135  	29000.000000	0.0705142 	29000.000000	0.0293215 	29000.000000	0.0292042 	29000.000000	0.070514  	29000.000000	1.37792e-07	
30000.000000	0.207391  	30000.000000	0.0722994 	30000.000000	0.0294222 	30000.000000	0.0293061 	30000.000000	0.0722993 	30000.000000	1.33484e-07	
32000.000000	0.226538  	32000.000000	0.075862  	32000.000000	0.0296126 	32000.000000	0.0294995 	32000.000000	0.0758619 	32000.000000	1.25652e-07	
34000.000000	0.246542  	34000.000000	0.0794145 	34000.000000	0.02979   	34000.000000	0.0296805 	34000.000000	0.0794144 	34000.000000	1.18712e-07	
36000.000000	0.26741   	36000.000000	0.0829574 	36000.000000	0.0299563 	36000.000000	0.0298506 	36000.000000	0.0829573 	36000.000000	1.12518e-07	
38000.000000	0.289151  	38000.000000	0.0864911 	38000.000000	0.0301129 	38000.000000	0.030011  	38000.000000	0.086491  	38000.000000	1.06956e-07	
40000.000000	0.311774  	40000.000000	0.090016  	40000.000000	0.0302609 	40000.000000	0.0301625 	40000.000000	0.0900159 	40000.000000	1.01933e-07	
42000.000000	0.335287  	42000.000000	0.0935325 	42000.000000	0.0304008 	42000.000000	0.0303062 	42000.000000	0.0935324 	42000.000000	9.73724e-08	
44000.000000	0.359701  	44000.000000	0.097041  	44000.000000	0.0305333 	44000.000000	0.0304427 	44000.000000	0.0970409 	44000.000000	9.32138e-08	
46000.000000	0.385024  	46000.000000	0.100542  	46000.000000	0.0306591 	46000.000000	0.0305728 	46000.000000	0.100542  	46000.000000	8.94055e-08	
48000.000000	0.411267  	48000.000000	0.104035  	48000.000000	0.0307788 	48000.000000	0.0306969 	48000.000000	0.104035  	48000.000000	8.59046e-08	
50000.000000	0.438438  	50000.000000	0.107521  	50000.000000	0.0308929 	50000.000000	0.0308155 	50000.000000	0.107521  	50000.000000	8.26749e-08	
