*Energy (MeV/u)1	0 - [He-base] F.Hubert et al, AD&ND Tables 46(1990)1	Energy (MeV/u)2	1 - [H -base] J.F.Ziegler et al, Pergamon Press, NY (low energy)	Energy (MeV/u)3	2 - ATIMA 1.2  LS-theory (recommended for high energy)	Energy (MeV/u)4	3 - ATIMA 1.2  without LS-correction	Energy (MeV/u)5	4 - electrical component of [1] - J.F.Ziegler et al	Energy (MeV/u)6	5 - nuclear component of [1] - J.F.Ziegler et al	
0.001000	1.24825   	0.001000	0.171314  	0.001000	0.151374  	0.001000	0.151374  	0.001000	0.115911  	0.001000	0.0554028 	
0.002000	1.37747   	0.002000	0.214357  	0.002000	0.189531  	0.002000	0.189531  	0.002000	0.16055   	0.002000	0.0538072 	
0.005000	1.69328   	0.005000	0.292042  	0.005000	0.25967   	0.005000	0.25967   	0.005000	0.246968  	0.005000	0.0450731 	
0.008000	1.93877   	0.008000	0.346625  	0.008000	0.310051  	0.008000	0.310051  	0.008000	0.308019  	0.008000	0.0386061 	
0.010000	2.07835   	0.010000	0.377429  	0.010000	0.338835  	0.010000	0.338835  	0.010000	0.342078  	0.010000	0.0353504 	
0.015000	2.42802   	0.015000	0.44335   	0.015000	0.401148  	0.015000	0.401148  	0.015000	0.413893  	0.015000	0.0294564 	
0.020000	2.70464   	0.020000	0.504342  	0.020000	0.46357   	0.020000	0.46357   	0.020000	0.478875  	0.020000	0.0254674 	
0.025000	3.00783   	0.025000	0.563668  	0.025000	0.528912  	0.025000	0.528912  	0.025000	0.541108  	0.025000	0.0225598 	
0.030000	3.26296   	0.030000	0.619713  	0.030000	0.577243  	0.030000	0.577243  	0.030000	0.599383  	0.030000	0.0203304 	
0.035000	3.44413   	0.035000	0.672787  	0.035000	0.623495  	0.035000	0.623495  	0.035000	0.654229  	0.035000	0.0185573 	
0.040000	3.57868   	0.040000	0.716634  	0.040000	0.667761  	0.040000	0.667761  	0.040000	0.699526  	0.040000	0.0171077 	
0.045000	3.67241   	0.045000	0.757469  	0.045000	0.710104  	0.045000	0.710104  	0.045000	0.741572  	0.045000	0.0158968 	
0.050000	3.72854   	0.050000	0.796141  	0.050000	0.750574  	0.050000	0.750574  	0.050000	0.781273  	0.050000	0.0148676 	
0.055000	3.86809   	0.055000	0.832757  	0.055000	0.789213  	0.055000	0.789213  	0.055000	0.818777  	0.055000	0.0139802 	
0.060000	3.9846    	0.060000	0.867409  	0.060000	0.826063  	0.060000	0.826063  	0.060000	0.854203  	0.060000	0.0132061 	
0.070000	4.15618   	0.070000	0.931133  	0.070000	0.894577  	0.070000	0.894577  	0.070000	0.919216  	0.070000	0.0119172 	
0.080000	4.34662   	0.080000	0.987906  	0.080000	0.956492  	0.080000	0.956492  	0.080000	0.977022  	0.080000	0.0108841 	
0.090000	4.48871   	0.090000	1.03823   	0.090000	1.01215   	0.090000	1.01215   	0.090000	1.02826   	0.090000	0.00997151	
0.100000	4.5953    	0.100000	1.08281   	0.100000	1.06212   	0.100000	1.06212   	0.100000	1.07355   	0.100000	0.00926534	
0.120000	4.63227   	0.120000	1.15668   	0.120000	1.14655   	0.120000	1.14655   	0.120000	1.14854   	0.120000	0.00814178	
0.140000	4.65779   	0.140000	1.22068   	0.140000	1.21317   	0.140000	1.21317   	0.140000	1.2134    	0.140000	0.0072843 	
0.160000	4.66871   	0.160000	1.27027   	0.160000	1.26511   	0.160000	1.26511   	0.160000	1.26369   	0.160000	0.00658495	
0.180000	4.68028   	0.180000	1.30754   	0.180000	1.3052    	0.180000	1.3052    	0.180000	1.3015    	0.180000	0.00603537	
0.200000	4.69761   	0.200000	1.33525   	0.200000	1.33573   	0.200000	1.33573   	0.200000	1.32967   	0.200000	0.00557842	
0.250000	4.64218   	0.250000	1.38412   	0.250000	1.38204   	0.250000	1.38204   	0.250000	1.3794    	0.250000	0.00471111	
0.300000	4.62409   	0.300000	1.41303   	0.300000	1.40102   	0.300000	1.40102   	0.300000	1.40893   	0.300000	0.00409504	
0.350000	4.61128   	0.350000	1.43028   	0.350000	1.40553   	0.350000	1.40553   	0.350000	1.42665   	0.350000	0.00363259	
0.400000	4.63379   	0.400000	1.451     	0.400000	1.41375   	0.400000	1.41375   	0.400000	1.44773   	0.400000	0.00327141	
0.450000	4.64314   	0.450000	1.46767   	0.450000	1.41315   	0.450000	1.41315   	0.450000	1.46469   	0.450000	0.00298075	
0.500000	4.63728   	0.500000	1.47784   	0.500000	1.40718   	0.500000	1.40718   	0.500000	1.4751    	0.500000	0.00274131	
0.600000	4.44852   	0.600000	1.49425   	0.600000	1.38502   	0.600000	1.38502   	0.600000	1.49188   	0.600000	0.00236898	
0.700000	4.17708   	0.700000	1.48002   	0.700000	1.35545   	0.700000	1.35545   	0.700000	1.47793   	0.700000	0.00209183	
0.800000	4.02158   	0.800000	1.44274   	0.800000	1.32531   	0.800000	1.32531   	0.800000	1.44087   	0.800000	0.0018768 	
0.900000	3.86703   	0.900000	1.40452   	0.900000	1.29546   	0.900000	1.29546   	0.900000	1.40282   	0.900000	0.00170468	
1.000000	3.71511   	1.000000	1.3656    	1.000000	1.26624   	1.000000	1.26624   	1.000000	1.36403   	1.000000	0.00156353	
1.250000	3.36011   	1.250000	1.27321   	1.250000	1.19318   	1.250000	1.19318   	1.250000	1.27191   	1.250000	0.0013005 	
1.500000	3.04931   	1.500000	1.18715   	1.500000	1.12545   	1.500000	1.12545   	1.500000	1.18604   	1.500000	0.00111757	
1.750000	2.77917   	1.750000	1.1079    	1.750000	1.06599   	1.750000	1.06599   	1.750000	1.10692   	1.750000	0.00098243	
2.000000	2.55562   	2.000000	1.04144   	2.000000	1.01269   	2.000000	1.01269   	2.000000	1.04056   	2.000000	0.000878205	
2.250000	2.37057   	2.250000	0.984265  	2.250000	0.964497  	2.250000	0.964497  	2.250000	0.98347   	2.250000	0.000795193	
2.500000	2.17328   	2.500000	0.933934  	2.500000	0.92071   	2.500000	0.92071   	2.500000	0.933206  	2.500000	0.000727401	
3.000000	1.92752   	3.000000	0.845784  	3.000000	0.844334  	3.000000	0.844334  	3.000000	0.845161  	3.000000	0.000623079	
3.500000	1.73424   	3.500000	0.777254  	3.500000	0.780238  	3.500000	0.780238  	3.500000	0.776708  	3.500000	0.000546323	
4.000000	1.57815   	4.000000	0.721358  	4.000000	0.72589   	4.000000	0.72589   	4.000000	0.720871  	4.000000	0.000487322	
4.500000	1.44935   	4.500000	0.674414  	4.500000	0.679331  	4.500000	0.679331  	4.500000	0.673974  	4.500000	0.000440458	
5.000000	1.34118   	5.000000	0.63421   	5.000000	0.639051  	5.000000	0.639051  	5.000000	0.633808  	5.000000	0.000402276	
5.500000	1.249     	5.500000	0.599283  	5.500000	0.603865  	5.500000	0.603865  	5.500000	0.598912  	5.500000	0.000370528	
6.000000	1.16946   	6.000000	0.568599  	6.000000	0.572864  	6.000000	0.572864  	6.000000	0.568255  	6.000000	0.000343686	
6.500000	1.10009   	6.500000	0.541393  	6.500000	0.545337  	6.500000	0.545337  	6.500000	0.541072  	6.500000	0.000320675	
7.000000	1.03903   	7.000000	0.517081  	7.000000	0.52072   	7.000000	0.52072   	7.000000	0.51678   	7.000000	0.000300715	
7.500000	0.984858  	7.500000	0.495207  	7.500000	0.498565  	7.500000	0.498565  	7.500000	0.494924  	7.500000	0.000283227	
8.000000	0.936448  	8.000000	0.475407  	8.000000	0.478509  	8.000000	0.478509  	8.000000	0.47514   	8.000000	0.000267771	
8.500000	0.892915  	8.500000	0.457389  	8.500000	0.460258  	8.500000	0.460258  	8.500000	0.457135  	8.500000	0.000254004	
9.000000	0.853548  	9.000000	0.440914  	9.000000	0.44357   	9.000000	0.44357   	9.000000	0.440672  	9.000000	0.00024166	
9.500000	0.817767  	9.500000	0.425783  	9.500000	0.428246  	9.500000	0.428246  	9.500000	0.425552  	9.500000	0.000230525	
10.000000	0.785095  	10.000000	0.41478   	10.000000	0.414118  	10.000000	0.414118  	10.000000	0.41456   	10.000000	0.000220426	
11.000000	0.727568  	11.000000	0.393029  	11.000000	0.389935  	11.000000	0.390247  	11.000000	0.392826  	11.000000	0.000202798	
12.000000	0.67851   	12.000000	0.373205  	12.000000	0.368736  	12.000000	0.369248  	12.000000	0.373017  	12.000000	0.000187916	
13.000000	0.636155  	13.000000	0.355178  	13.000000	0.349971  	13.000000	0.350611  	13.000000	0.355003  	13.000000	0.000175174	
14.000000	0.599198  	14.000000	0.338781  	14.000000	0.33323   	14.000000	0.333952  	14.000000	0.338617  	14.000000	0.000164135	
15.000000	0.566654  	15.000000	0.323841  	15.000000	0.318198  	15.000000	0.318967  	15.000000	0.323686  	15.000000	0.000154472	
16.000000	0.537766  	16.000000	0.310196  	16.000000	0.304616  	16.000000	0.30541   	16.000000	0.31005   	16.000000	0.00014594	
17.000000	0.511941  	17.000000	0.297701  	17.000000	0.29228   	17.000000	0.293083  	17.000000	0.297563  	17.000000	0.000138348	
18.000000	0.488711  	18.000000	0.286225  	18.000000	0.28103   	18.000000	0.281822  	18.000000	0.286094  	18.000000	0.000131545	
19.000000	0.467695  	19.000000	0.275656  	19.000000	0.270725  	19.000000	0.271493  	19.000000	0.275531  	19.000000	0.000125414	
20.000000	0.448588  	20.000000	0.265895  	20.000000	0.261199  	20.000000	0.261943  	20.000000	0.265775  	20.000000	0.000119857	
21.000000	0.431136  	21.000000	0.256854  	21.000000	0.252432  	21.000000	0.253149  	21.000000	0.256739  	21.000000	0.000114796	
22.000000	0.41513   	22.000000	0.24846   	22.000000	0.244311  	22.000000	0.244993  	22.000000	0.24835   	22.000000	0.000110166	
23.000000	0.400395  	23.000000	0.240646  	23.000000	0.236764  	23.000000	0.237404  	23.000000	0.24054   	23.000000	0.000105914	
24.000000	0.386782  	24.000000	0.233356  	24.000000	0.22972   	24.000000	0.230323  	24.000000	0.233254  	24.000000	0.000101995	
25.000000	0.374165  	25.000000	0.226539  	25.000000	0.223127  	25.000000	0.223697  	25.000000	0.22644   	25.000000	9.83691e-05	
27.000000	0.351508  	27.000000	0.214151  	27.000000	0.211141  	27.000000	0.211642  	27.000000	0.214059  	27.000000	9.18757e-05	
29.000000	0.331728  	29.000000	0.203189  	29.000000	0.20053   	29.000000	0.200943  	29.000000	0.203103  	29.000000	8.62251e-05	
31.000000	0.314302  	31.000000	0.19342   	31.000000	0.191039  	31.000000	0.191358  	31.000000	0.193338  	31.000000	8.12608e-05	
33.000000	0.298826  	33.000000	0.184658  	33.000000	0.182501  	33.000000	0.182744  	33.000000	0.184581  	33.000000	7.68631e-05	
35.000000	0.284986  	35.000000	0.176755  	35.000000	0.174871  	35.000000	0.175019  	35.000000	0.176683  	35.000000	7.29387e-05	
38.000000	0.266757  	38.000000	0.166253  	38.000000	0.164725  	38.000000	0.164777  	38.000000	0.166185  	38.000000	6.77826e-05	
41.000000	0.251003  	41.000000	0.157094  	41.000000	0.155878  	41.000000	0.15586   	41.000000	0.157031  	41.000000	6.33386e-05	
44.000000	0.237245  	44.000000	0.149035  	44.000000	0.148068  	44.000000	0.148017  	44.000000	0.148975  	44.000000	5.94667e-05	
47.000000	0.225119  	47.000000	0.141886  	47.000000	0.141148  	47.000000	0.14106   	47.000000	0.14183   	47.000000	5.60614e-05	
50.000000	0.214346  	50.000000	0.135501  	50.000000	0.134978  	50.000000	0.134841  	50.000000	0.135448  	50.000000	5.30421e-05	
55.000000	0.198825  	55.000000	0.126247  	55.000000	0.125986  	55.000000	0.125816  	55.000000	0.126198  	55.000000	4.87023e-05	
60.000000	0.185717  	60.000000	0.118386  	60.000000	0.118325  	60.000000	0.118133  	60.000000	0.118341  	60.000000	4.50473e-05	
65.000000	0.17449   	65.000000	0.111622  	65.000000	0.11173   	65.000000	0.111506  	65.000000	0.11158   	65.000000	4.19248e-05	
70.000000	0.164759  	70.000000	0.105738  	70.000000	0.105956  	70.000000	0.105728  	70.000000	0.105699  	70.000000	3.92248e-05	
75.000000	0.156238  	75.000000	0.100572  	75.000000	0.100895  	75.000000	0.10064   	75.000000	0.100535  	75.000000	3.68658e-05	
80.000000	0.14871   	80.000000	0.0959981 	80.000000	0.0963873 	80.000000	0.0961258 	80.000000	0.0959633 	80.000000	3.47861e-05	
85.000000	0.142008  	85.000000	0.0919195 	85.000000	0.0923557 	85.000000	0.0920904 	85.000000	0.0918865 	85.000000	3.29383e-05	
90.000000	0.135999  	90.000000	0.088259  	90.000000	0.0887288 	90.000000	0.0884605 	90.000000	0.0882277 	90.000000	3.12852e-05	
95.000000	0.13058   	95.000000	0.0849549 	95.000000	0.0854476 	95.000000	0.085177  	95.000000	0.0849251 	95.000000	2.97969e-05	
100.000000	0.125666  	100.000000	0.0819571 	100.000000	0.0824643 	100.000000	0.0821919 	100.000000	0.0819286 	100.000000	2.84498e-05	
105.000000	0.121187  	105.000000	0.0792245 	105.000000	0.0797396 	105.000000	0.0794658 	105.000000	0.0791973 	105.000000	2.72244e-05	
110.000000	0.117087  	110.000000	0.0767231 	110.000000	0.0772402 	110.000000	0.0769658 	110.000000	0.076697  	110.000000	2.61046e-05	
115.000000	0.113319  	115.000000	0.0744245 	115.000000	0.0749416 	115.000000	0.0746648 	115.000000	0.0743995 	115.000000	2.50772e-05	
120.000000	0.109843  	120.000000	0.0723049 	120.000000	0.0728109 	120.000000	0.0725396 	120.000000	0.0722808 	120.000000	2.4131e-05	
125.000000	0.106625  	125.000000	0.0703439 	125.000000	0.0708339 	125.000000	0.0705706 	125.000000	0.0703207 	125.000000	2.32566e-05	
130.000000	0.103638  	130.000000	0.0685243 	130.000000	0.0690057 	130.000000	0.0687411 	130.000000	0.0685019 	130.000000	2.24461e-05	
135.000000	0.100856  	135.000000	0.0668312 	135.000000	0.0673018 	135.000000	0.0670367 	135.000000	0.0668095 	135.000000	2.16925e-05	
140.000000	0.0982581 	140.000000	0.0652518 	140.000000	0.0657099 	140.000000	0.0654448 	140.000000	0.0652308 	140.000000	2.09901e-05	
145.000000	0.0958268 	145.000000	0.063775  	145.000000	0.0642198 	145.000000	0.0639546 	145.000000	0.0637546 	145.000000	2.03336e-05	
150.000000	0.093546  	150.000000	0.0623909 	150.000000	0.0628216 	150.000000	0.0625567 	150.000000	0.0623712 	150.000000	1.97187e-05	
155.000000	0.0903345 	155.000000	0.0610911 	155.000000	0.0615086 	155.000000	0.0612427 	155.000000	0.061072  	155.000000	1.91415e-05	
160.000000	0.0884521 	160.000000	0.0598681 	160.000000	0.0602691 	160.000000	0.0600053 	160.000000	0.0598495 	160.000000	1.85985e-05	
165.000000	0.086677  	165.000000	0.0587153 	165.000000	0.0590948 	165.000000	0.0588379 	165.000000	0.0586972 	165.000000	1.80868e-05	
170.000000	0.0850002 	170.000000	0.0576267 	170.000000	0.0579886 	170.000000	0.0577347 	170.000000	0.0576091 	170.000000	1.76037e-05	
175.000000	0.0834135 	175.000000	0.0565972 	175.000000	0.0569453 	175.000000	0.0566907 	175.000000	0.05658   	175.000000	1.71469e-05	
180.000000	0.0819098 	180.000000	0.055622  	180.000000	0.0559555 	180.000000	0.0557012 	180.000000	0.0556052 	180.000000	1.67141e-05	
185.000000	0.0804828 	185.000000	0.0546969 	185.000000	0.0550163 	185.000000	0.054762  	185.000000	0.0546806 	185.000000	1.63036e-05	
190.000000	0.0791265 	190.000000	0.0538182 	190.000000	0.0541241 	190.000000	0.0538694 	190.000000	0.0538023 	190.000000	1.59136e-05	
195.000000	0.0778358 	195.000000	0.0529825 	195.000000	0.053272  	195.000000	0.0530201 	195.000000	0.0529669 	195.000000	1.55426e-05	
200.000000	0.076606  	200.000000	0.0521866 	200.000000	0.0524575 	200.000000	0.052211  	200.000000	0.0521714 	200.000000	1.51893e-05	
210.000000	0.0743124 	210.000000	0.0507037 	210.000000	0.0509467 	210.000000	0.0507026 	210.000000	0.0506892 	210.000000	1.45307e-05	
220.000000	0.0722162 	220.000000	0.0493501 	220.000000	0.0495687 	220.000000	0.0493248 	220.000000	0.0493362 	220.000000	1.3929e-05	
230.000000	0.0702927 	230.000000	0.0481097 	230.000000	0.0483057 	230.000000	0.0480617 	230.000000	0.0480963 	230.000000	1.33772e-05	
240.000000	0.0685214 	240.000000	0.0469688 	240.000000	0.0471375 	240.000000	0.0468997 	240.000000	0.046956  	240.000000	1.28691e-05	
250.000000	0.0668846 	250.000000	0.0459161 	250.000000	0.0460614 	250.000000	0.0458272 	250.000000	0.0459037 	250.000000	1.23998e-05	
260.000000	0.0653677 	260.000000	0.0449418 	260.000000	0.0450691 	260.000000	0.0448346 	260.000000	0.0449298 	260.000000	1.19649e-05	
270.000000	0.0639578 	270.000000	0.0440375 	270.000000	0.0441468 	270.000000	0.0439133 	270.000000	0.0440259 	270.000000	1.15606e-05	
280.000000	0.0626441 	280.000000	0.043196  	280.000000	0.0432875 	280.000000	0.0430561 	280.000000	0.0431848 	280.000000	1.11839e-05	
290.000000	0.061417  	290.000000	0.0424111 	290.000000	0.0424841 	290.000000	0.0422567 	290.000000	0.0424002 	290.000000	1.08319e-05	
300.000000	0.0602683 	300.000000	0.0416773 	300.000000	0.0417348 	300.000000	0.0415097 	300.000000	0.0416668 	300.000000	1.05023e-05	
310.000000	0.0591907 	310.000000	0.0409899 	310.000000	0.0410355 	310.000000	0.0408101 	310.000000	0.0409797 	310.000000	1.01929e-05	
320.000000	0.0581779 	320.000000	0.0403447 	320.000000	0.040379  	320.000000	0.0401538 	320.000000	0.0403348 	320.000000	9.90202e-06	
330.000000	0.0572243 	330.000000	0.0397381 	330.000000	0.0397587 	330.000000	0.039537  	330.000000	0.0397284 	330.000000	9.6279e-06	
340.000000	0.0563249 	340.000000	0.0391666 	340.000000	0.039174  	340.000000	0.0389563 	340.000000	0.0391573 	340.000000	9.36916e-06	
350.000000	0.0554752 	350.000000	0.0386275 	350.000000	0.0386258 	350.000000	0.0384089 	350.000000	0.0386184 	350.000000	9.12452e-06	
360.000000	0.0546713 	360.000000	0.0381182 	360.000000	0.0381094 	360.000000	0.0378919 	360.000000	0.0381093 	360.000000	8.89283e-06	
370.000000	0.0539097 	370.000000	0.0376362 	370.000000	0.0376202 	370.000000	0.0374032 	370.000000	0.0376275 	370.000000	8.67309e-06	
380.000000	0.0531872 	380.000000	0.0371796 	380.000000	0.0371546 	380.000000	0.0369405 	380.000000	0.0371711 	380.000000	8.46438e-06	
390.000000	0.052501  	390.000000	0.0367464 	390.000000	0.0367126 	390.000000	0.0365019 	390.000000	0.0367381 	390.000000	8.26588e-06	
400.000000	0.0518483 	400.000000	0.036335  	400.000000	0.036295  	400.000000	0.0360856 	400.000000	0.0363269 	400.000000	8.07684e-06	
410.000000	0.051227  	410.000000	0.0359437 	410.000000	0.0358999 	410.000000	0.0356902 	410.000000	0.0359358 	410.000000	7.89661e-06	
420.000000	0.0506349 	420.000000	0.0355713 	420.000000	0.0355241 	420.000000	0.0353141 	420.000000	0.0355636 	420.000000	7.72456e-06	
430.000000	0.0500699 	430.000000	0.0352165 	430.000000	0.0351653 	430.000000	0.0349561 	430.000000	0.0352089 	430.000000	7.56014e-06	
440.000000	0.0495305 	440.000000	0.034878  	440.000000	0.0348216 	440.000000	0.0346149 	440.000000	0.0348706 	440.000000	7.40286e-06	
450.000000	0.0490149 	450.000000	0.0345549 	450.000000	0.0344935 	450.000000	0.0342895 	450.000000	0.0345477 	450.000000	7.25225e-06	
460.000000	0.0485217 	460.000000	0.0342462 	460.000000	0.034182  	460.000000	0.033979  	460.000000	0.0342391 	460.000000	7.10789e-06	
470.000000	0.0480496 	470.000000	0.033951  	470.000000	0.0338853 	470.000000	0.0336822 	470.000000	0.033944  	470.000000	6.96939e-06	
480.000000	0.0475971 	480.000000	0.0336684 	480.000000	0.0336008 	480.000000	0.0333986 	480.000000	0.0336616 	480.000000	6.8364e-06	
490.000000	0.0471634 	490.000000	0.0333978 	490.000000	0.0333271 	490.000000	0.0331271 	490.000000	0.033391  	490.000000	6.70859e-06	
500.000000	0.0467471 	500.000000	0.0331383 	500.000000	0.0330649 	500.000000	0.0328672 	500.000000	0.0331318 	500.000000	6.58566e-06	
520.000000	0.0459635 	520.000000	0.0326507 	520.000000	0.032576  	520.000000	0.0323795 	520.000000	0.0326444 	520.000000	6.35335e-06	
540.000000	0.0452393 	540.000000	0.0322009 	540.000000	0.0321276 	540.000000	0.0319305 	540.000000	0.0321948 	540.000000	6.13749e-06	
560.000000	0.0445684 	560.000000	0.0317851 	560.000000	0.0317121 	560.000000	0.0315163 	560.000000	0.0317791 	560.000000	5.93637e-06	
580.000000	0.0439457 	580.000000	0.0313997 	580.000000	0.0313257 	580.000000	0.0311334 	580.000000	0.031394  	580.000000	5.7485e-06	
600.000000	0.0433664 	600.000000	0.031042  	600.000000	0.0309691 	600.000000	0.0307786 	600.000000	0.0310364 	600.000000	5.57261e-06	
620.000000	0.0428267 	620.000000	0.0307092 	620.000000	0.0306399 	620.000000	0.0304493 	620.000000	0.0307038 	620.000000	5.40756e-06	
640.000000	0.042323  	640.000000	0.0303991 	640.000000	0.0303339 	640.000000	0.0301431 	640.000000	0.0303938 	640.000000	5.25238e-06	
660.000000	0.0418522 	660.000000	0.0301097 	660.000000	0.0300476 	660.000000	0.029858  	660.000000	0.0301046 	660.000000	5.10619e-06	
680.000000	0.0414116 	680.000000	0.0298392 	680.000000	0.0297791 	680.000000	0.029592  	680.000000	0.0298342 	680.000000	4.96822e-06	
700.000000	0.0409986 	700.000000	0.0295861 	700.000000	0.0295287 	700.000000	0.0293436 	700.000000	0.0295813 	700.000000	4.8378e-06	
720.000000	0.0406112 	720.000000	0.0293489 	720.000000	0.0292959 	720.000000	0.0291113 	720.000000	0.0293442 	720.000000	4.7143e-06	
740.000000	0.0402474 	740.000000	0.0291264 	740.000000	0.0290786 	740.000000	0.0288938 	740.000000	0.0291218 	740.000000	4.59719e-06	
760.000000	0.0399054 	760.000000	0.0289175 	760.000000	0.0288749 	760.000000	0.0286899 	760.000000	0.028913  	760.000000	4.48598e-06	
780.000000	0.0395836 	780.000000	0.0287211 	780.000000	0.028683  	780.000000	0.0284985 	780.000000	0.0287168 	780.000000	4.38022e-06	
800.000000	0.0392806 	800.000000	0.0285364 	800.000000	0.0285017 	800.000000	0.0283188 	800.000000	0.0285321 	800.000000	4.27952e-06	
820.000000	0.038995  	820.000000	0.0283625 	820.000000	0.0283308 	820.000000	0.0281498 	820.000000	0.0283583 	820.000000	4.18352e-06	
840.000000	0.0387258 	840.000000	0.0281986 	840.000000	0.0281705 	840.000000	0.0279908 	840.000000	0.0281945 	840.000000	4.09189e-06	
860.000000	0.0384718 	860.000000	0.028044  	860.000000	0.0280206 	860.000000	0.027841  	860.000000	0.02804   	860.000000	4.00435e-06	
880.000000	0.038232  	880.000000	0.0278983 	880.000000	0.0278794 	880.000000	0.0276999 	880.000000	0.0278943 	880.000000	3.92061e-06	
900.000000	0.0380057 	900.000000	0.0277607 	900.000000	0.0277458 	900.000000	0.0275668 	900.000000	0.0277568 	900.000000	3.84043e-06	
920.000000	0.0377918 	920.000000	0.0276307 	920.000000	0.0276188 	920.000000	0.0274411 	920.000000	0.027627  	920.000000	3.76359e-06	
940.000000	0.0375897 	940.000000	0.027508  	940.000000	0.0274987 	940.000000	0.0273225 	940.000000	0.0275043 	940.000000	3.68988e-06	
960.000000	0.0373988 	960.000000	0.027392  	960.000000	0.0273855 	960.000000	0.0272104 	960.000000	0.0273883 	960.000000	3.61911e-06	
980.000000	0.0372182 	980.000000	0.0272823 	980.000000	0.0272789 	980.000000	0.0271044 	980.000000	0.0272787 	980.000000	3.55111e-06	
1000.000000	0.0370476 	1000.000000	0.0271786 	1000.000000	0.0271786 	1000.000000	0.0270042 	1000.000000	0.0271751 	1000.000000	3.48571e-06	
1020.000000	0.0368862 	1020.000000	0.0270805 	1020.000000	0.0270839 	1020.000000	0.0269093 	1020.000000	0.0270771 	1020.000000	3.42276e-06	
1040.000000	0.0367337 	1040.000000	0.0269877 	1040.000000	0.0269943 	1040.000000	0.0268196 	1040.000000	0.0269844 	1040.000000	3.36214e-06	
1060.000000	0.0365895 	1060.000000	0.0269    	1060.000000	0.0269094 	1060.000000	0.0267345 	1060.000000	0.0268967 	1060.000000	3.3037e-06	
1080.000000	0.0364532 	1080.000000	0.0268169 	1080.000000	0.0268287 	1080.000000	0.026654  	1080.000000	0.0268137 	1080.000000	3.24734e-06	
1100.000000	0.0363244 	1100.000000	0.0267384 	1100.000000	0.0267521 	1100.000000	0.0265777 	1100.000000	0.0267352 	1100.000000	3.19294e-06	
1120.000000	0.0362027 	1120.000000	0.0266642 	1120.000000	0.0266799 	1120.000000	0.0265061 	1120.000000	0.026661  	1120.000000	3.1404e-06	
1140.000000	0.0360878 	1140.000000	0.0265939 	1140.000000	0.0266113 	1140.000000	0.0264385 	1140.000000	0.0265908 	1140.000000	3.08962e-06	
1160.000000	0.0359793 	1160.000000	0.0265275 	1160.000000	0.0265462 	1160.000000	0.0263744 	1160.000000	0.0265245 	1160.000000	3.04052e-06	
1180.000000	0.035877  	1180.000000	0.0264648 	1180.000000	0.0264846 	1180.000000	0.0263136 	1180.000000	0.0264618 	1180.000000	2.99302e-06	
1200.000000	0.0357806 	1200.000000	0.0264055 	1200.000000	0.0264264 	1200.000000	0.026256  	1200.000000	0.0264025 	1200.000000	2.94703e-06	
1220.000000	0.0356897 	1220.000000	0.0263494 	1220.000000	0.0263715 	1220.000000	0.0262014 	1220.000000	0.0263465 	1220.000000	2.90249e-06	
1240.000000	0.0356041 	1240.000000	0.0262966 	1240.000000	0.0263197 	1240.000000	0.0261497 	1240.000000	0.0262937 	1240.000000	2.85933e-06	
1260.000000	0.0355237 	1260.000000	0.0262467 	1260.000000	0.0262706 	1260.000000	0.0261007 	1260.000000	0.0262439 	1260.000000	2.81747e-06	
1280.000000	0.0354481 	1280.000000	0.0261997 	1280.000000	0.0262242 	1280.000000	0.0260542 	1280.000000	0.0261969 	1280.000000	2.77687e-06	
1300.000000	0.0353772 	1300.000000	0.0261554 	1300.000000	0.02618   	1300.000000	0.0260101 	1300.000000	0.0261527 	1300.000000	2.73747e-06	
1320.000000	0.0353107 	1320.000000	0.0261137 	1320.000000	0.026138  	1320.000000	0.0259684 	1320.000000	0.026111  	1320.000000	2.69921e-06	
1340.000000	0.0352486 	1340.000000	0.0260745 	1340.000000	0.026098  	1340.000000	0.0259289 	1340.000000	0.0260718 	1340.000000	2.66205e-06	
1360.000000	0.0351905 	1360.000000	0.0260377 	1360.000000	0.02606   	1360.000000	0.0258914 	1360.000000	0.0260351 	1360.000000	2.62593e-06	
1380.000000	0.0351364 	1380.000000	0.0260031 	1380.000000	0.0260238 	1380.000000	0.025856  	1380.000000	0.0260005 	1380.000000	2.59082e-06	
1400.000000	0.035086  	1400.000000	0.0259708 	1400.000000	0.0259896 	1400.000000	0.0258224 	1400.000000	0.0259682 	1400.000000	2.55667e-06	
1420.000000	0.0350393 	1420.000000	0.0259405 	1420.000000	0.0259573 	1420.000000	0.0257906 	1420.000000	0.025938  	1420.000000	2.52344e-06	
1440.000000	0.0349961 	1440.000000	0.0259123 	1440.000000	0.0259268 	1440.000000	0.0257606 	1440.000000	0.0259098 	1440.000000	2.49109e-06	
1460.000000	0.0349562 	1460.000000	0.0258859 	1460.000000	0.025898  	1460.000000	0.0257322 	1460.000000	0.0258835 	1460.000000	2.4596e-06	
1480.000000	0.0349196 	1480.000000	0.0258614 	1480.000000	0.0258708 	1480.000000	0.0257052 	1480.000000	0.025859  	1480.000000	2.42892e-06	
1500.000000	0.0348861 	1500.000000	0.0258387 	1500.000000	0.025846  	1500.000000	0.0256806 	1500.000000	0.0258363 	1500.000000	2.39902e-06	
1520.000000	0.0348556 	1520.000000	0.0258177 	1520.000000	0.0258228 	1520.000000	0.0256574 	1520.000000	0.0258154 	1520.000000	2.36988e-06	
1540.000000	0.034828  	1540.000000	0.0257984 	1540.000000	0.0258009 	1540.000000	0.0256355 	1540.000000	0.025796  	1540.000000	2.34147e-06	
1560.000000	0.0348032 	1560.000000	0.0257806 	1560.000000	0.0257804 	1560.000000	0.025615  	1560.000000	0.0257783 	1560.000000	2.31375e-06	
1580.000000	0.034781  	1580.000000	0.0257643 	1580.000000	0.0257611 	1580.000000	0.0255957 	1580.000000	0.0257621 	1580.000000	2.2867e-06	
1600.000000	0.0347615 	1600.000000	0.0257495 	1600.000000	0.0257431 	1600.000000	0.0255775 	1600.000000	0.0257473 	1600.000000	2.26031e-06	
1620.000000	0.0347445 	1620.000000	0.0257362 	1620.000000	0.0257262 	1620.000000	0.0255606 	1620.000000	0.0257339 	1620.000000	2.23454e-06	
1640.000000	0.0347299 	1640.000000	0.0257241 	1640.000000	0.0257103 	1640.000000	0.0255447 	1640.000000	0.0257219 	1640.000000	2.20937e-06	
1660.000000	0.0347177 	1660.000000	0.0257134 	1660.000000	0.0256955 	1660.000000	0.0255298 	1660.000000	0.0257112 	1660.000000	2.18478e-06	
1680.000000	0.0347077 	1680.000000	0.025704  	1680.000000	0.0256817 	1680.000000	0.025516  	1680.000000	0.0257018 	1680.000000	2.16076e-06	
1700.000000	0.0347    	1700.000000	0.0256957 	1700.000000	0.0256688 	1700.000000	0.0255031 	1700.000000	0.0256936 	1700.000000	2.13727e-06	
1750.000000	0.0346897 	1750.000000	0.0256802 	1750.000000	0.0256403 	1750.000000	0.0254747 	1750.000000	0.0256781 	1750.000000	2.08082e-06	
1800.000000	0.0346918 	1800.000000	0.0256715 	1800.000000	0.0256166 	1800.000000	0.0254516 	1800.000000	0.0256694 	1800.000000	2.02737e-06	
1850.000000	0.0347053 	1850.000000	0.0256689 	1850.000000	0.0255975 	1850.000000	0.0254331 	1850.000000	0.025667  	1850.000000	1.9767e-06	
1900.000000	0.0347294 	1900.000000	0.0256721 	1900.000000	0.0255824 	1900.000000	0.0254189 	1900.000000	0.0256702 	1900.000000	1.92859e-06	
1950.000000	0.0347633 	1950.000000	0.0256806 	1950.000000	0.0255712 	1950.000000	0.0254085 	1950.000000	0.0256787 	1950.000000	1.88284e-06	
2000.000000	0.0348064 	2000.000000	0.025694  	2000.000000	0.0255636 	2000.000000	0.0254016 	2000.000000	0.0256922 	2000.000000	1.83929e-06	
2100.000000	0.0349179 	2100.000000	0.0257341 	2100.000000	0.0255583 	2100.000000	0.0253969 	2100.000000	0.0257323 	2100.000000	1.75817e-06	
2200.000000	0.0350596 	2200.000000	0.0257899 	2200.000000	0.025564  	2200.000000	0.0254027 	2200.000000	0.0257882 	2200.000000	1.68414e-06	
2300.000000	0.035228  	2300.000000	0.0258593 	2300.000000	0.0255785 	2300.000000	0.0254171 	2300.000000	0.0258577 	2300.000000	1.61629e-06	
2400.000000	0.0354203 	2400.000000	0.0259407 	2400.000000	0.0255999 	2400.000000	0.0254388 	2400.000000	0.0259392 	2400.000000	1.55388e-06	
2500.000000	0.0356339 	2500.000000	0.0260326 	2500.000000	0.025627  	2500.000000	0.0254665 	2500.000000	0.0260312 	2500.000000	1.49627e-06	
2600.000000	0.0358667 	2600.000000	0.0261339 	2600.000000	0.0256589 	2600.000000	0.0254993 	2600.000000	0.0261324 	2600.000000	1.44292e-06	
2700.000000	0.036117  	2700.000000	0.0262433 	2700.000000	0.0256951 	2700.000000	0.0255363 	2700.000000	0.0262419 	2700.000000	1.39337e-06	
2800.000000	0.0363832 	2800.000000	0.0263601 	2800.000000	0.025735  	2800.000000	0.0255768 	2800.000000	0.0263588 	2800.000000	1.34722e-06	
2900.000000	0.0366639 	2900.000000	0.0264835 	2900.000000	0.025778  	2900.000000	0.0256202 	2900.000000	0.0264822 	2900.000000	1.30413e-06	
3000.000000	0.036958  	3000.000000	0.0266128 	3000.000000	0.0258237 	3000.000000	0.0256661 	3000.000000	0.0266116 	3000.000000	1.2638e-06	
3200.000000	0.0375822 	3200.000000	0.0268869 	3200.000000	0.025921  	3200.000000	0.0257635 	3200.000000	0.0268857 	3200.000000	1.19043e-06	
3400.000000	0.038249  	3400.000000	0.0271784 	3400.000000	0.026024  	3400.000000	0.0258665 	3400.000000	0.0271773 	3400.000000	1.12536e-06	
3600.000000	0.0389531 	3600.000000	0.0274845 	3600.000000	0.0261305 	3600.000000	0.025973  	3600.000000	0.0274834 	3600.000000	1.06726e-06	
3800.000000	0.0396901 	3800.000000	0.0278026 	3800.000000	0.0262389 	3800.000000	0.0260816 	3800.000000	0.0278016 	3800.000000	1.01505e-06	
4000.000000	0.0404565 	4000.000000	0.028131  	4000.000000	0.0263482 	4000.000000	0.0261912 	4000.000000	0.02813   	4000.000000	9.67866e-07	
4200.000000	0.0412496 	4200.000000	0.028468  	4200.000000	0.0264578 	4200.000000	0.0263012 	4200.000000	0.028467  	4200.000000	9.25009e-07	
4400.000000	0.042067  	4400.000000	0.0288124 	4400.000000	0.026567  	4400.000000	0.0264108 	4400.000000	0.0288115 	4400.000000	8.85905e-07	
4600.000000	0.0429069 	4600.000000	0.0291631 	4600.000000	0.0266755 	4600.000000	0.0265197 	4600.000000	0.0291623 	4600.000000	8.50077e-07	
4800.000000	0.0437674 	4800.000000	0.0295194 	4800.000000	0.0267829 	4800.000000	0.0266275 	4800.000000	0.0295185 	4800.000000	8.17124e-07	
5000.000000	0.0446474 	5000.000000	0.0298804 	5000.000000	0.026889  	5000.000000	0.026734  	5000.000000	0.0298796 	5000.000000	7.86711e-07	
5250.000000	0.045773  	5250.000000	0.0303374 	5250.000000	0.0270196 	5250.000000	0.0268649 	5250.000000	0.0303367 	5250.000000	7.51835e-07	
5500.000000	0.0469251 	5500.000000	0.0308    	5500.000000	0.0271477 	5500.000000	0.0269934 	5500.000000	0.0307993 	5500.000000	7.20014e-07	
6000.000000	0.049303  	6000.000000	0.0317386 	6000.000000	0.0273959 	6000.000000	0.027242  	6000.000000	0.0317379 	6000.000000	6.64048e-07	
6500.000000	0.0517712 	6500.000000	0.0326909 	6500.000000	0.027633  	6500.000000	0.0274795 	6500.000000	0.0326903 	6500.000000	6.16394e-07	
7000.000000	0.0543226 	7000.000000	0.0336536 	7000.000000	0.0278591 	7000.000000	0.0277059 	7000.000000	0.0336531 	7000.000000	5.75312e-07	
7500.000000	0.0569519 	7500.000000	0.034624  	7500.000000	0.0280747 	7500.000000	0.0279217 	7500.000000	0.0346235 	7500.000000	5.39518e-07	
8000.000000	0.059655  	8000.000000	0.0356002 	8000.000000	0.0282803 	8000.000000	0.0281274 	8000.000000	0.0355997 	8000.000000	5.08043e-07	
8500.000000	0.062429  	8500.000000	0.0365808 	8500.000000	0.0284761 	8500.000000	0.0283236 	8500.000000	0.0365803 	8500.000000	4.80142e-07	
9000.000000	0.0652713 	9000.000000	0.0375647 	9000.000000	0.0286629 	9000.000000	0.0285109 	9000.000000	0.0375643 	9000.000000	4.55235e-07	
9500.000000	0.0681802 	9500.000000	0.038551  	9500.000000	0.0288416 	9500.000000	0.02869   	9500.000000	0.0385506 	9500.000000	4.32859e-07	
10000.000000	0.0711541 	10000.000000	0.0395392 	10000.000000	0.0290128 	10000.000000	0.0288614 	10000.000000	0.0395388 	10000.000000	4.12643e-07	
11000.000000	0.0772924 	11000.000000	0.0415189 	11000.000000	0.0293345 	11000.000000	0.0291832 	11000.000000	0.0415185 	11000.000000	3.77541e-07	
12000.000000	0.083679  	12000.000000	0.0435008 	12000.000000	0.0296307 	12000.000000	0.02948   	12000.000000	0.0435004 	12000.000000	3.48097e-07	
13000.000000	0.0903092 	13000.000000	0.045483  	13000.000000	0.0299046 	13000.000000	0.029755  	13000.000000	0.0454827 	13000.000000	3.23034e-07	
14000.000000	0.0971797 	14000.000000	0.0474642 	14000.000000	0.0301589 	14000.000000	0.030011  	14000.000000	0.0474639 	14000.000000	3.01433e-07	
15000.000000	0.104288  	15000.000000	0.0494435 	15000.000000	0.0303961 	15000.000000	0.03025   	15000.000000	0.0494432 	15000.000000	2.82617e-07	
16000.000000	0.111634  	16000.000000	0.0514205 	16000.000000	0.0306186 	16000.000000	0.0304742 	16000.000000	0.0514202 	16000.000000	2.66076e-07	
17000.000000	0.119215  	17000.000000	0.0533946 	17000.000000	0.0308281 	17000.000000	0.030685  	17000.000000	0.0533944 	17000.000000	2.51417e-07	
18000.000000	0.127033  	18000.000000	0.0553657 	18000.000000	0.0310261 	18000.000000	0.0308839 	18000.000000	0.0553655 	18000.000000	2.38333e-07	
19000.000000	0.135085  	19000.000000	0.0573337 	19000.000000	0.0312136 	19000.000000	0.0310721 	19000.000000	0.0573335 	19000.000000	2.26581e-07	
20000.000000	0.143373  	20000.000000	0.0592984 	20000.000000	0.0313916 	20000.000000	0.0312505 	20000.000000	0.0592982 	20000.000000	2.15966e-07	
21000.000000	0.151898  	21000.000000	0.0612598 	21000.000000	0.0315604 	21000.000000	0.0314201 	21000.000000	0.0612596 	21000.000000	2.06328e-07	
22000.000000	0.160659  	22000.000000	0.0632179 	22000.000000	0.03172   	22000.000000	0.0315817 	22000.000000	0.0632177 	22000.000000	1.97538e-07	
23000.000000	0.169656  	23000.000000	0.0651727 	23000.000000	0.0318724 	23000.000000	0.0317359 	23000.000000	0.0651725 	23000.000000	1.89487e-07	
24000.000000	0.178892  	24000.000000	0.0671242 	24000.000000	0.0320182 	24000.000000	0.0318834 	24000.000000	0.0671241 	24000.000000	1.82085e-07	
25000.000000	0.188366  	25000.000000	0.0690726 	25000.000000	0.0321576 	25000.000000	0.0320246 	25000.000000	0.0690724 	25000.000000	1.75256e-07	
26000.000000	0.19808   	26000.000000	0.0710178 	26000.000000	0.0322914 	26000.000000	0.0321601 	26000.000000	0.0710176 	26000.000000	1.68935e-07	
27000.000000	0.208034  	27000.000000	0.0729599 	27000.000000	0.0324203 	27000.000000	0.0322902 	27000.000000	0.0729597 	27000.000000	1.63067e-07	
28000.000000	0.21823   	28000.000000	0.0748989 	28000.000000	0.0325442 	28000.000000	0.0324155 	28000.000000	0.0748987 	28000.000000	1.57605e-07	
29000.000000	0.228668  	29000.000000	0.076835  	29000.000000	0.0326632 	29000.000000	0.0325361 	29000.000000	0.0768348 	29000.000000	1.52507e-07	
30000.000000	0.23935   	30000.000000	0.0787681 	30000.000000	0.0327777 	30000.000000	0.0326524 	30000.000000	0.078768  	30000.000000	1.47738e-07	
32000.000000	0.261448  	32000.000000	0.0826259 	32000.000000	0.0329943 	32000.000000	0.0328733 	32000.000000	0.0826258 	32000.000000	1.39065e-07	
34000.000000	0.284534  	34000.000000	0.0864729 	34000.000000	0.0331962 	34000.000000	0.03308   	34000.000000	0.0864727 	34000.000000	1.31381e-07	
36000.000000	0.308618  	36000.000000	0.0903094 	36000.000000	0.0333856 	36000.000000	0.0332742 	36000.000000	0.0903093 	36000.000000	1.24524e-07	
38000.000000	0.333709  	38000.000000	0.094136  	38000.000000	0.0335639 	38000.000000	0.0334573 	38000.000000	0.0941359 	38000.000000	1.18366e-07	
40000.000000	0.359818  	40000.000000	0.0979531 	40000.000000	0.0337323 	40000.000000	0.0336304 	40000.000000	0.0979529 	40000.000000	1.12805e-07	
42000.000000	0.386955  	42000.000000	0.101761  	42000.000000	0.0338913 	42000.000000	0.0337944 	42000.000000	0.101761  	42000.000000	1.07756e-07	
44000.000000	0.415131  	44000.000000	0.10556   	44000.000000	0.0340419 	44000.000000	0.0339503 	44000.000000	0.10556   	44000.000000	1.03152e-07	
46000.000000	0.444357  	46000.000000	0.109351  	46000.000000	0.0341848 	46000.000000	0.0340988 	46000.000000	0.109351  	46000.000000	9.89365e-08	
48000.000000	0.474643  	48000.000000	0.113134  	48000.000000	0.0343206 	48000.000000	0.0342405 	48000.000000	0.113134  	48000.000000	9.50609e-08	
50000.000000	0.506002  	50000.000000	0.116909  	50000.000000	0.03445   	50000.000000	0.034376  	50000.000000	0.116909  	50000.000000	9.14856e-08	
