*Energy (MeV/u)1	0 - [He-base] F.Hubert et al, AD&ND Tables 46(1990)1	Energy (MeV/u)2	1 - [H -base] J.F.Ziegler et al, Pergamon Press, NY (low energy)	Energy (MeV/u)3	2 - ATIMA 1.2  LS-theory (recommended for high energy)	Energy (MeV/u)4	3 - ATIMA 1.2  without LS-correction	Energy (MeV/u)5	4 - electrical component of [1] - J.F.Ziegler et al	Energy (MeV/u)6	5 - nuclear component of [1] - J.F.Ziegler et al	
0.001000	0.951871  	0.001000	0.233884  	0.001000	0.233359  	0.001000	0.233359  	0.001000	0.114481  	0.001000	0.119404  	
0.002000	1.04566   	0.002000	0.26185   	0.002000	0.264437  	0.002000	0.264437  	0.002000	0.158568  	0.002000	0.103282  	
0.005000	1.2863    	0.005000	0.317617  	0.005000	0.328504  	0.005000	0.328504  	0.005000	0.24392   	0.005000	0.0736967 	
0.008000	1.47459   	0.008000	0.366922  	0.008000	0.382925  	0.008000	0.382925  	0.008000	0.308416  	0.008000	0.0585063 	
0.010000	1.58093   	0.010000	0.39946   	0.010000	0.417577  	0.010000	0.417577  	0.010000	0.347639  	0.010000	0.0518217 	
0.015000	1.85131   	0.015000	0.489189  	0.015000	0.500994  	0.015000	0.500994  	0.015000	0.448319  	0.015000	0.0408699 	
0.020000	2.06794   	0.020000	0.580006  	0.020000	0.58176   	0.020000	0.58176   	0.020000	0.545877  	0.020000	0.0341294 	
0.025000	2.31167   	0.025000	0.661245  	0.025000	0.66112   	0.025000	0.66112   	0.025000	0.631745  	0.025000	0.0295005 	
0.030000	2.51871   	0.030000	0.736982  	0.030000	0.734614  	0.030000	0.734614  	0.030000	0.710885  	0.030000	0.0260968 	
0.035000	2.68913   	0.035000	0.806639  	0.035000	0.802854  	0.035000	0.802854  	0.035000	0.783165  	0.035000	0.0234737 	
0.040000	2.82351   	0.040000	0.870052  	0.040000	0.865603  	0.040000	0.865603  	0.040000	0.848671  	0.040000	0.0213818 	
0.045000	2.92253   	0.045000	0.92593   	0.045000	0.922713  	0.045000	0.922713  	0.045000	0.906444  	0.045000	0.0194864 	
0.050000	2.98371   	0.050000	0.975999  	0.050000	0.974821  	0.050000	0.974821  	0.050000	0.957927  	0.050000	0.0180724 	
0.055000	3.11007   	0.055000	1.02269   	0.055000	1.02212   	0.055000	1.02212   	0.055000	1.00582   	0.055000	0.0168692 	
0.060000	3.21658   	0.060000	1.0651    	0.060000	1.06508   	0.060000	1.06508   	0.060000	1.04927   	0.060000	0.0158314 	
0.070000	3.37602   	0.070000	1.13923   	0.070000	1.13989   	0.070000	1.13989   	0.070000	1.1251    	0.070000	0.0141285 	
0.080000	3.54618   	0.080000	1.20614   	0.080000	1.20284   	0.080000	1.20284   	0.080000	1.19335   	0.080000	0.012786  	
0.090000	3.67298   	0.090000	1.26506   	0.090000	1.25679   	0.090000	1.25679   	0.090000	1.25336   	0.090000	0.0116974 	
0.100000	3.76732   	0.100000	1.31785   	0.100000	1.30383   	0.100000	1.30383   	0.100000	1.30706   	0.100000	0.010795  	
0.120000	3.80111   	0.120000	1.39776   	0.120000	1.38269   	0.120000	1.38269   	0.120000	1.38838   	0.120000	0.00938131	
0.140000	3.79688   	0.140000	1.4624    	0.140000	1.44664   	0.140000	1.44664   	0.140000	1.45407   	0.140000	0.0083205 	
0.160000	3.80225   	0.160000	1.52435   	0.160000	1.49938   	0.160000	1.49938   	0.160000	1.51686   	0.160000	0.0074922 	
0.180000	3.82462   	0.180000	1.58      	0.180000	1.5431    	0.180000	1.5431    	0.180000	1.57317   	0.180000	0.00682576	
0.200000	3.84445   	0.200000	1.62539   	0.200000	1.5793    	0.200000	1.5793    	0.200000	1.61911   	0.200000	0.00627685	
0.250000	3.79745   	0.250000	1.7106    	0.250000	1.64395   	0.250000	1.64395   	0.250000	1.70535   	0.250000	0.00524796	
0.300000	3.78181   	0.300000	1.77146   	0.300000	1.68133   	0.300000	1.68133   	0.300000	1.76694   	0.300000	0.0045275 	
0.350000	3.76006   	0.350000	1.80424   	0.350000	1.7118    	0.350000	1.7118    	0.350000	1.80025   	0.350000	0.00399247	
0.400000	3.75505   	0.400000	1.8308    	0.400000	1.72785   	0.400000	1.72785   	0.400000	1.82722   	0.400000	0.00357811	
0.450000	3.72865   	0.450000	1.83718   	0.450000	1.7313    	0.450000	1.7313    	0.450000	1.83394   	0.450000	0.00324696	
0.500000	3.68137   	0.500000	1.82797   	0.500000	1.72521   	0.500000	1.72521   	0.500000	1.82499   	0.500000	0.00297573	
0.600000	3.42911   	0.600000	1.79001   	0.600000	1.69445   	0.600000	1.69445   	0.600000	1.78745   	0.600000	0.00255688	
0.700000	3.16493   	0.700000	1.73302   	0.700000	1.65402   	0.700000	1.65402   	0.700000	1.73077   	0.700000	0.00224748	
0.800000	3.01614   	0.800000	1.67904   	0.800000	1.60956   	0.800000	1.60956   	0.800000	1.67703   	0.800000	0.0020089 	
0.900000	2.87528   	0.900000	1.62489   	0.900000	1.56392   	0.900000	1.56392   	0.900000	1.62308   	0.900000	0.00181889	
1.000000	2.74367   	1.000000	1.57234   	1.000000	1.5186    	1.000000	1.5186    	1.000000	1.57068   	1.000000	0.00166374	
1.250000	2.43813   	1.250000	1.43784   	1.250000	1.40488   	1.250000	1.40488   	1.250000	1.43646   	1.250000	0.00137629	
1.500000	2.19149   	1.500000	1.32508   	1.500000	1.30605   	1.500000	1.30605   	1.500000	1.3239    	1.500000	0.00117775	
1.750000	1.99007   	1.750000	1.23037   	1.750000	1.22008   	1.750000	1.22008   	1.750000	1.22933   	1.750000	0.00103185	
2.000000	1.81292   	2.000000	1.14435   	2.000000	1.14451   	2.000000	1.14451   	2.000000	1.14343   	2.000000	0.000919807	
2.250000	1.66685   	2.250000	1.07069   	2.250000	1.07763   	2.250000	1.07763   	2.250000	1.06986   	2.250000	0.000830888	
2.500000	1.5132    	2.500000	1.00867   	2.500000	1.01814   	2.500000	1.01814   	2.500000	1.00792   	2.500000	0.000758493	
3.000000	1.33568   	3.000000	0.908854  	3.000000	0.917394  	3.000000	0.917394  	3.000000	0.908206  	3.000000	0.000647498	
3.500000	1.1975    	3.500000	0.830989  	3.500000	0.835572  	3.500000	0.835572  	3.500000	0.830423  	3.500000	0.000566173	
4.000000	1.08676   	4.000000	0.767964  	4.000000	0.768077  	4.000000	0.768077  	4.000000	0.76746   	4.000000	0.000503872	
4.500000	0.99592   	4.500000	0.715657  	4.500000	0.711585  	4.500000	0.711585  	4.500000	0.715203  	4.500000	0.000454528	
5.000000	0.919996  	5.000000	0.67144   	5.000000	0.663661  	5.000000	0.663661  	5.000000	0.671026  	5.000000	0.000414421	
5.500000	0.855541  	5.500000	0.628887  	5.500000	0.622507  	5.500000	0.622507  	5.500000	0.628506  	5.500000	0.000381144	
6.000000	0.800104  	6.000000	0.591868  	6.000000	0.586777  	6.000000	0.586777  	6.000000	0.591515  	6.000000	0.000353061	
6.500000	0.751888  	6.500000	0.559338  	6.500000	0.555454  	6.500000	0.555454  	6.500000	0.559008  	6.500000	0.000329027	
7.000000	0.709549  	7.000000	0.530499  	7.000000	0.527754  	7.000000	0.527754  	7.000000	0.530191  	7.000000	0.000308212	
7.500000	0.672057  	7.500000	0.505155  	7.500000	0.503068  	7.500000	0.503068  	7.500000	0.504865  	7.500000	0.000289998	
8.000000	0.638613  	8.000000	0.482366  	8.000000	0.480916  	8.000000	0.480916  	8.000000	0.482092  	8.000000	0.00027392	
8.500000	0.608585  	8.500000	0.461751  	8.500000	0.460914  	8.500000	0.460914  	8.500000	0.461491  	8.500000	0.000259617	
9.000000	0.581466  	9.000000	0.443001  	9.000000	0.442754  	9.000000	0.442754  	9.000000	0.442754  	9.000000	0.000246805	
9.500000	0.556847  	9.500000	0.425864  	9.500000	0.426181  	9.500000	0.426181  	9.500000	0.425628  	9.500000	0.00023526	
10.000000	0.534392  	10.000000	0.41258   	10.000000	0.41099   	10.000000	0.41099   	10.000000	0.412355  	10.000000	0.000224798	
11.000000	0.494909  	11.000000	0.385886  	11.000000	0.384004  	11.000000	0.38416   	11.000000	0.385679  	11.000000	0.00020656	
12.000000	0.461292  	12.000000	0.362581  	12.000000	0.360693  	12.000000	0.360945  	12.000000	0.362389  	12.000000	0.000191187	
13.000000	0.432306  	13.000000	0.342076  	13.000000	0.340334  	13.000000	0.340645  	13.000000	0.341898  	13.000000	0.000178043	
14.000000	0.407042  	14.000000	0.323904  	14.000000	0.322362  	14.000000	0.322708  	14.000000	0.323738  	14.000000	0.000166668	
15.000000	0.384816  	15.000000	0.307695  	15.000000	0.306356  	15.000000	0.306721  	15.000000	0.307538  	15.000000	0.000156724	
16.000000	0.365102  	16.000000	0.293147  	16.000000	0.291996  	16.000000	0.292365  	16.000000	0.292999  	16.000000	0.000147952	
17.000000	0.347492  	17.000000	0.280019  	17.000000	0.279028  	17.000000	0.279389  	17.000000	0.279879  	17.000000	0.000140154	
18.000000	0.331659  	18.000000	0.268112  	18.000000	0.267242  	18.000000	0.26759   	18.000000	0.267979  	18.000000	0.000133174	
19.000000	0.317344  	19.000000	0.257264  	19.000000	0.256468  	19.000000	0.256806  	19.000000	0.257137  	19.000000	0.000126886	
20.000000	0.304335  	20.000000	0.247338  	20.000000	0.246572  	20.000000	0.246904  	20.000000	0.247217  	20.000000	0.000121193	
21.000000	0.292457  	21.000000	0.238221  	21.000000	0.23745   	21.000000	0.237773  	21.000000	0.238105  	21.000000	0.000116011	
22.000000	0.281568  	22.000000	0.229818  	22.000000	0.22902   	22.000000	0.229321  	22.000000	0.229706  	22.000000	0.000111275	
23.000000	0.271546  	23.000000	0.222046  	23.000000	0.221201  	23.000000	0.221472  	23.000000	0.221939  	23.000000	0.000106927	
24.000000	0.26229   	24.000000	0.214838  	24.000000	0.213912  	24.000000	0.214158  	24.000000	0.214735  	24.000000	0.000102922	
25.000000	0.253714  	25.000000	0.208132  	25.000000	0.207096  	25.000000	0.207324  	25.000000	0.208033  	25.000000	9.9219e-05	
27.000000	0.238318  	27.000000	0.196032  	27.000000	0.194722  	27.000000	0.19491   	27.000000	0.19594   	27.000000	9.25927e-05	
29.000000	0.224883  	29.000000	0.18541   	29.000000	0.183772  	29.000000	0.183913  	29.000000	0.185323  	29.000000	8.68322e-05	
31.000000	0.21305   	31.000000	0.176007  	31.000000	0.174334  	31.000000	0.17442   	31.000000	0.175925  	31.000000	8.1776e-05	
33.000000	0.202545  	33.000000	0.167623  	33.000000	0.166208  	33.000000	0.166242  	33.000000	0.167545  	33.000000	7.73006e-05	
35.000000	0.193152  	35.000000	0.160099  	35.000000	0.15889   	35.000000	0.158901  	35.000000	0.160025  	35.000000	7.331e-05 	
38.000000	0.180783  	38.000000	0.150153  	38.000000	0.14923   	38.000000	0.14919   	38.000000	0.150085  	38.000000	6.80715e-05	
41.000000	0.170096  	41.000000	0.141528  	41.000000	0.140829  	41.000000	0.140759  	41.000000	0.141464  	41.000000	6.35609e-05	
44.000000	0.160765  	44.000000	0.133973  	44.000000	0.133451  	44.000000	0.133364  	44.000000	0.133913  	44.000000	5.96344e-05	
47.000000	0.152542  	47.000000	0.127299  	47.000000	0.126926  	47.000000	0.126823  	47.000000	0.127243  	47.000000	5.61841e-05	
50.000000	0.145238  	50.000000	0.121358  	50.000000	0.121105  	50.000000	0.120991  	50.000000	0.121305  	50.000000	5.3127e-05	
55.000000	0.134715  	55.000000	0.112783  	55.000000	0.112708  	55.000000	0.112557  	55.000000	0.112734  	55.000000	4.8737e-05	
60.000000	0.12583   	60.000000	0.105528  	60.000000	0.105564  	60.000000	0.105404  	60.000000	0.105483  	60.000000	4.50435e-05	
65.000000	0.11822   	65.000000	0.0993069 	65.000000	0.099412  	65.000000	0.0992561 	65.000000	0.099265  	65.000000	4.18911e-05	
70.000000	0.111625  	70.000000	0.0939117 	70.000000	0.0940783 	70.000000	0.0939123 	70.000000	0.0938726 	70.000000	3.91675e-05	
75.000000	0.105851  	75.000000	0.0891863 	75.000000	0.0893946 	75.000000	0.0892219 	75.000000	0.0891495 	75.000000	3.67897e-05	
80.000000	0.10075   	80.000000	0.085012  	80.000000	0.0852484 	80.000000	0.0850703 	80.000000	0.0849773 	80.000000	3.46951e-05	
85.000000	0.096208  	85.000000	0.0812967 	85.000000	0.0815507 	85.000000	0.0813684 	85.000000	0.0812638 	85.000000	3.28352e-05	
90.000000	0.0921368 	90.000000	0.0779678 	90.000000	0.0782194 	90.000000	0.0780459 	90.000000	0.0779367 	90.000000	3.11721e-05	
95.000000	0.088465  	95.000000	0.0749676 	95.000000	0.0752239 	95.000000	0.0750465 	95.000000	0.0749379 	95.000000	2.96759e-05	
100.000000	0.0851352 	100.000000	0.0722492 	100.000000	0.072505  	100.000000	0.0723248 	100.000000	0.0722208 	100.000000	2.83223e-05	
105.000000	0.0821006 	105.000000	0.0697742 	105.000000	0.0700269 	105.000000	0.0698434 	105.000000	0.0697471 	105.000000	2.70915e-05	
110.000000	0.0793229 	110.000000	0.0675112 	110.000000	0.0677484 	110.000000	0.0675715 	110.000000	0.0674852 	110.000000	2.59673e-05	
115.000000	0.0767699 	115.000000	0.0654337 	115.000000	0.0656587 	115.000000	0.0654835 	115.000000	0.0654088 	115.000000	2.49364e-05	
120.000000	0.0744147 	120.000000	0.0635197 	120.000000	0.0637368 	120.000000	0.0635576 	120.000000	0.0634957 	120.000000	2.39874e-05	
125.000000	0.0722348 	125.000000	0.0617504 	125.000000	0.0619537 	125.000000	0.0617755 	125.000000	0.0617273 	125.000000	2.31108e-05	
130.000000	0.0702106 	130.000000	0.06011   	130.000000	0.0602937 	130.000000	0.0601216 	130.000000	0.0600877 	130.000000	2.22984e-05	
135.000000	0.0683258 	135.000000	0.0585846 	135.000000	0.0587547 	135.000000	0.0585824 	135.000000	0.0585631 	135.000000	2.15435e-05	
140.000000	0.066566  	140.000000	0.0571627 	140.000000	0.0573217 	140.000000	0.0571463 	140.000000	0.0571418 	140.000000	2.084e-05 	
145.000000	0.0649188 	145.000000	0.0558338 	145.000000	0.0559777 	145.000000	0.0558032 	145.000000	0.0558136 	145.000000	2.01828e-05	
150.000000	0.0633736 	150.000000	0.0545892 	150.000000	0.0547136 	150.000000	0.0545444 	150.000000	0.0545696 	150.000000	1.95674e-05	
155.000000	0.0611979 	155.000000	0.053421  	155.000000	0.0535311 	155.000000	0.0533621 	155.000000	0.053402  	155.000000	1.89898e-05	
160.000000	0.0599226 	160.000000	0.0523223 	160.000000	0.0524188 	160.000000	0.0522496 	160.000000	0.0523039 	160.000000	1.84468e-05	
165.000000	0.05872   	165.000000	0.0512871 	165.000000	0.0513655 	165.000000	0.0512008 	165.000000	0.0512692 	165.000000	1.79351e-05	
170.000000	0.057584  	170.000000	0.0503101 	170.000000	0.0503731 	170.000000	0.0502104 	170.000000	0.0502926 	170.000000	1.74521e-05	
175.000000	0.0565091 	175.000000	0.0493864 	175.000000	0.049438  	175.000000	0.0492736 	175.000000	0.0493694 	175.000000	1.69955e-05	
180.000000	0.0554904 	180.000000	0.0485118 	180.000000	0.0485523 	180.000000	0.0483863 	180.000000	0.0484953 	180.000000	1.65631e-05	
185.000000	0.0545236 	185.000000	0.0476825 	185.000000	0.0477093 	185.000000	0.0475446 	185.000000	0.0476663 	185.000000	1.61531e-05	
190.000000	0.0536047 	190.000000	0.046895  	190.000000	0.046906  	190.000000	0.046745  	190.000000	0.0468792 	190.000000	1.57636e-05	
195.000000	0.0527303 	195.000000	0.0461462 	195.000000	0.0461442 	195.000000	0.0459846 	195.000000	0.0461309 	195.000000	1.53932e-05	
200.000000	0.0518972 	200.000000	0.0454335 	200.000000	0.0454211 	200.000000	0.0452605 	200.000000	0.0454184 	200.000000	1.50405e-05	
210.000000	0.0503434 	210.000000	0.0441059 	210.000000	0.0440671 	210.000000	0.0439114 	210.000000	0.0440915 	210.000000	1.43832e-05	
220.000000	0.0489233 	220.000000	0.0428947 	220.000000	0.0428359 	220.000000	0.0426801 	220.000000	0.0428809 	220.000000	1.37831e-05	
230.000000	0.0476202 	230.000000	0.0417852 	230.000000	0.0417038 	230.000000	0.0415519 	230.000000	0.041772  	230.000000	1.32329e-05	
240.000000	0.0464201 	240.000000	0.0407653 	240.000000	0.040665  	240.000000	0.0405145 	240.000000	0.0407526 	240.000000	1.27265e-05	
250.000000	0.0453113 	250.000000	0.0398245 	250.000000	0.03971   	250.000000	0.0395576 	250.000000	0.0398123 	250.000000	1.22589e-05	
260.000000	0.0442836 	260.000000	0.0389541 	260.000000	0.0388223 	260.000000	0.0386722 	260.000000	0.0389423 	260.000000	1.18257e-05	
270.000000	0.0433285 	270.000000	0.0381465 	270.000000	0.0379977 	270.000000	0.0378507 	270.000000	0.0381351 	270.000000	1.14231e-05	
280.000000	0.0424385 	280.000000	0.0373952 	280.000000	0.0372342 	280.000000	0.0370865 	280.000000	0.0373841 	280.000000	1.10481e-05	
290.000000	0.0416072 	290.000000	0.0366946 	290.000000	0.0365183 	290.000000	0.036374  	290.000000	0.0366839 	290.000000	1.06979e-05	
300.000000	0.040829  	300.000000	0.0360398 	300.000000	0.0358515 	300.000000	0.0357082 	300.000000	0.0360295 	300.000000	1.03699e-05	
310.000000	0.040099  	310.000000	0.0354266 	310.000000	0.0352282 	310.000000	0.0350849 	310.000000	0.0354165 	310.000000	1.00623e-05	
320.000000	0.0394129 	320.000000	0.0348511 	320.000000	0.0346392 	320.000000	0.0344991 	320.000000	0.0348413 	320.000000	9.77299e-06	
330.000000	0.0387669 	330.000000	0.03431   	330.000000	0.034088  	330.000000	0.0339485 	330.000000	0.0343005 	330.000000	9.50049e-06	
340.000000	0.0381575 	340.000000	0.0338005 	340.000000	0.0335698 	340.000000	0.0334302 	340.000000	0.0337913 	340.000000	9.24335e-06	
350.000000	0.0375819 	350.000000	0.0333199 	350.000000	0.0330783 	350.000000	0.0329414 	350.000000	0.0333109 	350.000000	9.00027e-06	
360.000000	0.0370373 	360.000000	0.0328658 	360.000000	0.0326155 	360.000000	0.0324798 	360.000000	0.032857  	360.000000	8.77011e-06	
370.000000	0.0365214 	370.000000	0.0324362 	370.000000	0.0321796 	370.000000	0.0320433 	370.000000	0.0324277 	370.000000	8.55187e-06	
380.000000	0.0360319 	380.000000	0.0320293 	380.000000	0.0317647 	380.000000	0.03163   	380.000000	0.0320209 	380.000000	8.34463e-06	
390.000000	0.035567  	390.000000	0.0316433 	390.000000	0.0313706 	390.000000	0.0312381 	390.000000	0.0316351 	390.000000	8.14757e-06	
400.000000	0.0351249 	400.000000	0.0312767 	400.000000	0.0309985 	400.000000	0.0308661 	400.000000	0.0312687 	400.000000	7.95994e-06	
410.000000	0.0347039 	410.000000	0.0309281 	410.000000	0.0306453 	410.000000	0.0305125 	410.000000	0.0309203 	410.000000	7.78107e-06	
420.000000	0.0343028 	420.000000	0.0305963 	420.000000	0.0303073 	420.000000	0.0301762 	420.000000	0.0305887 	420.000000	7.61037e-06	
430.000000	0.0339201 	430.000000	0.0302802 	430.000000	0.0299852 	430.000000	0.0298559 	430.000000	0.0302728 	430.000000	7.44727e-06	
440.000000	0.0335546 	440.000000	0.0299788 	440.000000	0.0296798 	440.000000	0.0295507 	440.000000	0.0299715 	440.000000	7.29127e-06	
450.000000	0.0332054 	450.000000	0.0296909 	450.000000	0.029389  	450.000000	0.0292594 	450.000000	0.0296838 	450.000000	7.14191e-06	
460.000000	0.0328712 	460.000000	0.029416  	460.000000	0.0291099 	460.000000	0.0289813 	460.000000	0.029409  	460.000000	6.99878e-06	
470.000000	0.0325514 	470.000000	0.029153  	470.000000	0.0288423 	470.000000	0.0287154 	470.000000	0.0291461 	470.000000	6.86148e-06	
480.000000	0.0322449 	480.000000	0.0289013 	480.000000	0.0285871 	480.000000	0.0284612 	480.000000	0.0288946 	480.000000	6.72966e-06	
490.000000	0.031951  	490.000000	0.0286603 	490.000000	0.028344  	490.000000	0.0282178 	490.000000	0.0286537 	490.000000	6.60299e-06	
500.000000	0.031669  	500.000000	0.0284292 	500.000000	0.0281111 	500.000000	0.0279846 	500.000000	0.0284228 	500.000000	6.48119e-06	
520.000000	0.0311382 	520.000000	0.0279949 	520.000000	0.0276707 	520.000000	0.0275467 	520.000000	0.0279887 	520.000000	6.25105e-06	
540.000000	0.0306476 	540.000000	0.0275944 	540.000000	0.0272664 	540.000000	0.0271433 	540.000000	0.0275883 	540.000000	6.03726e-06	
560.000000	0.0301931 	560.000000	0.027224  	560.000000	0.0268938 	560.000000	0.0267706 	560.000000	0.0272181 	560.000000	5.83812e-06	
580.000000	0.0297712 	580.000000	0.0268807 	580.000000	0.0265466 	580.000000	0.0264257 	580.000000	0.0268751 	580.000000	5.65216e-06	
600.000000	0.0293787 	600.000000	0.026562  	600.000000	0.026226  	600.000000	0.0261057 	600.000000	0.0265566 	600.000000	5.47809e-06	
620.000000	0.0290131 	620.000000	0.0262656 	620.000000	0.0259289 	620.000000	0.0258084 	620.000000	0.0262602 	620.000000	5.3148e-06	
640.000000	0.0286719 	640.000000	0.0259893 	640.000000	0.0256504 	640.000000	0.0255315 	640.000000	0.0259841 	640.000000	5.1613e-06	
660.000000	0.0283529 	660.000000	0.0257314 	660.000000	0.0253907 	660.000000	0.0252732 	660.000000	0.0257264 	660.000000	5.01672e-06	
680.000000	0.0280544 	680.000000	0.0254903 	680.000000	0.0251498 	680.000000	0.025032  	680.000000	0.0254854 	680.000000	4.88031e-06	
700.000000	0.0277747 	700.000000	0.0252647 	700.000000	0.024924  	700.000000	0.0248063 	700.000000	0.0252599 	700.000000	4.75138e-06	
720.000000	0.0275122 	720.000000	0.0250532 	720.000000	0.0247111 	720.000000	0.0245949 	720.000000	0.0250486 	720.000000	4.62933e-06	
740.000000	0.0272658 	740.000000	0.0248548 	740.000000	0.0245117 	740.000000	0.0243967 	740.000000	0.0248503 	740.000000	4.51361e-06	
760.000000	0.0270341 	760.000000	0.0246685 	760.000000	0.0243256 	760.000000	0.0242105 	760.000000	0.0246641 	760.000000	4.40373e-06	
780.000000	0.026816  	780.000000	0.0244933 	780.000000	0.0241508 	780.000000	0.0240354 	780.000000	0.024489  	780.000000	4.29926e-06	
800.000000	0.0266108 	800.000000	0.0243284 	800.000000	0.0239852 	800.000000	0.0238707 	800.000000	0.0243242 	800.000000	4.19981e-06	
820.000000	0.0264173 	820.000000	0.0241731 	820.000000	0.0238288 	820.000000	0.0237155 	820.000000	0.024169  	820.000000	4.10502e-06	
840.000000	0.0262349 	840.000000	0.0240268 	840.000000	0.0236816 	840.000000	0.0235691 	840.000000	0.0240228 	840.000000	4.01456e-06	
860.000000	0.0260629 	860.000000	0.0238887 	860.000000	0.0235436 	860.000000	0.023431  	860.000000	0.0238848 	860.000000	3.92814e-06	
880.000000	0.0259005 	880.000000	0.0237585 	880.000000	0.0234134 	880.000000	0.0233006 	880.000000	0.0237546 	880.000000	3.84549e-06	
900.000000	0.0257471 	900.000000	0.0236355 	900.000000	0.0232899 	900.000000	0.0231772 	900.000000	0.0236317 	900.000000	3.76637e-06	
920.000000	0.0256022 	920.000000	0.0235193 	920.000000	0.0231723 	920.000000	0.0230606 	920.000000	0.0235156 	920.000000	3.69056e-06	
940.000000	0.0254653 	940.000000	0.0234094 	940.000000	0.0230609 	940.000000	0.0229502 	940.000000	0.0234058 	940.000000	3.61784e-06	
960.000000	0.0253359 	960.000000	0.0233056 	960.000000	0.0229557 	960.000000	0.0228456 	960.000000	0.023302  	960.000000	3.54803e-06	
980.000000	0.0252136 	980.000000	0.0232073 	980.000000	0.0228566 	980.000000	0.0227465 	980.000000	0.0232039 	980.000000	3.48096e-06	
1000.000000	0.025098  	1000.000000	0.0231144 	1000.000000	0.0227628 	1000.000000	0.0226525 	1000.000000	0.023111  	1000.000000	3.41647e-06	
1020.000000	0.0249887 	1020.000000	0.0230265 	1020.000000	0.0226737 	1020.000000	0.0225633 	1020.000000	0.0230231 	1020.000000	3.3544e-06	
1040.000000	0.0248854 	1040.000000	0.0229433 	1040.000000	0.0225888 	1040.000000	0.0224786 	1040.000000	0.02294   	1040.000000	3.29463e-06	
1060.000000	0.0247877 	1060.000000	0.0228645 	1060.000000	0.0225077 	1060.000000	0.0223982 	1060.000000	0.0228613 	1060.000000	3.23703e-06	
1080.000000	0.0246953 	1080.000000	0.0227899 	1080.000000	0.0224305 	1080.000000	0.0223218 	1080.000000	0.0227867 	1080.000000	3.18148e-06	
1100.000000	0.0246081 	1100.000000	0.0227193 	1100.000000	0.0223573 	1100.000000	0.0222492 	1100.000000	0.0227162 	1100.000000	3.12787e-06	
1120.000000	0.0245257 	1120.000000	0.0226525 	1120.000000	0.022288  	1120.000000	0.0221801 	1120.000000	0.0226495 	1120.000000	3.07609e-06	
1140.000000	0.0244478 	1140.000000	0.0225893 	1140.000000	0.0222224 	1140.000000	0.0221145 	1140.000000	0.0225863 	1140.000000	3.02607e-06	
1160.000000	0.0243743 	1160.000000	0.0225295 	1160.000000	0.02216   	1160.000000	0.022052  	1160.000000	0.0225265 	1160.000000	2.9777e-06	
1180.000000	0.024305  	1180.000000	0.0224729 	1180.000000	0.0221007 	1180.000000	0.0219925 	1180.000000	0.02247   	1180.000000	2.9309e-06	
1200.000000	0.0242397 	1200.000000	0.0224194 	1200.000000	0.0220441 	1200.000000	0.0219359 	1200.000000	0.0224165 	1200.000000	2.88561e-06	
1220.000000	0.0241781 	1220.000000	0.0223687 	1220.000000	0.0219899 	1220.000000	0.021882  	1220.000000	0.0223659 	1220.000000	2.84174e-06	
1240.000000	0.0241202 	1240.000000	0.0223209 	1240.000000	0.0219381 	1240.000000	0.0218307 	1240.000000	0.0223181 	1240.000000	2.79923e-06	
1260.000000	0.0240657 	1260.000000	0.0222758 	1260.000000	0.0218887 	1260.000000	0.0217818 	1260.000000	0.022273  	1260.000000	2.75802e-06	
1280.000000	0.0240145 	1280.000000	0.0222331 	1280.000000	0.0218416 	1280.000000	0.0217352 	1280.000000	0.0222304 	1280.000000	2.71805e-06	
1300.000000	0.0239664 	1300.000000	0.0221929 	1300.000000	0.0217968 	1300.000000	0.0216909 	1300.000000	0.0221902 	1300.000000	2.67926e-06	
1320.000000	0.0239214 	1320.000000	0.022155  	1320.000000	0.0217543 	1320.000000	0.0216486 	1320.000000	0.0221523 	1320.000000	2.6416e-06	
1340.000000	0.0238793 	1340.000000	0.0221193 	1340.000000	0.021714  	1340.000000	0.0216083 	1340.000000	0.0221167 	1340.000000	2.60502e-06	
1360.000000	0.0238399 	1360.000000	0.0220857 	1360.000000	0.0216757 	1360.000000	0.0215699 	1360.000000	0.0220831 	1360.000000	2.56948e-06	
1380.000000	0.0238033 	1380.000000	0.0220541 	1380.000000	0.0216392 	1380.000000	0.0215333 	1380.000000	0.0220516 	1380.000000	2.53492e-06	
1400.000000	0.0237692 	1400.000000	0.0220245 	1400.000000	0.0216044 	1400.000000	0.0214985 	1400.000000	0.022022  	1400.000000	2.50132e-06	
1420.000000	0.0237375 	1420.000000	0.0219967 	1420.000000	0.0215713 	1420.000000	0.0214652 	1420.000000	0.0219942 	1420.000000	2.46862e-06	
1440.000000	0.0237082 	1440.000000	0.0219707 	1440.000000	0.0215396 	1440.000000	0.0214336 	1440.000000	0.0219682 	1440.000000	2.4368e-06	
1460.000000	0.0236812 	1460.000000	0.0219464 	1460.000000	0.0215092 	1460.000000	0.0214034 	1460.000000	0.021944  	1460.000000	2.40582e-06	
1480.000000	0.0236564 	1480.000000	0.0219237 	1480.000000	0.0214802 	1480.000000	0.0213747 	1480.000000	0.0219214 	1480.000000	2.37564e-06	
1500.000000	0.0236337 	1500.000000	0.0219026 	1500.000000	0.0214525 	1500.000000	0.0213473 	1500.000000	0.0219003 	1500.000000	2.34623e-06	
1520.000000	0.0236131 	1520.000000	0.0218831 	1520.000000	0.0214261 	1520.000000	0.0213213 	1520.000000	0.0218808 	1520.000000	2.31757e-06	
1540.000000	0.0235943 	1540.000000	0.021865  	1540.000000	0.0214009 	1540.000000	0.0212965 	1540.000000	0.0218627 	1540.000000	2.28963e-06	
1560.000000	0.0235775 	1560.000000	0.0218483 	1560.000000	0.021377  	1560.000000	0.0212728 	1560.000000	0.021846  	1560.000000	2.26237e-06	
1580.000000	0.0235625 	1580.000000	0.0218329 	1580.000000	0.0213542 	1580.000000	0.0212504 	1580.000000	0.0218306 	1580.000000	2.23578e-06	
1600.000000	0.0235493 	1600.000000	0.0218188 	1600.000000	0.0213327 	1600.000000	0.021229  	1600.000000	0.0218166 	1600.000000	2.20983e-06	
1620.000000	0.0235378 	1620.000000	0.021806  	1620.000000	0.0213123 	1620.000000	0.0212087 	1620.000000	0.0218038 	1620.000000	2.18449e-06	
1640.000000	0.0235279 	1640.000000	0.0217944 	1640.000000	0.0212929 	1640.000000	0.0211893 	1640.000000	0.0217922 	1640.000000	2.15975e-06	
1660.000000	0.0235196 	1660.000000	0.0217839 	1660.000000	0.0212746 	1660.000000	0.021171  	1660.000000	0.0217818 	1660.000000	2.13558e-06	
1680.000000	0.0235129 	1680.000000	0.0217746 	1680.000000	0.0212572 	1680.000000	0.0211535 	1680.000000	0.0217725 	1680.000000	2.11197e-06	
1700.000000	0.0235076 	1700.000000	0.0217663 	1700.000000	0.0212407 	1700.000000	0.021137  	1700.000000	0.0217643 	1700.000000	2.08889e-06	
1750.000000	0.0235007 	1750.000000	0.0217502 	1750.000000	0.0212032 	1750.000000	0.0210993 	1750.000000	0.0217482 	1750.000000	2.03341e-06	
1800.000000	0.0235021 	1800.000000	0.0217401 	1800.000000	0.0211702 	1800.000000	0.0210664 	1800.000000	0.0217381 	1800.000000	1.98089e-06	
1850.000000	0.0235113 	1850.000000	0.0217354 	1850.000000	0.0211413 	1850.000000	0.0210378 	1850.000000	0.0217335 	1850.000000	1.93111e-06	
1900.000000	0.0235276 	1900.000000	0.0217359 	1900.000000	0.0211163 	1900.000000	0.0210132 	1900.000000	0.021734  	1900.000000	1.88386e-06	
1950.000000	0.0235505 	1950.000000	0.021741  	1950.000000	0.0210948 	1950.000000	0.0209923 	1950.000000	0.0217392 	1950.000000	1.83893e-06	
2000.000000	0.0235798 	2000.000000	0.0217505 	2000.000000	0.0210766 	2000.000000	0.0209745 	2000.000000	0.0217487 	2000.000000	1.79617e-06	
2100.000000	0.0236553 	2100.000000	0.0217812 	2100.000000	0.0210492 	2100.000000	0.0209478 	2100.000000	0.0217795 	2100.000000	1.71653e-06	
2200.000000	0.0237512 	2200.000000	0.0218258 	2200.000000	0.0210321 	2200.000000	0.020931  	2200.000000	0.0218242 	2200.000000	1.64388e-06	
2300.000000	0.0238654 	2300.000000	0.0218826 	2300.000000	0.0210235 	2300.000000	0.0209225 	2300.000000	0.021881  	2300.000000	1.57731e-06	
2400.000000	0.0239956 	2400.000000	0.02195   	2400.000000	0.021022  	2400.000000	0.0209211 	2400.000000	0.0219485 	2400.000000	1.51608e-06	
2500.000000	0.0241403 	2500.000000	0.0220266 	2500.000000	0.0210263 	2500.000000	0.0209256 	2500.000000	0.0220252 	2500.000000	1.45958e-06	
2600.000000	0.024298  	2600.000000	0.0221116 	2600.000000	0.0210357 	2600.000000	0.0209351 	2600.000000	0.0221101 	2600.000000	1.40727e-06	
2700.000000	0.0244676 	2700.000000	0.0222038 	2700.000000	0.0210492 	2700.000000	0.0209489 	2700.000000	0.0222024 	2700.000000	1.3587e-06	
2800.000000	0.0246479 	2800.000000	0.0223025 	2800.000000	0.0210663 	2800.000000	0.0209663 	2800.000000	0.0223012 	2800.000000	1.31347e-06	
2900.000000	0.0248381 	2900.000000	0.0224071 	2900.000000	0.0210865 	2900.000000	0.0209867 	2900.000000	0.0224058 	2900.000000	1.27125e-06	
3000.000000	0.0250373 	3000.000000	0.0225169 	3000.000000	0.0211092 	3000.000000	0.0210098 	3000.000000	0.0225156 	3000.000000	1.23174e-06	
3200.000000	0.0254602 	3200.000000	0.0227502 	3200.000000	0.021161  	3200.000000	0.0210623 	3200.000000	0.022749  	3200.000000	1.15987e-06	
3400.000000	0.025912  	3400.000000	0.022999  	3400.000000	0.0212194 	3400.000000	0.0211212 	3400.000000	0.0229979 	3400.000000	1.09617e-06	
3600.000000	0.0263889 	3600.000000	0.0232607 	3600.000000	0.0212825 	3600.000000	0.0211847 	3600.000000	0.0232596 	3600.000000	1.0393e-06	
3800.000000	0.0268882 	3800.000000	0.0235331 	3800.000000	0.021349  	3800.000000	0.0212514 	3800.000000	0.0235321 	3800.000000	9.88211e-07	
4000.000000	0.0274074 	4000.000000	0.0238145 	4000.000000	0.0214178 	4000.000000	0.0213202 	4000.000000	0.0238136 	4000.000000	9.42054e-07	
4200.000000	0.0279447 	4200.000000	0.0241037 	4200.000000	0.021488  	4200.000000	0.0213905 	4200.000000	0.0241028 	4200.000000	9.00142e-07	
4400.000000	0.0284985 	4400.000000	0.0243994 	4400.000000	0.021559  	4400.000000	0.0214615 	4400.000000	0.0243985 	4400.000000	8.61909e-07	
4600.000000	0.0290674 	4600.000000	0.0247007 	4600.000000	0.0216303 	4600.000000	0.0215329 	4600.000000	0.0246999 	4600.000000	8.26887e-07	
4800.000000	0.0296504 	4800.000000	0.025007  	4800.000000	0.0217015 	4800.000000	0.0216042 	4800.000000	0.0250062 	4800.000000	7.94683e-07	
5000.000000	0.0302466 	5000.000000	0.0253174 	5000.000000	0.0217725 	5000.000000	0.0216752 	5000.000000	0.0253167 	5000.000000	7.64967e-07	
5250.000000	0.0310091 	5250.000000	0.0257107 	5250.000000	0.0218604 	5250.000000	0.0217632 	5250.000000	0.0257099 	5250.000000	7.30898e-07	
5500.000000	0.0317896 	5500.000000	0.0261088 	5500.000000	0.0219472 	5500.000000	0.0218501 	5500.000000	0.0261081 	5500.000000	6.99822e-07	
6000.000000	0.0334005 	6000.000000	0.026917  	6000.000000	0.0221167 	6000.000000	0.0220199 	6000.000000	0.0269164 	6000.000000	6.45183e-07	
6500.000000	0.0350726 	6500.000000	0.0277376 	6500.000000	0.0222801 	6500.000000	0.0221835 	6500.000000	0.027737  	6500.000000	5.98678e-07	
7000.000000	0.0368011 	7000.000000	0.0285673 	7000.000000	0.0224369 	7000.000000	0.0223405 	7000.000000	0.0285668 	7000.000000	5.58602e-07	
7500.000000	0.0385823 	7500.000000	0.029404  	7500.000000	0.0225873 	7500.000000	0.0224911 	7500.000000	0.0294035 	7500.000000	5.23696e-07	
8000.000000	0.0404135 	8000.000000	0.0302459 	8000.000000	0.0227315 	8000.000000	0.0226353 	8000.000000	0.0302454 	8000.000000	4.93012e-07	
8500.000000	0.0422928 	8500.000000	0.0310917 	8500.000000	0.0228693 	8500.000000	0.0227733 	8500.000000	0.0310913 	8500.000000	4.65821e-07	
9000.000000	0.0442183 	9000.000000	0.0319406 	9000.000000	0.0230008 	9000.000000	0.0229056 	9000.000000	0.0319401 	9000.000000	4.41553e-07	
9500.000000	0.0461889 	9500.000000	0.0327916 	9500.000000	0.0231269 	9500.000000	0.0230323 	9500.000000	0.0327912 	9500.000000	4.19758e-07	
10000.000000	0.0482036 	10000.000000	0.0336443 	10000.000000	0.023248  	10000.000000	0.0231539 	10000.000000	0.0336439 	10000.000000	4.00071e-07	
11000.000000	0.052362  	11000.000000	0.0353529 	11000.000000	0.0234765 	11000.000000	0.023383  	11000.000000	0.0353526 	11000.000000	3.659e-07 	
12000.000000	0.0566887 	12000.000000	0.0370637 	12000.000000	0.0236884 	12000.000000	0.0235949 	12000.000000	0.0370634 	12000.000000	3.37248e-07	
13000.000000	0.0611803 	13000.000000	0.0387749 	13000.000000	0.023885  	13000.000000	0.0237919 	13000.000000	0.0387746 	13000.000000	3.12868e-07	
14000.000000	0.0658347 	14000.000000	0.0404855 	14000.000000	0.0240679 	14000.000000	0.0239756 	14000.000000	0.0404852 	14000.000000	2.91863e-07	
15000.000000	0.0706506 	15000.000000	0.0421945 	15000.000000	0.0242388 	15000.000000	0.0241475 	15000.000000	0.0421942 	15000.000000	2.73573e-07	
16000.000000	0.0756268 	16000.000000	0.0439016 	16000.000000	0.0243992 	16000.000000	0.0243091 	16000.000000	0.0439013 	16000.000000	2.57498e-07	
17000.000000	0.080763  	17000.000000	0.0456063 	17000.000000	0.0245504 	17000.000000	0.0244612 	17000.000000	0.0456061 	17000.000000	2.43256e-07	
18000.000000	0.0860587 	18000.000000	0.0473085 	18000.000000	0.0246933 	18000.000000	0.0246049 	18000.000000	0.0473083 	18000.000000	2.30547e-07	
19000.000000	0.091514  	19000.000000	0.0490081 	19000.000000	0.0248288 	19000.000000	0.0247411 	19000.000000	0.0490079 	19000.000000	2.19135e-07	
20000.000000	0.0971289 	20000.000000	0.0507048 	20000.000000	0.0249576 	20000.000000	0.0248704 	20000.000000	0.0507046 	20000.000000	2.08829e-07	
21000.000000	0.102904  	21000.000000	0.0523988 	21000.000000	0.0250799 	21000.000000	0.0249934 	21000.000000	0.0523986 	21000.000000	1.99475e-07	
22000.000000	0.108839  	22000.000000	0.0540899 	22000.000000	0.0251955 	22000.000000	0.0251106 	22000.000000	0.0540898 	22000.000000	1.90944e-07	
23000.000000	0.114934  	23000.000000	0.0557783 	23000.000000	0.0253066 	23000.000000	0.0252227 	23000.000000	0.0557781 	23000.000000	1.83133e-07	
24000.000000	0.121191  	24000.000000	0.0574638 	24000.000000	0.0254134 	24000.000000	0.0253299 	24000.000000	0.0574637 	24000.000000	1.75952e-07	
25000.000000	0.12761   	25000.000000	0.0591467 	25000.000000	0.0255153 	25000.000000	0.0254327 	25000.000000	0.0591465 	25000.000000	1.69328e-07	
26000.000000	0.13419   	26000.000000	0.0608268 	26000.000000	0.0256127 	26000.000000	0.0255313 	26000.000000	0.0608266 	26000.000000	1.63198e-07	
27000.000000	0.140934  	27000.000000	0.0625042 	27000.000000	0.0257061 	27000.000000	0.0256262 	27000.000000	0.062504  	27000.000000	1.57509e-07	
28000.000000	0.147841  	28000.000000	0.064179  	28000.000000	0.0257959 	28000.000000	0.0257175 	28000.000000	0.0641789 	28000.000000	1.52213e-07	
29000.000000	0.154912  	29000.000000	0.0658513 	29000.000000	0.0258825 	29000.000000	0.0258055 	29000.000000	0.0658512 	29000.000000	1.47271e-07	
30000.000000	0.162148  	30000.000000	0.0675211 	30000.000000	0.0259659 	30000.000000	0.0258905 	30000.000000	0.067521  	30000.000000	1.42649e-07	
32000.000000	0.177119  	32000.000000	0.0708534 	32000.000000	0.0261245 	32000.000000	0.0260519 	32000.000000	0.0708532 	32000.000000	1.34245e-07	
34000.000000	0.192759  	34000.000000	0.0741763 	34000.000000	0.026273  	34000.000000	0.0262031 	34000.000000	0.0741761 	34000.000000	1.26801e-07	
36000.000000	0.209074  	36000.000000	0.0774902 	36000.000000	0.026412  	36000.000000	0.0263454 	36000.000000	0.0774901 	36000.000000	1.20159e-07	
38000.000000	0.226073  	38000.000000	0.0807956 	38000.000000	0.0265425 	38000.000000	0.0264796 	38000.000000	0.0807955 	38000.000000	1.14196e-07	
40000.000000	0.24376   	40000.000000	0.0840928 	40000.000000	0.0266656 	40000.000000	0.0266066 	40000.000000	0.0840927 	40000.000000	1.08812e-07	
42000.000000	0.262144  	42000.000000	0.0873822 	42000.000000	0.0267823 	42000.000000	0.026727  	42000.000000	0.0873821 	42000.000000	1.03925e-07	
44000.000000	0.281232  	44000.000000	0.0906641 	44000.000000	0.0268933 	44000.000000	0.0268416 	44000.000000	0.090664  	44000.000000	9.94692e-08	
46000.000000	0.301031  	46000.000000	0.0939387 	46000.000000	0.0269995 	46000.000000	0.0269508 	46000.000000	0.0939386 	46000.000000	9.53896e-08	
48000.000000	0.321549  	48000.000000	0.0972065 	48000.000000	0.0271008 	48000.000000	0.0270551 	48000.000000	0.0972064 	48000.000000	9.164e-08 	
50000.000000	0.342793  	50000.000000	0.100468  	50000.000000	0.0271974 	50000.000000	0.0271549 	50000.000000	0.100468  	50000.000000	8.81816e-08	
