*Energy (MeV/u)1	0 - [He-base] F.Hubert et al, AD&ND Tables 46(1990)1	Energy (MeV/u)2	1 - [H -base] J.F.Ziegler et al, Pergamon Press, NY (low energy)	Energy (MeV/u)3	2 - ATIMA 1.2  LS-theory (recommended for high energy)	Energy (MeV/u)4	3 - ATIMA 1.2  without LS-correction	Energy (MeV/u)5	4 - electrical component of [1] - J.F.Ziegler et al	Energy (MeV/u)6	5 - nuclear component of [1] - J.F.Ziegler et al	
0.001000	0.225317  	0.001000	0.0317389 	0.001000	0.032665  	0.001000	0.032665  	0.001000	0.0248994 	0.001000	0.0068395 	
0.002000	0.294128  	0.002000	0.0499261 	0.002000	0.0515286 	0.002000	0.0515286 	0.002000	0.0430887 	0.002000	0.00683737	
0.005000	0.460463  	0.005000	0.0903925 	0.005000	0.0935315 	0.005000	0.0935315 	0.005000	0.0844078 	0.005000	0.0059847 	
0.008000	0.584027  	0.008000	0.120857  	0.008000	0.125156  	0.008000	0.125156  	0.008000	0.115613  	0.008000	0.00524402	
0.010000	0.651712  	0.010000	0.138029  	0.010000	0.142981  	0.010000	0.142981  	0.010000	0.133177  	0.010000	0.0048518 	
0.015000	0.832142  	0.015000	0.171516  	0.015000	0.180696  	0.015000	0.180696  	0.015000	0.167401  	0.015000	0.00411487	
0.020000	0.982972  	0.020000	0.199077  	0.020000	0.212386  	0.020000	0.212386  	0.020000	0.195478  	0.020000	0.00359856	
0.025000	1.11153   	0.025000	0.222767  	0.025000	0.240494  	0.025000	0.240494  	0.025000	0.219553  	0.025000	0.00321394	
0.030000	1.22173   	0.030000	0.243661  	0.030000	0.258816  	0.030000	0.258816  	0.030000	0.240746  	0.030000	0.00291448	
0.035000	1.3159    	0.035000	0.262393  	0.035000	0.275114  	0.035000	0.275114  	0.035000	0.25972   	0.035000	0.00267356	
0.040000	1.39567   	0.040000	0.279371  	0.040000	0.289836  	0.040000	0.289836  	0.040000	0.276897  	0.040000	0.00247481	
0.045000	1.46234   	0.045000	0.294871  	0.045000	0.303275  	0.045000	0.303275  	0.045000	0.292564  	0.045000	0.00230754	
0.050000	1.51707   	0.050000	0.30909   	0.050000	0.315633  	0.050000	0.315633  	0.050000	0.306926  	0.050000	0.0021645 	
0.055000	1.56098   	0.055000	0.322175  	0.055000	0.327052  	0.055000	0.327052  	0.055000	0.320134  	0.055000	0.00204052	
0.060000	1.5952    	0.060000	0.334237  	0.060000	0.337638  	0.060000	0.337638  	0.060000	0.332306  	0.060000	0.00193187	
0.070000	1.63897   	0.070000	0.355641  	0.070000	0.35662   	0.070000	0.35662   	0.070000	0.353891  	0.070000	0.00174998	
0.080000	1.65688   	0.080000	0.373855  	0.080000	0.373043  	0.080000	0.373043  	0.080000	0.372252  	0.080000	0.00160324	
0.090000	1.65645   	0.090000	0.389293  	0.090000	0.387228  	0.090000	0.387228  	0.090000	0.387811  	0.090000	0.00148198	
0.100000	1.64387   	0.100000	0.402289  	0.100000	0.399416  	0.100000	0.399416  	0.100000	0.400909  	0.100000	0.00137984	
0.120000	1.59968   	0.120000	0.422057  	0.120000	0.418574  	0.120000	0.418574  	0.120000	0.420848  	0.120000	0.00120914	
0.140000	1.54749   	0.140000	0.435089  	0.140000	0.431872  	0.140000	0.431872  	0.140000	0.434004  	0.140000	0.00108509	
0.160000	1.49716   	0.160000	0.44291   	0.160000	0.440417  	0.160000	0.440417  	0.160000	0.441923  	0.160000	0.000986453	
0.180000	1.4518    	0.180000	0.446753  	0.180000	0.445157  	0.180000	0.445157  	0.180000	0.445847  	0.180000	0.000905906	
0.200000	1.41164   	0.200000	0.447596  	0.200000	0.446895  	0.200000	0.446895  	0.200000	0.44676   	0.200000	0.000836069	
0.250000	1.32875   	0.250000	0.441211  	0.250000	0.442224  	0.250000	0.442224  	0.250000	0.440503  	0.250000	0.000708594	
0.300000	1.26105   	0.300000	0.428346  	0.300000	0.43014   	0.300000	0.43014   	0.300000	0.427729  	0.300000	0.000617553	
0.350000	1.20137   	0.350000	0.413022  	0.350000	0.414898  	0.350000	0.414898  	0.350000	0.412473  	0.350000	0.00054894	
0.400000	1.14671   	0.400000	0.397205  	0.400000	0.398777  	0.400000	0.398777  	0.400000	0.39671   	0.400000	0.000495185	
0.450000	1.09594   	0.450000	0.381822  	0.450000	0.38293   	0.450000	0.38293   	0.450000	0.38137   	0.450000	0.000451818	
0.500000	1.04865   	0.500000	0.367276  	0.500000	0.367897  	0.500000	0.367897  	0.500000	0.36686   	0.500000	0.000416018	
0.600000	0.963663  	0.600000	0.341148  	0.600000	0.340951  	0.600000	0.340951  	0.600000	0.340787  	0.600000	0.000360211	
0.700000	0.890287  	0.700000	0.318814  	0.700000	0.318094  	0.700000	0.318094  	0.700000	0.318495  	0.700000	0.000318556	
0.800000	0.826938  	0.800000	0.29971   	0.800000	0.298714  	0.800000	0.298714  	0.800000	0.299424  	0.800000	0.000286168	
0.900000	0.772026  	0.900000	0.283237  	0.900000	0.282136  	0.900000	0.282136  	0.900000	0.282977  	0.900000	0.000260198	
1.000000	0.724127  	1.000000	0.268888  	1.000000	0.267788  	1.000000	0.267788  	1.000000	0.268649  	1.000000	0.000238869	
1.250000	0.62774   	1.250000	0.239875  	1.250000	0.238991  	1.250000	0.238991  	1.250000	0.239676  	1.250000	0.000199043	
1.500000	0.55496   	1.500000	0.21763   	1.500000	0.217039  	1.500000	0.217039  	1.500000	0.217458  	1.500000	0.000171281	
1.750000	0.497958  	1.750000	0.199854  	1.750000	0.19953   	1.750000	0.19953   	1.750000	0.199703  	1.750000	0.000150734	
2.000000	0.452018  	2.000000	0.185222  	2.000000	0.185116  	2.000000	0.185116  	2.000000	0.185087  	2.000000	0.000134865	
2.250000	0.414154  	2.250000	0.172914  	2.250000	0.172978  	2.250000	0.172978  	2.250000	0.172792  	2.250000	0.000122211	
2.500000	0.375978  	2.500000	0.162388  	2.500000	0.162582  	2.500000	0.162582  	2.500000	0.162276  	2.500000	0.000111866	
3.000000	0.328172  	3.000000	0.145276  	3.000000	0.145642  	3.000000	0.145642  	3.000000	0.14518   	3.000000	9.59273e-05	
3.500000	0.291933  	3.500000	0.13192   	3.500000	0.132378  	3.500000	0.132378  	3.500000	0.131836  	3.500000	8.41843e-05	
4.000000	0.263433  	4.000000	0.121177  	4.000000	0.121682  	4.000000	0.121682  	4.000000	0.121102  	4.000000	7.51475e-05	
4.500000	0.24038   	4.500000	0.112332  	4.500000	0.112855  	4.500000	0.112855  	4.500000	0.112264  	4.500000	6.79631e-05	
5.000000	0.221319  	5.000000	0.104909  	5.000000	0.105434  	5.000000	0.105434  	5.000000	0.104847  	5.000000	6.2105e-05	
5.500000	0.205274  	5.500000	0.0985802 	5.500000	0.0990952 	5.500000	0.0990952 	5.500000	0.0985229 	5.500000	5.72306e-05	
6.000000	0.191567  	6.000000	0.0931111 	6.000000	0.0936106 	6.000000	0.0936106 	6.000000	0.093058  	6.000000	5.31071e-05	
6.500000	0.179712  	6.500000	0.0883309 	6.500000	0.088811  	6.500000	0.088811  	6.500000	0.0882813 	6.500000	4.95702e-05	
7.000000	0.16935   	7.000000	0.0841111 	7.000000	0.08457   	7.000000	0.08457   	7.000000	0.0840646 	7.000000	4.65008e-05	
7.500000	0.160209  	7.500000	0.080354  	7.500000	0.0807906 	7.500000	0.0807906 	7.500000	0.0803102 	7.500000	4.38103e-05	
8.000000	0.152083  	8.000000	0.0769836 	8.000000	0.0773977 	8.000000	0.0773977 	8.000000	0.0769422 	8.000000	4.14313e-05	
8.500000	0.144806  	8.500000	0.0739399 	8.500000	0.0743317 	8.500000	0.0743317 	8.500000	0.0739006 	8.500000	3.93117e-05	
9.000000	0.138251  	9.000000	0.071175  	9.000000	0.071545  	9.000000	0.071545  	9.000000	0.0711376 	9.000000	3.74105e-05	
9.500000	0.132312  	9.500000	0.0686501 	9.500000	0.068999  	9.500000	0.068999  	9.500000	0.0686144 	9.500000	3.56949e-05	
10.000000	0.126906  	10.000000	0.0668084 	10.000000	0.0666619 	10.000000	0.0666619 	10.000000	0.0667743 	10.000000	3.41385e-05	
11.000000	0.117421  	11.000000	0.0632041 	11.000000	0.0626255 	11.000000	0.0626317 	11.000000	0.0631727 	11.000000	3.14208e-05	
12.000000	0.109366  	12.000000	0.059946  	12.000000	0.0591169 	12.000000	0.0591272 	12.000000	0.0599169 	12.000000	2.91252e-05	
13.000000	0.102435  	13.000000	0.057001  	13.000000	0.0560336 	13.000000	0.0560451 	13.000000	0.0569738 	13.000000	2.7159e-05	
14.000000	0.0964042 	14.000000	0.0543339 	14.000000	0.0532985 	14.000000	0.0533094 	14.000000	0.0543084 	14.000000	2.54547e-05	
15.000000	0.0911056 	15.000000	0.0519119 	15.000000	0.0508516 	15.000000	0.0508624 	15.000000	0.051888  	15.000000	2.39625e-05	
16.000000	0.0864114 	16.000000	0.0497057 	16.000000	0.0486483 	16.000000	0.0486587 	16.000000	0.049683  	16.000000	2.26444e-05	
17.000000	0.0822219 	17.000000	0.0476892 	17.000000	0.0466532 	17.000000	0.0466623 	17.000000	0.0476677 	17.000000	2.14712e-05	
18.000000	0.0784584 	18.000000	0.0458402 	18.000000	0.044837  	18.000000	0.044844  	18.000000	0.0458198 	18.000000	2.04197e-05	
19.000000	0.075058  	19.000000	0.0441394 	19.000000	0.043175  	19.000000	0.04318   	19.000000	0.04412   	19.000000	1.94717e-05	
20.000000	0.0719696 	20.000000	0.0425701 	20.000000	0.0416433 	20.000000	0.0416483 	20.000000	0.0425515 	20.000000	1.86123e-05	
21.000000	0.0691514 	21.000000	0.041118  	21.000000	0.0402314 	21.000000	0.0402369 	21.000000	0.0411001 	21.000000	1.78294e-05	
22.000000	0.0665687 	22.000000	0.0397705 	22.000000	0.0389256 	22.000000	0.0389298 	22.000000	0.0397534 	22.000000	1.71131e-05	
23.000000	0.0641928 	23.000000	0.0385168 	23.000000	0.0377138 	23.000000	0.0377151 	23.000000	0.0385004 	23.000000	1.64551e-05	
24.000000	0.0619992 	24.000000	0.0373477 	24.000000	0.0365845 	24.000000	0.0365828 	24.000000	0.0373318 	24.000000	1.58485e-05	
25.000000	0.0599673 	25.000000	0.0362548 	25.000000	0.0355288 	25.000000	0.0355244 	25.000000	0.0362395 	25.000000	1.52872e-05	
27.000000	0.056321  	27.000000	0.0342698 	27.000000	0.0336116 	27.000000	0.0336008 	27.000000	0.0342555 	27.000000	1.42817e-05	
29.000000	0.0531404 	29.000000	0.0325139 	29.000000	0.0319092 	29.000000	0.0318957 	29.000000	0.0325005 	29.000000	1.34065e-05	
31.000000	0.0503402 	31.000000	0.0309495 	31.000000	0.0303959 	31.000000	0.0303816 	31.000000	0.0309369 	31.000000	1.26373e-05	
33.000000	0.0478548 	33.000000	0.0295468 	33.000000	0.0290513 	33.000000	0.0290326 	33.000000	0.0295349 	33.000000	1.19558e-05	
35.000000	0.045633  	35.000000	0.0282819 	35.000000	0.027837  	35.000000	0.0278193 	35.000000	0.0282705 	35.000000	1.13475e-05	
38.000000	0.042708  	38.000000	0.026601  	38.000000	0.0262288 	38.000000	0.0262083 	38.000000	0.0265905 	38.000000	1.0548e-05	
41.000000	0.0401815 	41.000000	0.0251353 	41.000000	0.0248244 	41.000000	0.0248033 	41.000000	0.0251254 	41.000000	9.85867e-06	
44.000000	0.0379758 	44.000000	0.0238456 	44.000000	0.0235847 	44.000000	0.023566  	44.000000	0.0238363 	44.000000	9.25795e-06	
47.000000	0.0360323 	47.000000	0.0227017 	47.000000	0.0224883 	47.000000	0.0224672 	47.000000	0.022693  	47.000000	8.72949e-06	
50.000000	0.0343061 	50.000000	0.02168   	50.000000	0.0215054 	50.000000	0.021484  	50.000000	0.0216717 	50.000000	8.26082e-06	
55.000000	0.0318197 	55.000000	0.0201994 	55.000000	0.0200791 	55.000000	0.0200558 	55.000000	0.0201918 	55.000000	7.58699e-06	
60.000000	0.0297203 	60.000000	0.0189416 	60.000000	0.0188598 	60.000000	0.0188384 	60.000000	0.0189345 	60.000000	7.01931e-06	
65.000000	0.0279226 	65.000000	0.0178593 	65.000000	0.0178094 	65.000000	0.0177874 	65.000000	0.0178528 	65.000000	6.53419e-06	
70.000000	0.0263646 	70.000000	0.0169179 	70.000000	0.0168925 	70.000000	0.0168702 	70.000000	0.0169118 	70.000000	6.11459e-06	
75.000000	0.0250005 	75.000000	0.0160914 	75.000000	0.0160827 	75.000000	0.0160622 	75.000000	0.0160856 	75.000000	5.74791e-06	
80.000000	0.0237955 	80.000000	0.0153596 	80.000000	0.015367  	80.000000	0.0153447 	80.000000	0.0153541 	80.000000	5.42458e-06	
85.000000	0.0227228 	85.000000	0.014707  	85.000000	0.0147243 	85.000000	0.0147031 	85.000000	0.0147018 	85.000000	5.13724e-06	
90.000000	0.0217611 	90.000000	0.0141213 	90.000000	0.0141459 	90.000000	0.0141257 	90.000000	0.0141164 	90.000000	4.88012e-06	
95.000000	0.0208938 	95.000000	0.0135927 	95.000000	0.0136249 	95.000000	0.0136032 	95.000000	0.013588  	95.000000	4.64861e-06	
100.000000	0.0201074 	100.000000	0.013113  	100.000000	0.0131487 	100.000000	0.013128  	100.000000	0.0131086 	100.000000	4.43901e-06	
105.000000	0.0193906 	105.000000	0.0126758 	105.000000	0.0127138 	105.000000	0.012694  	105.000000	0.0126716 	105.000000	4.24832e-06	
110.000000	0.0187345 	110.000000	0.0122756 	110.000000	0.0123147 	110.000000	0.0122958 	110.000000	0.0122715 	110.000000	4.07404e-06	
115.000000	0.0181315 	115.000000	0.0119078 	115.000000	0.0119488 	115.000000	0.0119292 	115.000000	0.0119039 	115.000000	3.91412e-06	
120.000000	0.0175753 	120.000000	0.0115687 	120.000000	0.0116105 	120.000000	0.0115906 	120.000000	0.0115649 	120.000000	3.76682e-06	
125.000000	0.0170604 	125.000000	0.0112549 	125.000000	0.0112957 	125.000000	0.0112768 	125.000000	0.0112513 	125.000000	3.63069e-06	
130.000000	0.0165823 	130.000000	0.0109638 	130.000000	0.0110035 	130.000000	0.0109851 	130.000000	0.0109603 	130.000000	3.50448e-06	
135.000000	0.0161371 	135.000000	0.0106929 	135.000000	0.0107326 	135.000000	0.0107134 	135.000000	0.0106895 	135.000000	3.38713e-06	
140.000000	0.0157215 	140.000000	0.0104402 	140.000000	0.0104788 	140.000000	0.0104596 	140.000000	0.0104369 	140.000000	3.27773e-06	
145.000000	0.0153325 	145.000000	0.0102039 	145.000000	0.0102405 	145.000000	0.0102219 	145.000000	0.0102007 	145.000000	3.17548e-06	
150.000000	0.0149675 	150.000000	0.00998247	150.000000	0.0100171 	150.000000	0.00999895	150.000000	0.00997939	150.000000	3.07969e-06	
155.000000	0.0144537 	155.000000	0.00977451	155.000000	0.00980682	155.000000	0.00978935	155.000000	0.00977152	155.000000	2.98976e-06	
160.000000	0.0141525 	160.000000	0.00957883	160.000000	0.00960926	160.000000	0.00959193	160.000000	0.00957592	160.000000	2.90517e-06	
165.000000	0.0138684 	165.000000	0.00939438	165.000000	0.00942365	165.000000	0.00940568	165.000000	0.00939155	165.000000	2.82544e-06	
170.000000	0.0136001 	170.000000	0.00922021	170.000000	0.00924768	170.000000	0.00922965	170.000000	0.00921746	170.000000	2.75015e-06	
175.000000	0.0133462 	175.000000	0.00905548	175.000000	0.00908053	175.000000	0.00906305	175.000000	0.0090528 	175.000000	2.67895e-06	
180.000000	0.0131056 	180.000000	0.00889945	180.000000	0.00892223	180.000000	0.00890513	180.000000	0.00889684	180.000000	2.61151e-06	
185.000000	0.0128773 	185.000000	0.00875144	185.000000	0.00877195	185.000000	0.00875523	185.000000	0.00874889	185.000000	2.54752e-06	
190.000000	0.0126603 	190.000000	0.00861085	190.000000	0.00862904	190.000000	0.00861276	190.000000	0.00860836	190.000000	2.48673e-06	
195.000000	0.0124538 	195.000000	0.00847714	195.000000	0.00849355	195.000000	0.00847718	195.000000	0.00847471	195.000000	2.4289e-06	
200.000000	0.012257  	200.000000	0.0083498 	200.000000	0.00836488	200.000000	0.00834802	200.000000	0.00834743	200.000000	2.37381e-06	
210.000000	0.01189   	210.000000	0.00811255	210.000000	0.00812375	210.000000	0.00810719	210.000000	0.00811027	210.000000	2.27111e-06	
220.000000	0.0115546 	220.000000	0.00789597	220.000000	0.00790319	220.000000	0.00788721	220.000000	0.0078938 	220.000000	2.1773e-06	
230.000000	0.0112469 	230.000000	0.0076975 	230.000000	0.00770085	230.000000	0.00768551	230.000000	0.00769541	230.000000	2.09124e-06	
240.000000	0.0109634 	240.000000	0.00751497	240.000000	0.0075157 	240.000000	0.00749993	240.000000	0.00751296	240.000000	2.012e-06 	
250.000000	0.0107016 	250.000000	0.00734653	250.000000	0.00734444	250.000000	0.00732864	250.000000	0.00734459	250.000000	1.93879e-06	
260.000000	0.0104588 	260.000000	0.00719064	260.000000	0.00718536	260.000000	0.00717009	260.000000	0.00718877	260.000000	1.87093e-06	
270.000000	0.0102333 	270.000000	0.00704595	270.000000	0.00703778	270.000000	0.00702293	270.000000	0.00704415	270.000000	1.80786e-06	
280.000000	0.0100231 	280.000000	0.00691132	280.000000	0.00690049	280.000000	0.006886  	280.000000	0.00690957	280.000000	1.74908e-06	
290.000000	0.00982673	290.000000	0.00678573	290.000000	0.00677322	290.000000	0.00675829	290.000000	0.00678404	290.000000	1.69415e-06	
300.000000	0.00964293	300.000000	0.00666833	300.000000	0.00665392	300.000000	0.00663894	300.000000	0.00666669	300.000000	1.64271e-06	
310.000000	0.00947052	310.000000	0.00655835	310.000000	0.00654173	310.000000	0.00652717	310.000000	0.00655676	310.000000	1.59443e-06	
320.000000	0.00930848	320.000000	0.00645512	320.000000	0.00643659	320.000000	0.00642231	320.000000	0.00645358	320.000000	1.54902e-06	
330.000000	0.00915589	330.000000	0.00635806	330.000000	0.00633766	330.000000	0.00632375	330.000000	0.00635655	330.000000	1.50623e-06	
340.000000	0.00901198	340.000000	0.00626663	340.000000	0.00624474	340.000000	0.00623096	340.000000	0.00626516	340.000000	1.46584e-06	
350.000000	0.00887603	350.000000	0.00618037	350.000000	0.00615761	350.000000	0.00614348	350.000000	0.00617895	350.000000	1.42765e-06	
360.000000	0.00874742	360.000000	0.00609888	360.000000	0.00607511	360.000000	0.00606087	360.000000	0.00609748	360.000000	1.39148e-06	
370.000000	0.00862556	370.000000	0.00602176	370.000000	0.00599671	370.000000	0.00598276	370.000000	0.00602041	370.000000	1.35717e-06	
380.000000	0.00850996	380.000000	0.0059487 	380.000000	0.00592251	380.000000	0.00590882	380.000000	0.00594738	380.000000	1.32458e-06	
390.000000	0.00840016	390.000000	0.00587939	390.000000	0.00585222	390.000000	0.00583872	390.000000	0.0058781 	390.000000	1.29358e-06	
400.000000	0.00829573	400.000000	0.00581356	400.000000	0.00578542	400.000000	0.00577219	400.000000	0.0058123 	400.000000	1.26406e-06	
410.000000	0.00819632	410.000000	0.00575097	410.000000	0.00572208	410.000000	0.00570899	410.000000	0.00574973	410.000000	1.23591e-06	
420.000000	0.00810158	420.000000	0.00569139	420.000000	0.00566217	420.000000	0.00564888	420.000000	0.00569018	420.000000	1.20903e-06	
430.000000	0.00801119	430.000000	0.00563461	430.000000	0.00560518	430.000000	0.00559166	430.000000	0.00563343	430.000000	1.18335e-06	
440.000000	0.00792488	440.000000	0.00558046	440.000000	0.0055506 	440.000000	0.00553713	440.000000	0.0055793 	440.000000	1.15879e-06	
450.000000	0.00784239	450.000000	0.00552876	450.000000	0.00549837	450.000000	0.00548512	450.000000	0.00552763	450.000000	1.13526e-06	
460.000000	0.00776348	460.000000	0.00547937	460.000000	0.00544854	460.000000	0.00543548	460.000000	0.00547826	460.000000	1.11271e-06	
470.000000	0.00768793	470.000000	0.00543213	470.000000	0.00540098	470.000000	0.00538805	470.000000	0.00543104	470.000000	1.09107e-06	
480.000000	0.00761554	480.000000	0.00538692	480.000000	0.00535546	480.000000	0.0053427 	480.000000	0.00538585	480.000000	1.07029e-06	
490.000000	0.00754614	490.000000	0.00534362	490.000000	0.00531188	490.000000	0.00529931	490.000000	0.00534257	490.000000	1.05032e-06	
500.000000	0.00747954	500.000000	0.00530211	500.000000	0.00527025	500.000000	0.00525777	500.000000	0.00530108	500.000000	1.03111e-06	
520.000000	0.00735417	520.000000	0.00522409	520.000000	0.00519258	520.000000	0.0051798 	520.000000	0.0052231 	520.000000	9.94814e-07	
540.000000	0.00723829	540.000000	0.00515213	540.000000	0.00512084	540.000000	0.00510803	540.000000	0.00515117	540.000000	9.61081e-07	
560.000000	0.00713095	560.000000	0.00508559	560.000000	0.00505433	560.000000	0.00504182	560.000000	0.00508466	560.000000	9.29648e-07	
580.000000	0.00703131	580.000000	0.00502394	580.000000	0.00499292	580.000000	0.0049806 	580.000000	0.00502304	580.000000	9.00285e-07	
600.000000	0.00693862	600.000000	0.00496669	600.000000	0.00493595	600.000000	0.00492388	600.000000	0.00496582	600.000000	8.72791e-07	
620.000000	0.00685227	620.000000	0.00491345	620.000000	0.00488316	620.000000	0.00487123	620.000000	0.0049126 	620.000000	8.46991e-07	
640.000000	0.00677168	640.000000	0.00486383	640.000000	0.00483441	640.000000	0.00482228	640.000000	0.00486301	640.000000	8.22731e-07	
660.000000	0.00669635	660.000000	0.00481753	660.000000	0.00478898	660.000000	0.00477669	660.000000	0.00481673	660.000000	7.99875e-07	
680.000000	0.00662585	680.000000	0.00477426	680.000000	0.00474632	680.000000	0.00473417	680.000000	0.00477348	680.000000	7.78304e-07	
700.000000	0.00655978	700.000000	0.00473376	700.000000	0.00470641	700.000000	0.00469445	700.000000	0.004733  	700.000000	7.57911e-07	
720.000000	0.0064978 	720.000000	0.00469581	720.000000	0.00466914	720.000000	0.00465731	720.000000	0.00469507	720.000000	7.386e-07 	
740.000000	0.00643958	740.000000	0.00466021	740.000000	0.00463422	740.000000	0.00462253	740.000000	0.00465949	740.000000	7.20286e-07	
760.000000	0.00638486	760.000000	0.00462679	760.000000	0.00460144	760.000000	0.00458993	760.000000	0.00462608	760.000000	7.02893e-07	
780.000000	0.00633337	780.000000	0.00459537	780.000000	0.00457076	780.000000	0.00455933	780.000000	0.00459468	780.000000	6.86353e-07	
800.000000	0.00628489	800.000000	0.00456581	800.000000	0.0045421 	800.000000	0.0045306 	800.000000	0.00456514	800.000000	6.70603e-07	
820.000000	0.0062392 	820.000000	0.00453798	820.000000	0.00451524	820.000000	0.00450358	820.000000	0.00453732	820.000000	6.55588e-07	
840.000000	0.00619613	840.000000	0.00451176	840.000000	0.0044899 	840.000000	0.00447815	840.000000	0.00451112	840.000000	6.41256e-07	
860.000000	0.00615549	860.000000	0.00448703	860.000000	0.0044659 	860.000000	0.0044542 	860.000000	0.00448641	860.000000	6.27561e-07	
880.000000	0.00611713	880.000000	0.00446371	880.000000	0.0044432 	880.000000	0.00443163	880.000000	0.0044631 	880.000000	6.14461e-07	
900.000000	0.00608091	900.000000	0.00444169	900.000000	0.00442179	900.000000	0.00441035	900.000000	0.00444109	900.000000	6.01918e-07	
920.000000	0.00604669	920.000000	0.0044209 	920.000000	0.0044016 	920.000000	0.00439026	920.000000	0.00442031	920.000000	5.89897e-07	
940.000000	0.00601436	940.000000	0.00440126	940.000000	0.00438256	940.000000	0.00437129	940.000000	0.00440069	940.000000	5.78364e-07	
960.000000	0.0059838 	960.000000	0.0043827 	960.000000	0.00436457	960.000000	0.00435337	960.000000	0.00438213	960.000000	5.67292e-07	
980.000000	0.00595492	980.000000	0.00436515	980.000000	0.00434756	980.000000	0.00433642	980.000000	0.0043646 	980.000000	5.56651e-07	
1000.000000	0.00592761	1000.000000	0.00434856	1000.000000	0.00433147	1000.000000	0.00432039	1000.000000	0.00434801	1000.000000	5.46417e-07	
1020.000000	0.00590179	1020.000000	0.00433287	1020.000000	0.00431623	1020.000000	0.00430523	1020.000000	0.00433233	1020.000000	5.36568e-07	
1040.000000	0.00587739	1040.000000	0.00431802	1040.000000	0.00430178	1040.000000	0.00429087	1040.000000	0.0043175 	1040.000000	5.2708e-07	
1060.000000	0.00585431	1060.000000	0.00430398	1060.000000	0.00428809	1060.000000	0.00427728	1060.000000	0.00430347	1060.000000	5.17936e-07	
1080.000000	0.0058325 	1080.000000	0.0042907 	1080.000000	0.00427514	1080.000000	0.0042644 	1080.000000	0.00429019	1080.000000	5.09115e-07	
1100.000000	0.0058119 	1100.000000	0.00427814	1100.000000	0.00426291	1100.000000	0.0042522 	1100.000000	0.00427764	1100.000000	5.00601e-07	
1120.000000	0.00579243	1120.000000	0.00426625	1120.000000	0.00425148	1120.000000	0.00424076	1120.000000	0.00426576	1120.000000	4.92378e-07	
1140.000000	0.00577405	1140.000000	0.00425502	1140.000000	0.00424073	1140.000000	0.00422994	1140.000000	0.00425453	1140.000000	4.84431e-07	
1160.000000	0.00575669	1160.000000	0.00424439	1160.000000	0.00423056	1160.000000	0.00421969	1160.000000	0.00424392	1160.000000	4.76746e-07	
1180.000000	0.00574032	1180.000000	0.00423435	1180.000000	0.00422092	1180.000000	0.00420998	1180.000000	0.00423388	1180.000000	4.69311e-07	
1200.000000	0.00572489	1200.000000	0.00422486	1200.000000	0.00421176	1200.000000	0.00420077	1200.000000	0.0042244 	1200.000000	4.62112e-07	
1220.000000	0.00571035	1220.000000	0.0042159 	1220.000000	0.00420304	1220.000000	0.00419204	1220.000000	0.00421545	1220.000000	4.5514e-07	
1240.000000	0.00569666	1240.000000	0.00420744	1240.000000	0.00419474	1240.000000	0.00418377	1240.000000	0.004207  	1240.000000	4.48383e-07	
1260.000000	0.00568379	1260.000000	0.00419946	1260.000000	0.00418685	1260.000000	0.00417593	1260.000000	0.00419902	1260.000000	4.41831e-07	
1280.000000	0.0056717 	1280.000000	0.00419194	1280.000000	0.00417936	1280.000000	0.00416849	1280.000000	0.00419151	1280.000000	4.35475e-07	
1300.000000	0.00566035	1300.000000	0.00418485	1300.000000	0.00417225	1300.000000	0.00416145	1300.000000	0.00418442	1300.000000	4.29306e-07	
1320.000000	0.00564972	1320.000000	0.00417818	1320.000000	0.00416553	1320.000000	0.00415478	1320.000000	0.00417776	1320.000000	4.23317e-07	
1340.000000	0.00563977	1340.000000	0.00417191	1340.000000	0.00415916	1340.000000	0.00414846	1340.000000	0.00417149	1340.000000	4.17498e-07	
1360.000000	0.00563048	1360.000000	0.00416602	1360.000000	0.00415314	1360.000000	0.00414247	1360.000000	0.00416561	1360.000000	4.11844e-07	
1380.000000	0.00562182	1380.000000	0.00416049	1380.000000	0.00414744	1380.000000	0.0041368 	1380.000000	0.00416009	1380.000000	4.06346e-07	
1400.000000	0.00561376	1400.000000	0.00415532	1400.000000	0.00414204	1400.000000	0.00413143	1400.000000	0.00415492	1400.000000	4.00998e-07	
1420.000000	0.00560629	1420.000000	0.00415047	1420.000000	0.00413693	1420.000000	0.00412636	1420.000000	0.00415008	1420.000000	3.95795e-07	
1440.000000	0.00559937	1440.000000	0.00414595	1440.000000	0.00413209	1440.000000	0.00412155	1440.000000	0.00414556	1440.000000	3.90731e-07	
1460.000000	0.005593  	1460.000000	0.00414174	1460.000000	0.00412751	1460.000000	0.00411701	1460.000000	0.00414135	1460.000000	3.85799e-07	
1480.000000	0.00558714	1480.000000	0.00413782	1480.000000	0.00412315	1480.000000	0.0041127 	1480.000000	0.00413744	1480.000000	3.80995e-07	
1500.000000	0.00558177	1500.000000	0.00413419	1500.000000	0.00411917	1500.000000	0.00410876	1500.000000	0.00413381	1500.000000	3.76313e-07	
1520.000000	0.00557689	1520.000000	0.00413083	1520.000000	0.00411542	1520.000000	0.00410505	1520.000000	0.00413046	1520.000000	3.7175e-07	
1540.000000	0.00557248	1540.000000	0.00412773	1540.000000	0.00411189	1540.000000	0.00410156	1540.000000	0.00412737	1540.000000	3.673e-07 	
1560.000000	0.0055685 	1560.000000	0.00412489	1560.000000	0.00410859	1560.000000	0.00409827	1560.000000	0.00412453	1560.000000	3.62959e-07	
1580.000000	0.00556496	1580.000000	0.00412229	1580.000000	0.00410549	1580.000000	0.00409519	1580.000000	0.00412193	1580.000000	3.58723e-07	
1600.000000	0.00556184	1600.000000	0.00411992	1600.000000	0.00410259	1600.000000	0.00409229	1600.000000	0.00411957	1600.000000	3.54589e-07	
1620.000000	0.00555912	1620.000000	0.00411778	1620.000000	0.00409989	1620.000000	0.00408958	1620.000000	0.00411743	1620.000000	3.50553e-07	
1640.000000	0.00555679	1640.000000	0.00411585	1640.000000	0.00409737	1640.000000	0.00408703	1640.000000	0.00411551	1640.000000	3.46611e-07	
1660.000000	0.00555483	1660.000000	0.00411414	1660.000000	0.00409503	1660.000000	0.00408466	1660.000000	0.0041138 	1660.000000	3.4276e-07	
1680.000000	0.00555324	1680.000000	0.00411263	1680.000000	0.00409285	1680.000000	0.00408245	1680.000000	0.00411229	1680.000000	3.38997e-07	
1700.000000	0.005552  	1700.000000	0.00411131	1700.000000	0.00409083	1700.000000	0.00408038	1700.000000	0.00411098	1700.000000	3.35319e-07	
1750.000000	0.00555036	1750.000000	0.00410883	1750.000000	0.00408638	1750.000000	0.00407586	1750.000000	0.0041085 	1750.000000	3.26476e-07	
1800.000000	0.00555069	1800.000000	0.00410743	1800.000000	0.00408273	1800.000000	0.00407216	1800.000000	0.00410711	1800.000000	3.18104e-07	
1850.000000	0.00555285	1850.000000	0.00410702	1850.000000	0.00407977	1850.000000	0.00406921	1850.000000	0.00410671	1850.000000	3.10166e-07	
1900.000000	0.0055567 	1900.000000	0.00410754	1900.000000	0.00407746	1900.000000	0.00406694	1900.000000	0.00410723	1900.000000	3.02628e-07	
1950.000000	0.00556213	1950.000000	0.00410889	1950.000000	0.00407574	1950.000000	0.00406528	1950.000000	0.0041086 	1950.000000	2.95462e-07	
2000.000000	0.00556903	2000.000000	0.00411104	2000.000000	0.00407457	2000.000000	0.00406417	2000.000000	0.00411075	2000.000000	2.88639e-07	
2100.000000	0.00558686	2100.000000	0.00411745	2100.000000	0.00407373	2100.000000	0.00406343	2100.000000	0.00411717	2100.000000	2.75929e-07	
2200.000000	0.00560953	2200.000000	0.00412637	2200.000000	0.0040746 	2200.000000	0.00406436	2200.000000	0.00412611	2200.000000	2.64328e-07	
2300.000000	0.00563648	2300.000000	0.00413749	2300.000000	0.00407686	2300.000000	0.00406668	2300.000000	0.00413723	2300.000000	2.53696e-07	
2400.000000	0.00566724	2400.000000	0.00415051	2400.000000	0.00408028	2400.000000	0.00407015	2400.000000	0.00415027	2400.000000	2.43915e-07	
2500.000000	0.00570142	2500.000000	0.00416522	2500.000000	0.00408465	2500.000000	0.00407459	2500.000000	0.00416498	2500.000000	2.34885e-07	
2600.000000	0.00573867	2600.000000	0.00418141	2600.000000	0.00408983	2600.000000	0.00407984	2600.000000	0.00418119	2600.000000	2.26523e-07	
2700.000000	0.00577872	2700.000000	0.00419893	2700.000000	0.0040957 	2700.000000	0.00408576	2700.000000	0.00419871	2700.000000	2.18755e-07	
2800.000000	0.00582131	2800.000000	0.00421762	2800.000000	0.00410216	2800.000000	0.00409224	2800.000000	0.00421741	2800.000000	2.11521e-07	
2900.000000	0.00586622	2900.000000	0.00423736	2900.000000	0.00410911	2900.000000	0.00409919	2900.000000	0.00423716	2900.000000	2.04766e-07	
3000.000000	0.00591328	3000.000000	0.00425805	3000.000000	0.00411648	3000.000000	0.00410653	3000.000000	0.00425785	3000.000000	1.98443e-07	
3200.000000	0.00601315	3200.000000	0.0043019 	3200.000000	0.00413215	3200.000000	0.00412213	3200.000000	0.00430171	3200.000000	1.86939e-07	
3400.000000	0.00611985	3400.000000	0.00434855	3400.000000	0.0041487 	3400.000000	0.0041386 	3400.000000	0.00434837	3400.000000	1.76736e-07	
3600.000000	0.00623249	3600.000000	0.00439751	3600.000000	0.00416579	3600.000000	0.00415565	3600.000000	0.00439734	3600.000000	1.67624e-07	
3800.000000	0.00635041	3800.000000	0.00444842	3800.000000	0.00418319	3800.000000	0.00417303	3800.000000	0.00444826	3800.000000	1.59435e-07	
4000.000000	0.00647304	4000.000000	0.00450095	4000.000000	0.00420073	4000.000000	0.00419058	4000.000000	0.0045008 	4000.000000	1.52035e-07	
4200.000000	0.00659994	4200.000000	0.00455487	4200.000000	0.0042183 	4200.000000	0.00420817	4200.000000	0.00455472	4200.000000	1.45312e-07	
4400.000000	0.00673073	4400.000000	0.00460997	4400.000000	0.00423581	4400.000000	0.00422571	4400.000000	0.00460983	4400.000000	1.39178e-07	
4600.000000	0.0068651 	4600.000000	0.00466609	4600.000000	0.00425321	4600.000000	0.00424314	4600.000000	0.00466596	4600.000000	1.33557e-07	
4800.000000	0.00700279	4800.000000	0.0047231 	4800.000000	0.00427043	4800.000000	0.00426038	4800.000000	0.00472297	4800.000000	1.28387e-07	
5000.000000	0.00714359	5000.000000	0.00478086	5000.000000	0.00428744	5000.000000	0.00427742	5000.000000	0.00478074	5000.000000	1.23615e-07	
5250.000000	0.00732367	5250.000000	0.00485399	5250.000000	0.00430837	5250.000000	0.00429838	5250.000000	0.00485387	5250.000000	1.18142e-07	
5500.000000	0.00750801	5500.000000	0.004928  	5500.000000	0.00432889	5500.000000	0.00431892	5500.000000	0.00492789	5500.000000	1.13148e-07	
6000.000000	0.00788848	6000.000000	0.00507817	6000.000000	0.00436865	6000.000000	0.00435871	6000.000000	0.00507806	6000.000000	1.04365e-07	
6500.000000	0.0082834 	6500.000000	0.00523055	6500.000000	0.00440662	6500.000000	0.00439671	6500.000000	0.00523045	6500.000000	9.68852e-08	
7000.000000	0.00869162	7000.000000	0.00538458	7000.000000	0.00444283	7000.000000	0.00443293	7000.000000	0.00538449	7000.000000	9.04362e-08	
7500.000000	0.0091123 	7500.000000	0.00553984	7500.000000	0.00447733	7500.000000	0.00446746	7500.000000	0.00553976	7500.000000	8.48167e-08	
8000.000000	0.0095448 	8000.000000	0.00569604	8000.000000	0.00451028	8000.000000	0.00450037	8000.000000	0.00569596	8000.000000	7.98748e-08	
8500.000000	0.00998863	8500.000000	0.00585293	8500.000000	0.00454159	8500.000000	0.00453177	8500.000000	0.00585285	8500.000000	7.54939e-08	
9000.000000	0.0104434 	9000.000000	0.00601035	9000.000000	0.00457133	9000.000000	0.00456175	9000.000000	0.00601028	9000.000000	7.15825e-08	
9500.000000	0.0109088 	9500.000000	0.00616817	9500.000000	0.00459981	9500.000000	0.0045904 	9500.000000	0.0061681 	9500.000000	6.80684e-08	
10000.000000	0.0113847 	10000.000000	0.00632627	10000.000000	0.00462717	10000.000000	0.00461782	10000.000000	0.0063262 	10000.000000	6.48933e-08	
11000.000000	0.0123668 	11000.000000	0.00664302	11000.000000	0.00467869	11000.000000	0.00466931	11000.000000	0.00664296	11000.000000	5.93797e-08	
12000.000000	0.0133886 	12000.000000	0.00696013	12000.000000	0.00472622	12000.000000	0.0047168 	12000.000000	0.00696007	12000.000000	5.47542e-08	
13000.000000	0.0144495 	13000.000000	0.00727728	13000.000000	0.00477022	13000.000000	0.0047608 	13000.000000	0.00727723	13000.000000	5.08165e-08	
14000.000000	0.0155487 	14000.000000	0.00759427	14000.000000	0.00481111	14000.000000	0.00480175	14000.000000	0.00759422	14000.000000	4.74224e-08	
15000.000000	0.0166861 	15000.000000	0.00791096	15000.000000	0.00484927	15000.000000	0.00484   	15000.000000	0.00791092	15000.000000	4.44657e-08	
16000.000000	0.0178614 	16000.000000	0.00822727	16000.000000	0.00488504	16000.000000	0.00487587	16000.000000	0.00822723	16000.000000	4.18662e-08	
17000.000000	0.0190745 	17000.000000	0.00854314	17000.000000	0.00491869	17000.000000	0.0049096 	17000.000000	0.0085431 	17000.000000	3.95622e-08	
18000.000000	0.0203252 	18000.000000	0.00885852	18000.000000	0.00495045	18000.000000	0.00494143	18000.000000	0.00885848	18000.000000	3.75057e-08	
19000.000000	0.0216136 	19000.000000	0.00917339	19000.000000	0.0049805 	19000.000000	0.00497153	19000.000000	0.00917335	19000.000000	3.56584e-08	
20000.000000	0.0229398 	20000.000000	0.00948774	20000.000000	0.005009  	20000.000000	0.00500008	20000.000000	0.00948771	20000.000000	3.39897e-08	
21000.000000	0.0243036 	21000.000000	0.00980157	21000.000000	0.00503614	21000.000000	0.00502722	21000.000000	0.00980153	21000.000000	3.24746e-08	
22000.000000	0.0257054 	22000.000000	0.0101149 	22000.000000	0.00506204	22000.000000	0.00505307	22000.000000	0.0101148 	22000.000000	3.10926e-08	
23000.000000	0.027145  	23000.000000	0.0104276 	23000.000000	0.00508648	23000.000000	0.00507775	23000.000000	0.0104276 	23000.000000	2.98268e-08	
24000.000000	0.0286227 	24000.000000	0.0107399 	24000.000000	0.00510983	24000.000000	0.00510134	24000.000000	0.0107399 	24000.000000	2.8663e-08	
25000.000000	0.0301386 	25000.000000	0.0110516 	25000.000000	0.00513243	25000.000000	0.00512394	25000.000000	0.0110516 	25000.000000	2.75891e-08	
26000.000000	0.0316928 	26000.000000	0.0113628 	26000.000000	0.0051541 	26000.000000	0.00514561	26000.000000	0.0113628 	26000.000000	2.65952e-08	
27000.000000	0.0332855 	27000.000000	0.0116736 	27000.000000	0.00517478	27000.000000	0.00516644	27000.000000	0.0116736 	27000.000000	2.56724e-08	
28000.000000	0.0349168 	28000.000000	0.0119838 	28000.000000	0.00519463	28000.000000	0.00518647	28000.000000	0.0119838 	28000.000000	2.48134e-08	
29000.000000	0.0365869 	29000.000000	0.0122936 	29000.000000	0.00521377	29000.000000	0.00520577	29000.000000	0.0122936 	29000.000000	2.40116e-08	
30000.000000	0.0382959 	30000.000000	0.0126029 	30000.000000	0.00523227	30000.000000	0.00522438	30000.000000	0.0126029 	30000.000000	2.32615e-08	
32000.000000	0.0418317 	32000.000000	0.0132202 	32000.000000	0.00526736	32000.000000	0.00525972	32000.000000	0.0132201 	32000.000000	2.18975e-08	
34000.000000	0.0455255 	34000.000000	0.0138357 	34000.000000	0.0053001 	34000.000000	0.0052928 	34000.000000	0.0138356 	34000.000000	2.06888e-08	
36000.000000	0.0493789 	36000.000000	0.0144495 	36000.000000	0.00533083	36000.000000	0.00532387	36000.000000	0.0144495 	36000.000000	1.96101e-08	
38000.000000	0.0533935 	38000.000000	0.0150618 	38000.000000	0.00535982	38000.000000	0.00535316	38000.000000	0.0150617 	38000.000000	1.86413e-08	
40000.000000	0.0575709 	40000.000000	0.0156725 	40000.000000	0.00538724	40000.000000	0.00538086	40000.000000	0.0156725 	40000.000000	1.77664e-08	
42000.000000	0.0619128 	42000.000000	0.0162818 	42000.000000	0.00541321	42000.000000	0.00540711	42000.000000	0.0162817 	42000.000000	1.69721e-08	
44000.000000	0.066421  	44000.000000	0.0168896 	44000.000000	0.00543784	44000.000000	0.00543205	44000.000000	0.0168896 	44000.000000	1.62477e-08	
46000.000000	0.0710971 	46000.000000	0.0174962 	46000.000000	0.00546125	46000.000000	0.00545581	46000.000000	0.0174962 	46000.000000	1.55843e-08	
48000.000000	0.075943  	48000.000000	0.0181015 	48000.000000	0.00548355	48000.000000	0.00547848	48000.000000	0.0181014 	48000.000000	1.49744e-08	
50000.000000	0.0809603 	50000.000000	0.0187055 	50000.000000	0.00550483	50000.000000	0.00550016	50000.000000	0.0187055 	50000.000000	1.44118e-08	
