*Energy (MeV/u)1	0 - [He-base] F.Hubert et al, AD&ND Tables 46(1990)1	Energy (MeV/u)2	1 - [H -base] J.F.Ziegler et al, Pergamon Press, NY (low energy)	Energy (MeV/u)3	2 - ATIMA 1.2  LS-theory (recommended for high energy)	Energy (MeV/u)4	3 - ATIMA 1.2  without LS-correction	Energy (MeV/u)5	4 - Range straggling - method [0] - LISE	Energy (MeV/u)6	5 - Range straggling - method [1] - Atima	Energy (MeV/u)7	6 - Lateral range - method [0] - LISE	Energy (MeV/u)8	7 - Lateral range - method [1] - Atima	Energy (MeV/u)9	8 - Lateral range - method [2] - PDG	
0.001000	0.0867771 	0.001000	0.0867771 	0.001000	0.0989367 	0.001000	0.0989367 	0.001000	0         	0.001000	0         	0.001000	0.000489683	0.001000	0.000740196	0.001000	0.00043252	
0.002000	0.184272  	0.002000	0.173554  	0.002000	0.197873  	0.002000	0.197873  	0.002000	0.0169377 	0.002000	0.0169377 	0.002000	0.00143434	0.002000	0.00209498	0.002000	0.00129888	
0.005000	0.400785  	0.005000	0.366265  	0.005000	0.415898  	0.005000	0.415898  	0.005000	0.0191881 	0.005000	0.0191881 	0.005000	0.00427978	0.005000	0.00610558	0.005000	0.00393589	
0.008000	0.569597  	0.008000	0.516519  	0.008000	0.584241  	0.008000	0.584241  	0.008000	0.0192474 	0.008000	0.0192474 	0.008000	0.00701255	0.008000	0.00987918	0.008000	0.00649874	
0.010000	0.66799   	0.010000	0.604096  	0.010000	0.681729  	0.010000	0.681729  	0.010000	0.0194365 	0.010000	0.0194365 	0.010000	0.00880091	0.010000	0.0123273 	0.010000	0.00818386	
0.015000	0.883233  	0.015000	0.795677  	0.015000	0.893498  	0.015000	0.893498  	0.015000	0.0203174 	0.015000	0.0203174 	0.015000	0.0132028 	0.015000	0.0181441 	0.015000	0.0123477 	
0.020000	1.06937   	0.020000	0.961355  	0.020000	1.07514   	0.020000	1.07514   	0.020000	0.0214245 	0.020000	0.0214245 	0.020000	0.0175262 	0.020000	0.0233351 	0.020000	0.0164524 	
0.025000	1.23591   	0.025000	1.10958   	0.025000	1.23663   	0.025000	1.23663   	0.025000	0.0225409 	0.025000	0.0225409 	0.025000	0.0218025 	0.025000	0.028048  	0.025000	0.0205226 	
0.030000	1.38753   	0.030000	1.24454   	0.030000	1.37609   	0.030000	1.37609   	0.030000	0.0234479 	0.030000	0.0234479 	0.030000	0.0258406 	0.030000	0.0321889 	0.030000	0.0243655 	
0.035000	1.52676   	0.035000	1.36846   	0.035000	1.49784   	0.035000	1.49784   	0.035000	0.0241622 	0.035000	0.0241622 	0.035000	0.0295917 	0.035000	0.0358514 	0.035000	0.027989  	
0.040000	1.65561   	0.040000	1.48314   	0.040000	1.60987   	0.040000	1.60987   	0.040000	0.024797  	0.040000	0.024797  	0.040000	0.0329879 	0.040000	0.0392439 	0.040000	0.0315598 	
0.045000	1.77608   	0.045000	1.59037   	0.045000	1.71541   	0.045000	1.71541   	0.045000	0.0253863 	0.045000	0.0253863 	0.045000	0.036274  	0.045000	0.0424665 	0.045000	0.0349211 	
0.050000	1.88972   	0.050000	1.69152   	0.050000	1.81589   	0.050000	1.81589   	0.050000	0.0259405 	0.050000	0.0258297 	0.050000	0.0394594 	0.050000	0.0455575 	0.050000	0.038114  	
0.055000	1.99773   	0.055000	1.78766   	0.055000	1.91215   	0.055000	1.91215   	0.055000	0.0264639 	0.055000	0.0261834 	0.055000	0.0425666 	0.055000	0.0485615 	0.055000	0.041241  	
0.060000	2.1012    	0.060000	1.87975   	0.060000	2.00476   	0.060000	2.00476   	0.060000	0.0269597 	0.060000	0.0265163 	0.060000	0.0456029 	0.060000	0.0514734 	0.060000	0.0443047 	
0.070000	2.29752   	0.070000	2.05449   	0.070000	2.1809    	0.070000	2.1809    	0.070000	0.0278802 	0.070000	0.0271311 	0.070000	0.0514989 	0.070000	0.0571489 	0.070000	0.0502645 	
0.080000	2.48283   	0.080000	2.21943   	0.080000	2.3473    	0.080000	2.3473    	0.080000	0.0287237 	0.080000	0.0276934 	0.080000	0.057211  	0.080000	0.0626994 	0.080000	0.0560439 	
0.090000	2.65986   	0.090000	2.377     	0.090000	2.50618   	0.090000	2.50618   	0.090000	0.0295088 	0.090000	0.0282175 	0.090000	0.062345  	0.090000	0.0677484 	0.090000	0.0612387 	
0.100000	2.83057   	0.100000	2.52894   	0.100000	2.65923   	0.100000	2.65923   	0.100000	0.0302504 	0.100000	0.028714  	0.100000	0.0667404 	0.100000	0.0720984 	0.100000	0.0656788 	
0.120000	3.15843   	0.120000	2.82075   	0.120000	2.9526    	0.120000	2.9526    	0.120000	0.0316449 	0.120000	0.0296536 	0.120000	0.0744702 	0.120000	0.0798575 	0.120000	0.0734661 	
0.140000	3.47431   	0.140000	3.10191   	0.140000	3.23457   	0.140000	3.23457   	0.140000	0.0329695 	0.140000	0.0305545 	0.140000	0.0812809 	0.140000	0.0868272 	0.140000	0.0803049 	
0.160000	3.78306   	0.160000	3.37672   	0.160000	3.50957   	0.160000	3.50957   	0.160000	0.0342618 	0.160000	0.0314416 	0.160000	0.0874701 	0.160000	0.0932264 	0.160000	0.0865061 	
0.180000	4.08594   	0.180000	3.6463    	0.180000	3.78045   	0.180000	3.78045   	0.180000	0.0355445 	0.180000	0.0323302 	0.180000	0.0931619 	0.180000	0.0991604 	0.180000	0.092214  	
0.200000	4.38364   	0.200000	3.91128   	0.200000	4.0491    	0.200000	4.0491    	0.200000	0.0368321 	0.200000	0.0332294 	0.200000	0.0983921 	0.200000	0.104669  	0.200000	0.097438  	
0.250000	5.11605   	0.250000	4.56317   	0.250000	4.71823   	0.250000	4.71823   	0.250000	0.0401205 	0.250000	0.0355548 	0.250000	0.111182  	0.250000	0.118153  	0.250000	0.110235  	
0.300000	5.84117   	0.300000	5.20858   	0.300000	5.39119   	0.300000	5.39119   	0.300000	0.0435447 	0.300000	0.0380112 	0.300000	0.123273  	0.300000	0.13092   	0.300000	0.122321  	
0.350000	6.56011   	0.350000	5.84848   	0.350000	6.07121   	0.350000	6.07121   	0.350000	0.0470938 	0.350000	0.0405839 	0.350000	0.13442   	0.350000	0.142744  	0.350000	0.133469  	
0.400000	7.27653   	0.400000	6.48614   	0.400000	6.75541   	0.400000	6.75541   	0.400000	0.0506869 	0.400000	0.0432077 	0.400000	0.145304  	0.400000	0.154216  	0.400000	0.14435   	
0.450000	7.98775   	0.450000	7.11918   	0.450000	7.44587   	0.450000	7.44587   	0.450000	0.054334  	0.450000	0.0458836 	0.450000	0.155699  	0.450000	0.165177  	0.450000	0.15474   	
0.500000	8.69841   	0.500000	7.75171   	0.500000	8.14433   	0.500000	8.14433   	0.500000	0.0580471 	0.500000	0.0486156 	0.500000	0.165795  	0.500000	0.175806  	0.500000	0.16484   	
0.600000	10.134    	0.600000	9.02949   	0.600000	9.57196   	0.600000	9.57196   	0.600000	0.0657325 	0.600000	0.0542788 	0.600000	0.184935  	0.600000	0.195955  	0.600000	0.183989  	
0.700000	11.6041   	0.700000	10.338    	0.700000	11.0446   	0.700000	11.0446   	0.700000	0.0737749 	0.700000	0.0601992 	0.700000	0.203083  	0.700000	0.215055  	0.700000	0.202154  	
0.800000	13.125    	0.800000	11.6917   	0.800000	12.5636   	0.800000	12.5636   	0.800000	0.0821562 	0.800000	0.066348  	0.800000	0.220537  	0.800000	0.233404  	0.800000	0.21963   	
0.900000	14.7067   	0.900000	13.0995   	0.900000	14.1298   	0.900000	14.1298   	0.900000	0.090867  	0.900000	0.0727074 	0.900000	0.237309  	0.900000	0.251056  	0.900000	0.236431  	
1.000000	16.351    	1.000000	14.563    	1.000000	15.7439   	1.000000	15.7439   	1.000000	0.0999037 	1.000000	0.0792669 	1.000000	0.253692  	1.000000	0.268274  	1.000000	0.25285   	
1.250000	20.7571   	1.250000	18.4848   	1.250000	20.0019   	1.250000	20.0019   	1.250000	0.124083  	1.250000	0.0966183 	1.250000	0.292302  	1.250000	0.308968  	1.250000	0.291575  	
1.500000	25.6036   	1.500000	22.7984   	1.500000	24.5885   	1.500000	24.5885   	1.500000	0.150619  	1.500000	0.115343  	1.500000	0.328343  	1.500000	0.347102  	1.500000	0.327775  	
1.750000	30.8718   	1.750000	27.4875   	1.750000	29.4973   	1.750000	29.4973   	1.750000	0.179365  	1.750000	0.135297  	1.750000	0.363721  	1.750000	0.384509  	1.750000	0.363356  	
2.000000	36.5662   	2.000000	32.5559   	2.000000	34.7268   	2.000000	34.7268   	2.000000	0.210304  	2.000000	0.156452  	2.000000	0.39923   	2.000000	0.421979  	2.000000	0.399122  	
2.250000	42.725    	2.250000	38.0377   	2.250000	40.2777   	2.250000	40.2777   	2.250000	0.243458  	2.250000	0.17881   	2.250000	0.435279  	2.250000	0.459891  	2.250000	0.435475  	
2.500000	49.3069   	2.500000	43.9009   	2.500000	46.1502   	2.500000	46.1502   	2.500000	0.278854  	2.500000	0.202369  	2.500000	0.47211   	2.500000	0.49849   	2.500000	0.472668  	
3.000000	62.2938   	3.000000	56.6806   	3.000000	58.8585   	3.000000	58.8585   	3.000000	0.356413  	3.000000	0.253062  	3.000000	0.548878  	3.000000	0.578413  	3.000000	0.55031   	
3.500000	76.5021   	3.500000	70.7794   	3.500000	72.8428   	3.500000	72.8428   	3.500000	0.442982  	3.500000	0.308481  	3.500000	0.630692  	3.500000	0.662798  	3.500000	0.633221  	
4.000000	91.9137   	4.000000	86.1371   	4.000000	88.0882   	4.000000	88.0882   	4.000000	0.538457  	4.000000	0.368526  	4.000000	0.718307  	4.000000	0.752259  	4.000000	0.722138  	
4.500000	108.51    	4.500000	102.714   	4.500000	104.575   	4.500000	104.575   	4.500000	0.642656  	4.500000	0.433016  	4.500000	0.812156  	4.500000	0.847178  	4.500000	0.817484  	
5.000000	126.271   	5.000000	120.478   	5.000000	122.28    	5.000000	122.28    	5.000000	0.75536   	5.000000	0.50177   	5.000000	0.912428  	5.000000	0.947689  	5.000000	0.91944   	
5.500000	145.179   	5.500000	139.403   	5.500000	141.182   	5.500000	141.182   	5.500000	0.876343  	5.500000	0.574631  	5.500000	1.01922   	5.500000	1.05387   	5.500000	1.0281    	
6.000000	165.217   	6.000000	159.463   	6.000000	161.258   	6.000000	161.258   	6.000000	1.00539   	6.000000	0.651455  	6.000000	1.13249   	6.000000	1.16567   	6.000000	1.1434    	
6.500000	186.368   	6.500000	180.638   	6.500000	182.487   	6.500000	182.487   	6.500000	1.14229   	6.500000	0.732101  	6.500000	1.25226   	6.500000	1.28307   	6.500000	1.26538   	
7.000000	208.617   	7.000000	202.905   	7.000000	204.847   	7.000000	204.847   	7.000000	1.28686   	7.000000	0.816444  	7.000000	1.37837   	7.000000	1.40592   	7.000000	1.39385   	
7.500000	231.95    	7.500000	226.247   	7.500000	228.322   	7.500000	228.322   	7.500000	1.43893   	7.500000	0.904373  	7.500000	1.51076   	7.500000	1.53412   	7.500000	1.52875   	
8.000000	256.352   	8.000000	250.644   	8.000000	252.891   	8.000000	252.891   	8.000000	1.59834   	8.000000	0.995792  	8.000000	1.64929   	8.000000	1.66754   	8.000000	1.66995   	
8.500000	281.812   	8.500000	276.081   	8.500000	278.539   	8.500000	278.539   	8.500000	1.76494   	8.500000	1.09062   	8.500000	1.79387   	8.500000	1.80608   	8.500000	1.81734   	
9.000000	308.315   	9.000000	302.542   	9.000000	305.251   	9.000000	305.251   	9.000000	1.9386    	9.000000	1.18877   	9.000000	1.94438   	9.000000	1.94964   	9.000000	1.97081   	
9.500000	335.852   	9.500000	330.013   	9.500000	333.011   	9.500000	333.011   	9.500000	2.11921   	9.500000	1.29015   	9.500000	2.10072   	9.500000	2.09808   	9.500000	2.13025   	
10.000000	364.411   	10.000000	358.472   	10.000000	361.806   	10.000000	361.806   	10.000000	2.30666   	10.000000	1.39469   	10.000000	2.26277   	10.000000	2.2513    	10.000000	2.29553   	
11.000000	424.552   	11.000000	417.741   	11.000000	422.356   	11.000000	422.341   	11.000000	2.69992   	11.000000	1.61304   	11.000000	2.59298   	11.000000	2.57104   	11.000000	2.63354   	
12.000000	488.661   	12.000000	480.484   	12.000000	486.715   	12.000000	486.657   	12.000000	3.11624   	12.000000	1.84577   	12.000000	2.94318   	12.000000	2.90747   	12.000000	2.99135   	
13.000000	556.666   	13.000000	546.706   	13.000000	554.798   	13.000000	554.676   	13.000000	3.55532   	13.000000	2.09242   	13.000000	3.31456   	13.000000	3.25453   	13.000000	3.3708    	
14.000000	628.5     	14.000000	616.4     	14.000000	626.532   	14.000000	626.326   	14.000000	4.01682   	14.000000	2.35175   	14.000000	3.70608   	14.000000	3.61245   	14.000000	3.77086   	
15.000000	704.103   	15.000000	689.554   	15.000000	701.847   	15.000000	701.542   	15.000000	4.50044   	15.000000	2.62306   	15.000000	4.11689   	15.000000	3.98652   	15.000000	4.19067   	
16.000000	783.415   	16.000000	766.152   	16.000000	780.682   	16.000000	780.265   	16.000000	5.00582   	16.000000	2.90574   	16.000000	4.54629   	16.000000	4.37601   	16.000000	4.62954   	
17.000000	866.385   	17.000000	846.173   	17.000000	862.977   	17.000000	862.439   	17.000000	5.53261   	17.000000	3.19913   	17.000000	4.99374   	17.000000	4.78036   	17.000000	5.08695   	
18.000000	952.961   	18.000000	929.597   	18.000000	948.679   	18.000000	948.013   	18.000000	6.08047   	18.000000	3.50276   	18.000000	5.4588    	18.000000	5.1991    	18.000000	5.56244   	
19.000000	1043.1    	19.000000	1016.4    	19.000000	1037.74   	19.000000	1036.94   	19.000000	6.64911   	19.000000	3.81631   	19.000000	5.94107   	19.000000	5.63182   	19.000000	6.05563   	
20.000000	1136.74   	20.000000	1106.56   	20.000000	1130.11   	20.000000	1129.17   	20.000000	7.23829   	20.000000	4.13952   	20.000000	6.44023   	20.000000	6.0782    	20.000000	6.56621   	
21.000000	1233.86   	21.000000	1200.06   	21.000000	1225.75   	21.000000	1224.67   	21.000000	7.8478    	21.000000	4.47218   	21.000000	6.95597   	21.000000	6.53795   	21.000000	7.09387   	
22.000000	1334.41   	22.000000	1296.86   	22.000000	1324.64   	22.000000	1323.4    	22.000000	8.47745   	22.000000	4.81411   	22.000000	7.48809   	22.000000	7.01084   	22.000000	7.63843   	
23.000000	1438.35   	23.000000	1396.95   	23.000000	1426.71   	23.000000	1425.33   	23.000000	9.12677   	23.000000	5.16497   	23.000000	8.03624   	23.000000	7.49654   	23.000000	8.19952   	
24.000000	1545.65   	24.000000	1500.31   	24.000000	1531.92   	24.000000	1530.4    	24.000000	9.79535   	24.000000	5.52453   	24.000000	8.60009   	24.000000	7.99478   	24.000000	8.77684   	
25.000000	1656.26   	25.000000	1606.91   	25.000000	1640.25   	25.000000	1638.59   	25.000000	10.483    	25.000000	5.89265   	25.000000	9.17946   	25.000000	8.50534   	25.000000	9.37021   	
27.000000	1887.3    	27.000000	1829.73   	27.000000	1866.1    	27.000000	1864.18   	27.000000	11.9147   	27.000000	6.65395   	27.000000	10.3838   	27.000000	9.56266   	27.000000	10.6042   	
29.000000	2131.23   	29.000000	2065.24   	29.000000	2103.98   	29.000000	2101.83   	29.000000	13.4197   	29.000000	7.44761   	29.000000	11.6476   	29.000000	10.6669   	29.000000	11.8998   	
31.000000	2387.8    	31.000000	2313.26   	31.000000	2353.72   	31.000000	2351.4    	31.000000	14.9976   	31.000000	8.27343   	31.000000	12.9698   	31.000000	11.8171   	31.000000	13.256    	
33.000000	2656.78   	33.000000	2573.64   	33.000000	2615.68   	33.000000	2613.27   	33.000000	16.6569   	33.000000	9.13522   	33.000000	14.3535   	33.000000	13.0157   	33.000000	14.6762   	
35.000000	2937.97   	35.000000	2846.2    	35.000000	2889.77   	35.000000	2887.31   	35.000000	18.3973   	35.000000	10.0329   	35.000000	15.7988   	35.000000	14.2628   	35.000000	16.1605   	
38.000000	3382.2    	38.000000	3277.53   	38.000000	3323.25   	38.000000	3320.83   	38.000000	21.1551   	38.000000	11.4448   	38.000000	18.0805   	38.000000	16.2228   	38.000000	18.5058   	
41.000000	3852.83   	41.000000	3735.4    	41.000000	3782.97   	41.000000	3780.76   	41.000000	24.083    	41.000000	12.931    	41.000000	20.4961   	41.000000	18.2876   	41.000000	20.9909   	
44.000000	4349.28   	44.000000	4219.32   	44.000000	4268.47   	44.000000	4266.56   	44.000000	27.1766   	44.000000	14.4901   	44.000000	23.0427   	44.000000	20.4551   	44.000000	23.6135   	
47.000000	4871      	47.000000	4728.82   	47.000000	4779.23   	47.000000	4777.73   	47.000000	30.4306   	47.000000	16.1183   	47.000000	25.7175   	47.000000	22.7226   	47.000000	26.3708   	
50.000000	5417.49   	50.000000	5263.45   	50.000000	5314.78   	50.000000	5313.79   	50.000000	33.8406   	50.000000	17.8137   	50.000000	28.5174   	50.000000	25.0878   	50.000000	29.2602   	
55.000000	6382.09   	55.000000	6209.15   	55.000000	6261.19   	55.000000	6261.35   	55.000000	39.8579   	55.000000	20.7831   	55.000000	33.4538   	55.000000	29.24     	55.000000	34.3616   	
60.000000	7412.17   	60.000000	7221.54   	60.000000	7273.14   	60.000000	7274.91   	60.000000	46.2762   	60.000000	23.9249   	60.000000	38.7158   	60.000000	33.6455   	60.000000	39.8095   	
65.000000	8505.87   	65.000000	8298.83   	65.000000	8349.15   	65.000000	8352.68   	65.000000	53.0854   	65.000000	27.2325   	65.000000	44.2939   	65.000000	38.2968   	65.000000	45.5955   	
70.000000	9661.48   	70.000000	9439.31   	70.000000	9487.43   	70.000000	9493.02   	70.000000	60.2678   	70.000000	30.7      	70.000000	50.1761   	70.000000	43.1845   	70.000000	51.7087   	
75.000000	10877.4   	75.000000	10641.4   	75.000000	10686.4   	75.000000	10694.4   	75.000000	67.8088   	75.000000	34.3202   	75.000000	56.3517   	75.000000	48.3004   	75.000000	58.1392   	
80.000000	12152.2   	80.000000	11903.5   	80.000000	11944.5   	80.000000	11955.3   	80.000000	75.6958   	80.000000	38.0895   	80.000000	62.811    	80.000000	53.6369   	80.000000	64.8784   	
85.000000	13484.5   	85.000000	13224.2   	85.000000	13260.5   	85.000000	13274.3   	85.000000	83.916    	85.000000	41.9999   	85.000000	69.5444   	85.000000	59.187    	85.000000	71.9176   	
90.000000	14872.9   	90.000000	14602.2   	90.000000	14633.1   	90.000000	14650.2   	90.000000	92.4608   	90.000000	46.0492   	90.000000	76.5444   	90.000000	64.945    	90.000000	79.2502   	
95.000000	16316.3   	95.000000	16036     	95.000000	16061.1   	95.000000	16081.7   	95.000000	101.319   	95.000000	50.2329   	95.000000	83.8024   	95.000000	70.9047   	95.000000	86.8684   	
100.000000	17813.4   	100.000000	17524.4   	100.000000	17543.1   	100.000000	17567.5   	100.000000	110.476   	100.000000	54.5461   	100.000000	91.3095   	100.000000	77.0594   	100.000000	94.7642   	
105.000000	19363.3   	105.000000	19066.2   	105.000000	19077.9   	105.000000	19106.6   	105.000000	119.924   	105.000000	58.985    	105.000000	99.0577   	105.000000	83.4034   	105.000000	102.93    	
110.000000	20964.8   	110.000000	20660.2   	110.000000	20664.7   	110.000000	20697.8   	110.000000	129.653   	110.000000	63.5477   	110.000000	107.041   	110.000000	89.9321   	110.000000	111.361   	
115.000000	22617     	115.000000	22305.3   	115.000000	22302.3   	115.000000	22340.1   	115.000000	139.658   	115.000000	68.2302   	115.000000	115.252   	115.000000	96.641    	115.000000	120.051   	
120.000000	24318.9   	120.000000	24000.4   	120.000000	23989.6   	120.000000	24032.4   	120.000000	149.924   	120.000000	73.0252   	120.000000	123.684   	120.000000	103.524   	120.000000	128.993   	
125.000000	26069.7   	125.000000	25744.4   	125.000000	25725.6   	125.000000	25773.7   	125.000000	160.443   	125.000000	77.9331   	125.000000	132.329   	125.000000	110.577   	125.000000	138.18    	
130.000000	27868.3   	130.000000	27536.4   	130.000000	27509.5   	130.000000	27563.1   	130.000000	171.21    	130.000000	82.95     	130.000000	141.183   	130.000000	117.795   	130.000000	147.608   	
135.000000	29714.1   	135.000000	29375.3   	135.000000	29340.4   	135.000000	29399.6   	135.000000	182.218   	135.000000	88.0736   	135.000000	150.239   	135.000000	125.175   	135.000000	157.272   	
140.000000	31606.3   	140.000000	31260.1   	140.000000	31217.2   	140.000000	31282.4   	140.000000	193.454   	140.000000	93.302    	140.000000	159.49    	140.000000	132.712   	140.000000	167.164   	
145.000000	33543.9   	145.000000	33190.1   	145.000000	33139     	145.000000	33210.6   	145.000000	204.911   	145.000000	98.6293   	145.000000	168.931   	145.000000	140.401   	145.000000	177.28    	
150.000000	35526.5   	150.000000	35164.2   	150.000000	35105.1   	150.000000	35183.3   	150.000000	216.587   	150.000000	104.054   	150.000000	178.557   	150.000000	148.24    	150.000000	187.616   	
155.000000	37581.7   	155.000000	37181.7   	155.000000	37114.8   	155.000000	37199.7   	155.000000	228.473   	155.000000	109.575   	155.000000	188.363   	155.000000	156.225   	155.000000	198.166   	
160.000000	39679.7   	160.000000	39241.7   	160.000000	39167.1   	160.000000	39259     	160.000000	240.559   	160.000000	115.187   	160.000000	198.342   	160.000000	164.351   	160.000000	208.926   	
165.000000	41818.6   	165.000000	41343.3   	165.000000	41261.4   	165.000000	41360.4   	165.000000	252.843   	165.000000	120.89    	165.000000	208.492   	165.000000	172.616   	165.000000	219.891   	
170.000000	43997.7   	170.000000	43485.9   	170.000000	43396.9   	170.000000	43503.3   	170.000000	265.318   	170.000000	126.683   	170.000000	218.806   	170.000000	181.017   	170.000000	231.058   	
175.000000	46216.2   	175.000000	45668.6   	175.000000	45572.8   	175.000000	45686.8   	175.000000	277.975   	175.000000	132.563   	175.000000	229.28    	175.000000	189.549   	175.000000	242.42    	
180.000000	48473.5   	180.000000	47890.7   	180.000000	47788.2   	180.000000	47910.2   	180.000000	290.807   	180.000000	138.523   	180.000000	239.908   	180.000000	198.208   	180.000000	253.973   	
185.000000	50768.8   	185.000000	50151.4   	185.000000	50042.5   	185.000000	50172.8   	185.000000	303.809   	185.000000	144.562   	185.000000	250.686   	185.000000	206.993   	185.000000	265.714   	
190.000000	53101.6   	190.000000	52450.2   	190.000000	52335.3   	190.000000	52474     	190.000000	316.979   	190.000000	150.682   	190.000000	261.611   	190.000000	215.9     	190.000000	277.638   	
195.000000	55471.2   	195.000000	54786.2   	195.000000	54665.8   	195.000000	54813     	195.000000	330.312   	195.000000	156.882   	195.000000	272.679   	195.000000	224.928   	195.000000	289.743   	
200.000000	57877     	200.000000	57158.9   	200.000000	57033.2   	200.000000	57189.3   	200.000000	343.799   	200.000000	163.156   	200.000000	283.884   	200.000000	234.072   	200.000000	302.023   	
210.000000	62794.8   	210.000000	62011.5   	210.000000	61876.7   	210.000000	62051.1   	210.000000	371.218   	210.000000	175.923   	210.000000	306.694   	210.000000	252.698   	210.000000	327.095   	
220.000000	67850.2   	220.000000	67003.1   	220.000000	66861     	220.000000	67054.4   	220.000000	399.203   	220.000000	188.981   	220.000000	330.011   	220.000000	271.759   	220.000000	352.828   	
230.000000	73039.1   	230.000000	72129     	230.000000	71981.3   	230.000000	72194.6   	230.000000	427.711   	230.000000	202.302   	230.000000	353.805   	230.000000	291.234   	230.000000	379.191   	
240.000000	78357.3   	240.000000	77384.7   	240.000000	77233.4   	240.000000	77467.2   	240.000000	456.715   	240.000000	215.881   	240.000000	378.051   	240.000000	311.105   	240.000000	406.16    	
250.000000	83800.7   	250.000000	82765.8   	250.000000	82612.6   	250.000000	82867.9   	250.000000	486.172   	250.000000	229.702   	250.000000	402.72    	250.000000	331.351   	250.000000	433.707   	
260.000000	89365.7   	260.000000	88268.4   	260.000000	88114.7   	260.000000	88392.7   	260.000000	516.052   	260.000000	243.757   	260.000000	427.788   	260.000000	351.955   	260.000000	461.807   	
270.000000	95048.6   	270.000000	93888.4   	270.000000	93736.5   	270.000000	94037.5   	270.000000	546.335   	270.000000	258.041   	270.000000	453.235   	270.000000	372.903   	270.000000	490.44    	
280.000000	100846    	280.000000	99622.3   	280.000000	99473.9   	280.000000	99798.8   	280.000000	576.988   	280.000000	272.542   	280.000000	479.036   	280.000000	394.178   	280.000000	519.583   	
290.000000	106755    	290.000000	105466    	290.000000	105323    	290.000000	105673    	290.000000	607.986   	290.000000	287.253   	290.000000	505.171   	290.000000	415.764   	290.000000	549.213   	
300.000000	112772    	300.000000	111417    	300.000000	111281    	300.000000	111656    	300.000000	639.308   	300.000000	302.166   	300.000000	531.623   	300.000000	437.649   	300.000000	579.313   	
310.000000	118893    	310.000000	117472    	310.000000	117345    	310.000000	117745    	310.000000	670.924   	310.000000	317.258   	310.000000	558.368   	310.000000	459.817   	310.000000	609.859   	
320.000000	125117    	320.000000	123627    	320.000000	123510    	320.000000	123937    	320.000000	702.816   	320.000000	332.535   	320.000000	585.393   	320.000000	482.257   	320.000000	640.837   	
330.000000	131441    	330.000000	129879    	330.000000	129775    	330.000000	130229    	330.000000	734.966   	330.000000	347.993   	330.000000	612.68    	330.000000	504.956   	330.000000	672.227   	
340.000000	137861    	340.000000	136226    	340.000000	136135    	340.000000	136617    	340.000000	767.347   	340.000000	363.611   	340.000000	640.209   	340.000000	527.9     	340.000000	704.01    	
350.000000	144375    	350.000000	142664    	350.000000	142589    	350.000000	143099    	350.000000	799.945   	350.000000	379.384   	350.000000	667.969   	350.000000	551.079   	350.000000	736.17    	
360.000000	150981    	360.000000	149192    	360.000000	149133    	360.000000	149672    	360.000000	832.745   	360.000000	395.312   	360.000000	695.944   	360.000000	574.484   	360.000000	768.695   	
370.000000	157676    	370.000000	155806    	370.000000	155766    	370.000000	156334    	370.000000	865.723   	370.000000	411.395   	370.000000	724.119   	370.000000	598.1     	370.000000	801.564   	
380.000000	164459    	380.000000	162505    	380.000000	162483    	380.000000	163081    	380.000000	898.865   	380.000000	427.628   	380.000000	752.481   	380.000000	621.92    	380.000000	834.764   	
390.000000	171326    	390.000000	169285    	390.000000	169283    	390.000000	169912    	390.000000	932.163   	390.000000	443.999   	390.000000	781.019   	390.000000	645.935   	390.000000	868.283   	
400.000000	178275    	400.000000	176145    	400.000000	176164    	400.000000	176824    	400.000000	965.598   	400.000000	460.5     	400.000000	809.721   	400.000000	670.134   	400.000000	902.106   	
410.000000	185305    	410.000000	183081    	410.000000	183123    	410.000000	183814    	410.000000	999.151   	410.000000	477.124   	410.000000	838.571   	410.000000	694.507   	410.000000	936.218   	
420.000000	192413    	420.000000	190093    	420.000000	190157    	420.000000	190881    	420.000000	1032.81   	420.000000	493.874   	420.000000	867.562   	420.000000	719.047   	420.000000	970.607   	
430.000000	199598    	430.000000	197178    	430.000000	197266    	430.000000	198022    	430.000000	1066.58   	430.000000	510.745   	430.000000	896.684   	430.000000	743.747   	430.000000	1005.26   	
440.000000	206857    	440.000000	204335    	440.000000	204446    	440.000000	205235    	440.000000	1100.43   	440.000000	527.725   	440.000000	925.926   	440.000000	768.598   	440.000000	1040.18   	
450.000000	214190    	450.000000	211560    	450.000000	211696    	450.000000	212519    	450.000000	1134.36   	450.000000	544.804   	450.000000	955.277   	450.000000	793.591   	450.000000	1075.33   	
460.000000	221593    	460.000000	218853    	460.000000	219014    	460.000000	219870    	460.000000	1168.35   	460.000000	561.982   	460.000000	984.729   	460.000000	818.72    	460.000000	1110.71   	
470.000000	229065    	470.000000	226211    	470.000000	226398    	470.000000	227289    	470.000000	1202.39   	470.000000	579.263   	470.000000	1014.27   	470.000000	843.978   	470.000000	1146.32   	
480.000000	236605    	480.000000	233633    	480.000000	233846    	480.000000	234771    	480.000000	1236.49   	480.000000	596.649   	480.000000	1043.91   	480.000000	869.359   	480.000000	1182.14   	
490.000000	244211    	490.000000	241117    	490.000000	241356    	490.000000	242316    	490.000000	1270.62   	490.000000	614.133   	490.000000	1073.61   	490.000000	894.854   	490.000000	1218.15   	
500.000000	251882    	500.000000	248662    	500.000000	248926    	500.000000	249922    	500.000000	1304.77   	500.000000	631.708   	500.000000	1103.38   	500.000000	920.456   	500.000000	1254.36   	
520.000000	267409    	520.000000	263926    	520.000000	264241    	520.000000	265309    	520.000000	1373.11   	520.000000	667.107   	520.000000	1163.1    	520.000000	971.962   	520.000000	1327.31   	
540.000000	283177    	540.000000	279415    	540.000000	279779    	540.000000	280920    	540.000000	1441.48   	540.000000	702.821   	540.000000	1223.01   	540.000000	1023.83   	540.000000	1400.91   	
560.000000	299173    	560.000000	295116    	560.000000	295527    	560.000000	296744    	560.000000	1509.81   	560.000000	738.852   	560.000000	1283.05   	560.000000	1076.03   	560.000000	1475.11   	
580.000000	315387    	580.000000	311020    	580.000000	311476    	580.000000	312769    	580.000000	1578.05   	580.000000	775.174   	580.000000	1343.19   	580.000000	1128.5    	580.000000	1549.84   	
600.000000	331809    	600.000000	327116    	600.000000	327614    	600.000000	328985    	600.000000	1646.19   	600.000000	811.752   	600.000000	1403.4    	600.000000	1181.23   	600.000000	1625.05   	
620.000000	348429    	620.000000	343395    	620.000000	343933    	620.000000	345382    	620.000000	1714.16   	620.000000	848.568   	620.000000	1463.62   	620.000000	1234.17   	620.000000	1700.69   	
640.000000	365240    	640.000000	359848    	640.000000	360422    	640.000000	361952    	640.000000	1781.94   	640.000000	885.618   	640.000000	1523.83   	640.000000	1287.3    	640.000000	1776.71   	
660.000000	382230    	660.000000	376467    	660.000000	377074    	660.000000	378684    	660.000000	1849.51   	660.000000	922.892   	660.000000	1584      	660.000000	1340.59   	660.000000	1853.08   	
680.000000	399394    	680.000000	393244    	680.000000	393880    	680.000000	395572    	680.000000	1916.84   	680.000000	960.374   	680.000000	1644.1    	680.000000	1394.01   	680.000000	1929.74   	
700.000000	416723    	700.000000	410170    	700.000000	410832    	700.000000	412608    	700.000000	1983.89   	700.000000	998.051   	700.000000	1704.11   	700.000000	1447.53   	700.000000	2006.65   	
720.000000	434209    	720.000000	427241    	720.000000	427924    	720.000000	429784    	720.000000	2050.65   	720.000000	1035.92   	720.000000	1764.01   	720.000000	1501.14   	720.000000	2083.79   	
740.000000	451846    	740.000000	444448    	740.000000	445148    	740.000000	447093    	740.000000	2117.12   	740.000000	1073.97   	740.000000	1823.77   	740.000000	1554.82   	740.000000	2161.13   	
760.000000	469626    	760.000000	461785    	760.000000	462499    	760.000000	464529    	760.000000	2183.26   	760.000000	1112.2    	760.000000	1883.38   	760.000000	1608.54   	760.000000	2238.62   	
780.000000	487543    	780.000000	479246    	780.000000	479969    	780.000000	482085    	780.000000	2249.06   	780.000000	1150.58   	780.000000	1942.81   	780.000000	1662.29   	780.000000	2316.24   	
800.000000	505591    	800.000000	496825    	800.000000	497552    	800.000000	499756    	800.000000	2314.51   	800.000000	1189.13   	800.000000	2002.06   	800.000000	1716.04   	800.000000	2393.96   	
820.000000	523765    	820.000000	514518    	820.000000	515245    	820.000000	517537    	820.000000	2379.6    	820.000000	1227.83   	820.000000	2061.11   	820.000000	1769.79   	820.000000	2471.76   	
840.000000	542057    	840.000000	532318    	840.000000	533041    	840.000000	535421    	840.000000	2444.33   	840.000000	1266.68   	840.000000	2119.96   	840.000000	1823.52   	840.000000	2549.62   	
860.000000	560463    	860.000000	550220    	860.000000	550936    	860.000000	553405    	860.000000	2508.67   	860.000000	1305.64   	860.000000	2178.58   	860.000000	1877.22   	860.000000	2627.51   	
880.000000	578978    	880.000000	568221    	880.000000	568924    	880.000000	571482    	880.000000	2572.63   	880.000000	1344.72   	880.000000	2236.96   	880.000000	1930.86   	880.000000	2705.41   	
900.000000	597597    	900.000000	586315    	900.000000	587001    	900.000000	589650    	900.000000	2636.19   	900.000000	1383.9    	900.000000	2295.11   	900.000000	1984.45   	900.000000	2783.29   	
920.000000	616314    	920.000000	604499    	920.000000	605162    	920.000000	607903    	920.000000	2699.36   	920.000000	1423.21   	920.000000	2353      	920.000000	2037.97   	920.000000	2861.15   	
940.000000	635125    	940.000000	622767    	940.000000	623406    	940.000000	626237    	940.000000	2762.13   	940.000000	1462.64   	940.000000	2410.64   	940.000000	2091.41   	940.000000	2938.98   	
960.000000	654026    	960.000000	641116    	960.000000	641726    	960.000000	644649    	960.000000	2824.5    	960.000000	1502.18   	960.000000	2468.02   	960.000000	2144.77   	960.000000	3016.74   	
980.000000	673013    	980.000000	659543    	980.000000	660120    	980.000000	663135    	980.000000	2886.46   	980.000000	1541.84   	980.000000	2525.14   	980.000000	2198.02   	980.000000	3094.43   	
1000.000000	692080    	1000.000000	678044    	1000.000000	678584    	1000.000000	681691    	1000.000000	2948.01   	1000.000000	1581.58   	1000.000000	2581.97   	1000.000000	2251.17   	1000.000000	3172.04   	
1020.000000	711225    	1020.000000	696614    	1020.000000	697114    	1020.000000	700315    	1020.000000	3009.14   	1020.000000	1621.4    	1020.000000	2638.53   	1020.000000	2304.21   	1020.000000	3249.54   	
1040.000000	730444    	1040.000000	715252    	1040.000000	715707    	1040.000000	719002    	1040.000000	3069.87   	1040.000000	1661.31   	1040.000000	2694.81   	1040.000000	2357.13   	1040.000000	3326.92   	
1060.000000	749732    	1060.000000	733954    	1060.000000	734361    	1060.000000	737750    	1060.000000	3130.18   	1060.000000	1701.29   	1060.000000	2750.8    	1060.000000	2409.92   	1060.000000	3404.19   	
1080.000000	769086    	1080.000000	752716    	1080.000000	753073    	1080.000000	756556    	1080.000000	3190.09   	1080.000000	1741.35   	1080.000000	2806.51   	1080.000000	2462.58   	1080.000000	3481.33   	
1100.000000	788504    	1100.000000	771536    	1100.000000	771840    	1100.000000	775417    	1100.000000	3249.58   	1100.000000	1781.5    	1100.000000	2861.93   	1100.000000	2515.1    	1100.000000	3558.32   	
1120.000000	807980    	1120.000000	790411    	1120.000000	790660    	1120.000000	794331    	1120.000000	3308.68   	1120.000000	1821.72   	1120.000000	2917.05   	1120.000000	2567.48   	1120.000000	3635.16   	
1140.000000	827514    	1140.000000	809339    	1140.000000	809529    	1140.000000	813295    	1140.000000	3367.36   	1140.000000	1862.04   	1140.000000	2971.89   	1140.000000	2619.72   	1140.000000	3711.85   	
1160.000000	847101    	1160.000000	828316    	1160.000000	828446    	1160.000000	832307    	1160.000000	3425.63   	1160.000000	1902.44   	1160.000000	3026.43   	1160.000000	2671.8    	1160.000000	3788.36   	
1180.000000	866738    	1180.000000	847341    	1180.000000	847407    	1180.000000	851364    	1180.000000	3483.49   	1180.000000	1942.92   	1180.000000	3080.67   	1180.000000	2723.73   	1180.000000	3864.69   	
1200.000000	886422    	1200.000000	866411    	1200.000000	866411    	1200.000000	870464    	1200.000000	3540.95   	1200.000000	1983.48   	1200.000000	3134.62   	1200.000000	2775.49   	1200.000000	3940.85   	
1220.000000	906152    	1220.000000	885523    	1220.000000	885456    	1220.000000	889606    	1220.000000	3598.01   	1220.000000	2024.12   	1220.000000	3188.27   	1220.000000	2827.1    	1220.000000	4016.81   	
1240.000000	925924    	1240.000000	904677    	1240.000000	904540    	1240.000000	908787    	1240.000000	3654.67   	1240.000000	2064.83   	1240.000000	3241.63   	1240.000000	2878.53   	1240.000000	4092.58   	
1260.000000	945735    	1260.000000	923868    	1260.000000	923662    	1260.000000	928005    	1260.000000	3710.94   	1260.000000	2105.61   	1260.000000	3294.69   	1260.000000	2929.81   	1260.000000	4168.15   	
1280.000000	965583    	1280.000000	943096    	1280.000000	942819    	1280.000000	947258    	1280.000000	3766.82   	1280.000000	2146.45   	1280.000000	3347.46   	1280.000000	2980.91   	1280.000000	4243.52   	
1300.000000	985467    	1300.000000	962358    	1300.000000	962010    	1300.000000	966545    	1300.000000	3822.31   	1300.000000	2187.35   	1300.000000	3399.94   	1300.000000	3031.84   	1300.000000	4318.69   	
1320.000000	1.00538e+06	1320.000000	981653    	1320.000000	981233    	1320.000000	985865    	1320.000000	3877.41   	1320.000000	2228.3    	1320.000000	3452.12   	1320.000000	3082.59   	1320.000000	4393.64   	
1340.000000	1.02533e+06	1340.000000	1.00098e+06	1340.000000	1.00049e+06	1340.000000	1.00521e+06	1340.000000	3932.14   	1340.000000	2269.32   	1340.000000	3504.01   	1340.000000	3133.17   	1340.000000	4468.37   	
1360.000000	1.0453e+06	1360.000000	1.02033e+06	1360.000000	1.01977e+06	1360.000000	1.02459e+06	1360.000000	3986.48   	1360.000000	2310.39   	1360.000000	3555.6    	1360.000000	3183.57   	1360.000000	4542.88   	
1380.000000	1.0653e+06	1380.000000	1.03971e+06	1380.000000	1.03908e+06	1380.000000	1.044e+06 	1380.000000	4040.44   	1380.000000	2351.52   	1380.000000	3606.91   	1380.000000	3233.79   	1380.000000	4617.17   	
1400.000000	1.08533e+06	1400.000000	1.05912e+06	1400.000000	1.05841e+06	1400.000000	1.06343e+06	1400.000000	4094.02   	1400.000000	2392.7    	1400.000000	3657.92   	1400.000000	3283.83   	1400.000000	4691.22   	
1420.000000	1.10537e+06	1420.000000	1.07855e+06	1420.000000	1.07777e+06	1420.000000	1.08289e+06	1420.000000	4147.24   	1420.000000	2433.93   	1420.000000	3708.65   	1420.000000	3333.68   	1420.000000	4765.05   	
1440.000000	1.12544e+06	1440.000000	1.09801e+06	1440.000000	1.09715e+06	1440.000000	1.10237e+06	1440.000000	4200.08   	1440.000000	2475.23   	1440.000000	3759.09   	1440.000000	3383.35   	1440.000000	4838.65   	
1460.000000	1.14552e+06	1460.000000	1.11748e+06	1460.000000	1.11656e+06	1460.000000	1.12187e+06	1460.000000	4252.57   	1460.000000	2516.57   	1460.000000	3809.24   	1460.000000	3432.84   	1460.000000	4912.01   	
1480.000000	1.16562e+06	1480.000000	1.13698e+06	1480.000000	1.13598e+06	1480.000000	1.14139e+06	1480.000000	4304.69   	1480.000000	2557.98   	1480.000000	3859.11   	1480.000000	3482.14   	1480.000000	4985.13   	
1500.000000	1.18574e+06	1500.000000	1.15649e+06	1500.000000	1.15543e+06	1500.000000	1.16094e+06	1500.000000	4356.46   	1500.000000	2599.44   	1500.000000	3908.71   	1500.000000	3531.25   	1500.000000	5058.02   	
1520.000000	1.20587e+06	1520.000000	1.17602e+06	1520.000000	1.17489e+06	1520.000000	1.1805e+06	1520.000000	4407.88   	1520.000000	2640.95   	1520.000000	3958.02   	1520.000000	3580.18   	1520.000000	5130.67   	
1540.000000	1.22601e+06	1540.000000	1.19557e+06	1540.000000	1.19437e+06	1540.000000	1.20008e+06	1540.000000	4458.96   	1540.000000	2682.52   	1540.000000	4007.05   	1540.000000	3628.93   	1540.000000	5203.08   	
1560.000000	1.24616e+06	1560.000000	1.21513e+06	1560.000000	1.21387e+06	1560.000000	1.21967e+06	1560.000000	4509.69   	1560.000000	2724.15   	1560.000000	4055.81   	1560.000000	3677.49   	1560.000000	5275.24   	
1580.000000	1.26632e+06	1580.000000	1.23471e+06	1580.000000	1.23338e+06	1580.000000	1.23929e+06	1580.000000	4560.08   	1580.000000	2765.82   	1580.000000	4104.3    	1580.000000	3725.86   	1580.000000	5347.17   	
1600.000000	1.28648e+06	1600.000000	1.25429e+06	1600.000000	1.25291e+06	1600.000000	1.25891e+06	1600.000000	4610.13   	1600.000000	2807.54   	1600.000000	4152.51   	1600.000000	3774.04   	1600.000000	5418.85   	
1620.000000	1.30666e+06	1620.000000	1.27389e+06	1620.000000	1.27246e+06	1620.000000	1.27855e+06	1620.000000	4659.85   	1620.000000	2849.3    	1620.000000	4200.46   	1620.000000	3822.04   	1620.000000	5490.28   	
1640.000000	1.32683e+06	1640.000000	1.2935e+06	1640.000000	1.29201e+06	1640.000000	1.29821e+06	1640.000000	4709.24   	1640.000000	2891.11   	1640.000000	4248.13   	1640.000000	3869.85   	1640.000000	5561.47   	
1660.000000	1.34701e+06	1660.000000	1.31312e+06	1660.000000	1.31158e+06	1660.000000	1.31787e+06	1660.000000	4758.3    	1660.000000	2932.96   	1660.000000	4295.55   	1660.000000	3917.47   	1660.000000	5632.41   	
1680.000000	1.36719e+06	1680.000000	1.33274e+06	1680.000000	1.33116e+06	1680.000000	1.33755e+06	1680.000000	4807.04   	1680.000000	2974.84   	1680.000000	4342.69   	1680.000000	3964.91   	1680.000000	5703.11   	
1700.000000	1.38737e+06	1700.000000	1.35238e+06	1700.000000	1.35075e+06	1700.000000	1.35724e+06	1700.000000	4855.46   	1700.000000	3016.77   	1700.000000	4389.58   	1700.000000	4012.15   	1700.000000	5773.55   	
1750.000000	1.43782e+06	1750.000000	1.40148e+06	1750.000000	1.39977e+06	1750.000000	1.4065e+06	1750.000000	4975.12   	1750.000000	3121.75   	1750.000000	4505.66   	1750.000000	4129.46   	1750.000000	5948.58   	
1800.000000	1.48825e+06	1800.000000	1.45061e+06	1800.000000	1.44884e+06	1800.000000	1.45582e+06	1800.000000	5092.86   	1800.000000	3226.98   	1800.000000	4620.16   	1800.000000	4245.6    	1800.000000	6122.06   	
1850.000000	1.53864e+06	1850.000000	1.49976e+06	1850.000000	1.49795e+06	1850.000000	1.50518e+06	1850.000000	5208.74   	1850.000000	3332.48   	1850.000000	4733.1    	1850.000000	4360.6    	1850.000000	6294      	
1900.000000	1.58897e+06	1900.000000	1.54891e+06	1900.000000	1.5471e+06	1900.000000	1.55457e+06	1900.000000	5322.81   	1900.000000	3438.26   	1900.000000	4844.54   	1900.000000	4474.46   	1900.000000	6464.39   	
1950.000000	1.63923e+06	1950.000000	1.59804e+06	1950.000000	1.59627e+06	1950.000000	1.60399e+06	1950.000000	5435.12   	1950.000000	3544.33   	1950.000000	4954.49   	1950.000000	4587.19   	1950.000000	6633.27   	
2000.000000	1.68942e+06	2000.000000	1.64716e+06	2000.000000	1.64546e+06	2000.000000	1.65342e+06	2000.000000	5545.73   	2000.000000	3650.69   	2000.000000	5062.99   	2000.000000	4698.8    	2000.000000	6800.62   	
2100.000000	1.7895e+06	2100.000000	1.7453e+06	2100.000000	1.74387e+06	2100.000000	1.75232e+06	2100.000000	5762.03   	2100.000000	3864.29   	2100.000000	5275.8    	2100.000000	4918.74   	2100.000000	7130.83   	
2200.000000	1.88912e+06	2200.000000	1.84326e+06	2200.000000	1.84229e+06	2200.000000	1.85122e+06	2200.000000	5972.05   	2200.000000	4079.03   	2200.000000	5483.22   	2200.000000	5134.38   	2200.000000	7455.12   	
2300.000000	1.98822e+06	2300.000000	1.94098e+06	2300.000000	1.94068e+06	2300.000000	1.95009e+06	2300.000000	6176.14   	2300.000000	4294.85   	2300.000000	5685.5    	2300.000000	5345.84   	2300.000000	7773.64   	
2400.000000	2.08672e+06	2400.000000	2.03842e+06	2400.000000	2.039e+06 	2400.000000	2.0489e+06	2400.000000	6374.62   	2400.000000	4511.72   	2400.000000	5882.88   	2400.000000	5553.25   	2400.000000	8086.5    	
2500.000000	2.18458e+06	2500.000000	2.13554e+06	2500.000000	2.13723e+06	2500.000000	2.14761e+06	2500.000000	6567.82   	2500.000000	4729.61   	2500.000000	6075.6    	2500.000000	5756.72   	2500.000000	8393.88   	
2600.000000	2.28174e+06	2600.000000	2.2323e+06	2600.000000	2.23534e+06	2600.000000	2.2462e+06	2600.000000	6755.96   	2600.000000	4948.44   	2600.000000	6263.86   	2600.000000	5956.37   	2600.000000	8695.89   	
2700.000000	2.37817e+06	2700.000000	2.32866e+06	2700.000000	2.33332e+06	2700.000000	2.34465e+06	2700.000000	6939.29   	2700.000000	5168.17   	2700.000000	6447.87   	2700.000000	6152.32   	2700.000000	8992.68   	
2800.000000	2.47385e+06	2800.000000	2.42461e+06	2800.000000	2.43114e+06	2800.000000	2.44294e+06	2800.000000	7118.08   	2800.000000	5388.81   	2800.000000	6627.81   	2800.000000	6344.69   	2800.000000	9284.41   	
2900.000000	2.56873e+06	2900.000000	2.52012e+06	2900.000000	2.52879e+06	2900.000000	2.54106e+06	2900.000000	7292.55   	2900.000000	5610.36   	2900.000000	6803.87   	2900.000000	6533.6    	2900.000000	9571.22   	
3000.000000	2.6628e+06	3000.000000	2.61518e+06	3000.000000	2.62627e+06	3000.000000	2.63901e+06	3000.000000	7462.92   	3000.000000	5832.83   	3000.000000	6976.24   	3000.000000	6719.17   	3000.000000	9853.28   	
3200.000000	2.84844e+06	3200.000000	2.80386e+06	3200.000000	2.82068e+06	3200.000000	2.83434e+06	3200.000000	7792.19   	3200.000000	6280.53   	3200.000000	7310.54   	3200.000000	7080.73   	3200.000000	10403.7   	
3400.000000	3.03066e+06	3400.000000	2.99055e+06	3400.000000	3.01432e+06	3400.000000	3.02889e+06	3400.000000	8107.34   	3400.000000	6731.99   	3400.000000	7631.94   	3400.000000	7430.24   	3400.000000	10936.9   	
3600.000000	3.20938e+06	3600.000000	3.17518e+06	3600.000000	3.20716e+06	3600.000000	3.22263e+06	3600.000000	8409.64   	3600.000000	7187.25   	3600.000000	7941.52   	3600.000000	7768.51   	3600.000000	11453.9   	
3800.000000	3.38459e+06	3800.000000	3.35771e+06	3800.000000	3.39919e+06	3800.000000	3.41555e+06	3800.000000	8700.22   	3800.000000	7646.35   	3800.000000	8240.25   	3800.000000	8096.28   	3800.000000	11955.7   	
4000.000000	3.55629e+06	4000.000000	3.53812e+06	4000.000000	3.59041e+06	4000.000000	3.60764e+06	4000.000000	8980.04   	4000.000000	8109.31   	4000.000000	8529.01   	4000.000000	8414.23   	4000.000000	12443.2   	
4200.000000	3.72448e+06	4200.000000	3.71639e+06	4200.000000	3.78081e+06	4200.000000	3.79892e+06	4200.000000	9249.98   	4200.000000	8576.14   	4200.000000	8808.57   	4200.000000	8722.99   	4200.000000	12917.4   	
4400.000000	3.8892e+06	4400.000000	3.89252e+06	4400.000000	3.97041e+06	4400.000000	3.98938e+06	4400.000000	9510.8    	4400.000000	9046.82   	4400.000000	9079.63   	4400.000000	9023.14   	4400.000000	13379     	
4600.000000	4.05051e+06	4600.000000	4.06652e+06	4600.000000	4.15922e+06	4600.000000	4.17904e+06	4600.000000	9763.18   	4600.000000	9521.32   	4600.000000	9342.81   	4600.000000	9315.21   	4600.000000	13828.8   	
4800.000000	4.20845e+06	4800.000000	4.23841e+06	4800.000000	4.34724e+06	4800.000000	4.36791e+06	4800.000000	10007.7   	4800.000000	9999.61   	4800.000000	9598.7    	4800.000000	9599.69   	4800.000000	14267.5   	
5000.000000	4.36308e+06	5000.000000	4.4082e+06	5000.000000	4.5345e+06	5000.000000	4.55602e+06	5000.000000	10245     	5000.000000	10481.7   	5000.000000	9847.79   	5000.000000	9877.04   	5000.000000	14695.7   	
5250.000000	4.55183e+06	5250.000000	4.61754e+06	5250.000000	4.76753e+06	5250.000000	4.79009e+06	5250.000000	10532.2   	5250.000000	11089.4   	5250.000000	10150.3   	5250.000000	10214.3   	5250.000000	15217     	
5500.000000	4.73565e+06	5500.000000	4.8237e+06	5500.000000	4.99942e+06	5500.000000	5.02301e+06	5500.000000	10809.6   	5500.000000	11703     	5500.000000	10443.8   	5500.000000	10541.9   	5500.000000	15724     	
6000.000000	5.08911e+06	6000.000000	5.22674e+06	6000.000000	5.45994e+06	6000.000000	5.48556e+06	6000.000000	11338.1   	6000.000000	12947     	6000.000000	11006.3   	6000.000000	11170.3   	6000.000000	16698.4   	
6500.000000	5.42459e+06	6500.000000	5.61785e+06	6500.000000	5.91634e+06	6500.000000	5.94394e+06	6500.000000	11835.7   	6500.000000	14213.3   	6500.000000	11540.5   	6500.000000	11767     	6500.000000	17625.8   	
7000.000000	5.74326e+06	7000.000000	5.99758e+06	7000.000000	6.36886e+06	7000.000000	6.39842e+06	7000.000000	12306.6   	7000.000000	15501.3   	7000.000000	12050.1   	7000.000000	12336     	7000.000000	18511.6   	
7500.000000	6.04621e+06	7500.000000	6.36646e+06	7500.000000	6.81777e+06	7500.000000	6.84924e+06	7500.000000	12753.8   	7500.000000	16810.6   	7500.000000	12538.7   	7500.000000	12880.4   	7500.000000	19360.7   	
8000.000000	6.33446e+06	8000.000000	6.72504e+06	8000.000000	7.26327e+06	8000.000000	7.29663e+06	8000.000000	13180.3   	8000.000000	18140.9   	8000.000000	13008.9   	8000.000000	13403.1   	8000.000000	20177.2   	
8500.000000	6.60901e+06	8500.000000	7.07381e+06	8500.000000	7.70559e+06	8500.000000	7.7408e+06	8500.000000	13588.3   	8500.000000	19491.7   	8500.000000	13462.9   	8500.000000	13906.4   	8500.000000	20964.4   	
9000.000000	6.87075e+06	9000.000000	7.41328e+06	9000.000000	8.1449e+06	9000.000000	8.18194e+06	9000.000000	13979.7   	9000.000000	20861.8   	9000.000000	13902.8   	9000.000000	14392.4   	9000.000000	21725.5   	
9500.000000	7.12052e+06	9500.000000	7.74389e+06	9500.000000	8.5814e+06	9500.000000	8.62022e+06	9500.000000	14356.1   	9500.000000	22250.9   	9500.000000	14330.1   	9500.000000	14862.8   	9500.000000	22462.9   	
10000.000000	7.3591e+06	10000.000000	8.06608e+06	10000.000000	9.01524e+06	10000.000000	9.0558e+06	10000.000000	14718.9   	10000.000000	23659.1   	10000.000000	14746.3   	10000.000000	15319.1   	10000.000000	23178.9   	
11000.000000	7.80547e+06	11000.000000	8.68679e+06	11000.000000	9.87547e+06	11000.000000	9.91945e+06	11000.000000	15408.4   	11000.000000	26532.2   	11000.000000	15549.7   	11000.000000	16194.7   	11000.000000	24554.6   	
12000.000000	8.21495e+06	12000.000000	9.27837e+06	12000.000000	1.07266e+07	12000.000000	1.07739e+07	12000.000000	16055.9   	12000.000000	29477     	12000.000000	16320.9   	12000.000000	17027.9   	12000.000000	25865.5   	
13000.000000	8.59186e+06	13000.000000	9.84341e+06	13000.000000	1.15694e+07	13000.000000	1.162e+07 	13000.000000	16667.6   	13000.000000	32490.4   	13000.000000	17065.7   	13000.000000	17825.6   	13000.000000	27122     	
14000.000000	8.9399e+06	14000.000000	1.03842e+07	14000.000000	1.24048e+07	14000.000000	1.24586e+07	14000.000000	17248.2   	14000.000000	35572.1   	14000.000000	17788.6   	14000.000000	18593.3   	14000.000000	28332.3   	
15000.000000	9.26222e+06	15000.000000	1.09027e+07	15000.000000	1.32333e+07	15000.000000	1.32902e+07	15000.000000	17801.6   	15000.000000	38722.1   	15000.000000	18493.3   	15000.000000	19335.4   	15000.000000	29503.2   	
16000.000000	9.56155e+06	16000.000000	1.14008e+07	16000.000000	1.40555e+07	16000.000000	1.41154e+07	16000.000000	18331.1   	16000.000000	41938.3   	16000.000000	19182.4   	16000.000000	20055.3   	16000.000000	30640.1   	
17000.000000	9.84025e+06	17000.000000	1.188e+07 	17000.000000	1.48719e+07	17000.000000	1.49348e+07	17000.000000	18839.1   	17000.000000	45216.5   	17000.000000	19858.2   	17000.000000	20756.1   	17000.000000	31747.3   	
18000.000000	1.01003e+07	18000.000000	1.23417e+07	18000.000000	1.56828e+07	18000.000000	1.57486e+07	18000.000000	19328     	18000.000000	48552.7   	18000.000000	20522.4   	18000.000000	21440.1   	18000.000000	32828.6   	
19000.000000	1.03436e+07	19000.000000	1.27872e+07	19000.000000	1.64887e+07	19000.000000	1.65573e+07	19000.000000	19799.5   	19000.000000	51943.3   	19000.000000	21176.4   	19000.000000	22109.3   	19000.000000	33887.1   	
20000.000000	1.05717e+07	20000.000000	1.32176e+07	20000.000000	1.72898e+07	20000.000000	1.73612e+07	20000.000000	20255.1   	20000.000000	55385.1   	20000.000000	21821.3   	20000.000000	22765.4   	20000.000000	34925.3   	
21000.000000	1.07858e+07	21000.000000	1.36339e+07	21000.000000	1.80865e+07	21000.000000	1.81606e+07	21000.000000	20696.3   	21000.000000	58876.4   	21000.000000	22457.9   	21000.000000	23409.7   	21000.000000	35945.4   	
22000.000000	1.09873e+07	22000.000000	1.4037e+07	22000.000000	1.8879e+07	22000.000000	1.89558e+07	22000.000000	21124.3   	22000.000000	62419.5   	22000.000000	23087.2   	22000.000000	24043.5   	22000.000000	36949.2   	
23000.000000	1.11772e+07	23000.000000	1.44278e+07	23000.000000	1.96676e+07	23000.000000	1.9747e+07	23000.000000	21540.1   	23000.000000	66015     	23000.000000	23709.5   	23000.000000	24667.6   	23000.000000	37938.4   	
24000.000000	1.13565e+07	24000.000000	1.4807e+07	24000.000000	2.04525e+07	24000.000000	2.05344e+07	24000.000000	21944.6   	24000.000000	69659.9   	24000.000000	24325.5   	24000.000000	25283.1   	24000.000000	38914.1   	
25000.000000	1.1526e+07	25000.000000	1.51753e+07	25000.000000	2.12338e+07	25000.000000	2.13183e+07	25000.000000	22338.6   	25000.000000	73353.4   	25000.000000	24935.5   	25000.000000	25890.5   	25000.000000	39877.6   	
26000.000000	1.16864e+07	26000.000000	1.55333e+07	26000.000000	2.20118e+07	26000.000000	2.20987e+07	26000.000000	22722.9   	26000.000000	77095.4   	26000.000000	25539.9   	26000.000000	26490.5   	26000.000000	40829.9   	
27000.000000	1.18386e+07	27000.000000	1.58816e+07	27000.000000	2.27866e+07	27000.000000	2.28759e+07	27000.000000	23098     	27000.000000	80884.3   	27000.000000	26138.9   	27000.000000	27083.7   	27000.000000	41771.9   	
28000.000000	1.1983e+07	28000.000000	1.62207e+07	28000.000000	2.35584e+07	28000.000000	2.36501e+07	28000.000000	23464.7   	28000.000000	84718.9   	28000.000000	26732.7   	28000.000000	27670.5   	28000.000000	42704.2   	
29000.000000	1.21203e+07	29000.000000	1.65511e+07	29000.000000	2.43272e+07	29000.000000	2.44213e+07	29000.000000	23823.3   	29000.000000	88598.1   	29000.000000	27321.7   	29000.000000	28251.4   	29000.000000	43627.5   	
30000.000000	1.22509e+07	30000.000000	1.68733e+07	30000.000000	2.50934e+07	30000.000000	2.51896e+07	30000.000000	24174.4   	30000.000000	92521.5   	30000.000000	27905.8   	30000.000000	28826.6   	30000.000000	44542.3   	
32000.000000	1.2494e+07	32000.000000	1.74945e+07	32000.000000	2.66178e+07	32000.000000	2.67184e+07	32000.000000	24855.7   	32000.000000	100497    	32000.000000	29060.2   	32000.000000	29961.3   	32000.000000	46348.6   	
34000.000000	1.27155e+07	34000.000000	1.80873e+07	34000.000000	2.81325e+07	34000.000000	2.82372e+07	34000.000000	25511.6   	34000.000000	108636    	34000.000000	30196.8   	34000.000000	31076.6   	34000.000000	48126.1   	
36000.000000	1.29181e+07	36000.000000	1.86542e+07	36000.000000	2.96382e+07	36000.000000	2.97469e+07	36000.000000	26144.5   	36000.000000	116932    	36000.000000	31316.2   	36000.000000	32174.1   	36000.000000	49877.3   	
38000.000000	1.3104e+07	38000.000000	1.91975e+07	38000.000000	3.11356e+07	38000.000000	3.12479e+07	38000.000000	26756.6   	38000.000000	125378    	38000.000000	32418.9   	38000.000000	33254.9   	38000.000000	51604.2   	
40000.000000	1.32752e+07	40000.000000	1.97191e+07	40000.000000	3.26252e+07	40000.000000	3.2741e+07	40000.000000	27349.9   	40000.000000	133968    	40000.000000	33505.3   	40000.000000	34320.1   	40000.000000	53308.1   	
42000.000000	1.34332e+07	42000.000000	2.02207e+07	42000.000000	3.41076e+07	42000.000000	3.42266e+07	42000.000000	27925.7   	42000.000000	142698    	42000.000000	34575.9   	42000.000000	35370.4   	42000.000000	54990.3   	
44000.000000	1.35795e+07	44000.000000	2.07039e+07	44000.000000	3.55831e+07	44000.000000	3.57051e+07	44000.000000	28485.6   	44000.000000	151563    	44000.000000	35630.7   	44000.000000	36406.3   	44000.000000	56651.8   	
46000.000000	1.37153e+07	46000.000000	2.11699e+07	46000.000000	3.70522e+07	46000.000000	3.7177e+07	46000.000000	29030.7   	46000.000000	160560    	46000.000000	36670.2   	46000.000000	37428.5   	46000.000000	58293.3   	
48000.000000	1.38416e+07	48000.000000	2.16201e+07	48000.000000	3.85152e+07	48000.000000	3.86427e+07	48000.000000	29562.1   	48000.000000	169686    	48000.000000	37694.7   	48000.000000	38437.3   	48000.000000	59915.5   	
50000.000000	1.39594e+07	50000.000000	2.20554e+07	50000.000000	3.99725e+07	50000.000000	4.01024e+07	50000.000000	30080.6   	50000.000000	178935    	50000.000000	38704.3   	50000.000000	39433.1   	50000.000000	61518.9   	
