*Energy (MeV/u)1	0 - [He-base] F.Hubert et al, AD&ND Tables 46(1990)1	Energy (MeV/u)2	1 - [H -base] J.F.Ziegler et al, Pergamon Press, NY (low energy)	Energy (MeV/u)3	2 - ATIMA 1.2  LS-theory (recommended for high energy)	Energy (MeV/u)4	3 - ATIMA 1.2  without LS-correction	Energy (MeV/u)5	4 - electrical component of [1] - J.F.Ziegler et al	Energy (MeV/u)6	5 - nuclear component of [1] - J.F.Ziegler et al	
0.001000	0.412805  	0.001000	0.0734004 	0.001000	0.0847283 	0.001000	0.0847283 	0.001000	0.0488743 	0.001000	0.0245262 	
0.002000	0.482981  	0.002000	0.0945935 	0.002000	0.108176  	0.002000	0.108176  	0.002000	0.0715561 	0.002000	0.0230374 	
0.005000	0.679947  	0.005000	0.136784  	0.005000	0.152956  	0.005000	0.152956  	0.005000	0.118444  	0.005000	0.0183402 	
0.008000	0.844883  	0.008000	0.168686  	0.008000	0.185579  	0.008000	0.185579  	0.008000	0.153384  	0.008000	0.0153024 	
0.010000	0.942965  	0.010000	0.187259  	0.010000	0.204221  	0.010000	0.204221  	0.010000	0.173412  	0.010000	0.0138466 	
0.015000	1.10746   	0.015000	0.228043  	0.015000	0.244468  	0.015000	0.244468  	0.015000	0.216736  	0.015000	0.0113075 	
0.020000	1.23642   	0.020000	0.26349   	0.020000	0.281761  	0.020000	0.281761  	0.020000	0.25384   	0.020000	0.00964981	
0.025000	1.37666   	0.025000	0.296417  	0.025000	0.31858   	0.025000	0.31858   	0.025000	0.287948  	0.025000	0.00846887	
0.030000	1.49037   	0.030000	0.327428  	0.030000	0.345795  	0.030000	0.345795  	0.030000	0.31985   	0.030000	0.00757797	
0.035000	1.58131   	0.035000	0.355622  	0.035000	0.371406  	0.035000	0.371406  	0.035000	0.348744  	0.035000	0.0068781 	
0.040000	1.65108   	0.040000	0.381946  	0.040000	0.395533  	0.040000	0.395533  	0.040000	0.375635  	0.040000	0.00631147	
0.045000	1.7008    	0.045000	0.40669   	0.045000	0.41826   	0.045000	0.41826   	0.045000	0.400848  	0.045000	0.00584189	
0.050000	1.73188   	0.050000	0.429907  	0.050000	0.439651  	0.050000	0.439651  	0.050000	0.424461  	0.050000	0.00544541	
0.055000	1.80081   	0.055000	0.451645  	0.055000	0.459761  	0.055000	0.459761  	0.055000	0.44654   	0.055000	0.00510553	
0.060000	1.85812   	0.060000	0.471957  	0.060000	0.478642  	0.060000	0.478642  	0.060000	0.467147  	0.060000	0.00481046	
0.070000	1.94161   	0.070000	0.508514  	0.070000	0.512912  	0.070000	0.512912  	0.070000	0.504192  	0.070000	0.00432223	
0.080000	2.0311    	0.080000	0.539995  	0.080000	0.542814  	0.080000	0.542814  	0.080000	0.536098  	0.080000	0.00389661	
0.090000	2.09561   	0.090000	0.566959  	0.090000	0.56881   	0.090000	0.56881   	0.090000	0.563376  	0.090000	0.00358283	
0.100000	2.14322   	0.100000	0.589852  	0.100000	0.591238  	0.100000	0.591238  	0.100000	0.586531  	0.100000	0.00332049	
0.120000	2.17347   	0.120000	0.632594  	0.120000	0.626828  	0.120000	0.626828  	0.120000	0.629689  	0.120000	0.00290543	
0.140000	2.17873   	0.140000	0.664103  	0.140000	0.652257  	0.140000	0.652257  	0.140000	0.661512  	0.140000	0.00259063	
0.160000	2.17892   	0.160000	0.688472  	0.160000	0.669794  	0.160000	0.669794  	0.160000	0.686129  	0.160000	0.0023428 	
0.180000	2.17626   	0.180000	0.704374  	0.180000	0.681293  	0.180000	0.681293  	0.180000	0.702232  	0.180000	0.00214208	
0.200000	2.18202   	0.200000	0.71772   	0.200000	0.688221  	0.200000	0.688221  	0.200000	0.715744  	0.200000	0.00197584	
0.250000	2.13738   	0.250000	0.735023  	0.250000	0.692394  	0.250000	0.692394  	0.250000	0.733361  	0.250000	0.00166195	
0.300000	2.1304    	0.300000	0.754433  	0.300000	0.690459  	0.300000	0.690459  	0.300000	0.752993  	0.300000	0.0014403 	
0.350000	2.10564   	0.350000	0.758894  	0.350000	0.683873  	0.350000	0.683873  	0.350000	0.757619  	0.350000	0.00127465	
0.400000	2.07009   	0.400000	0.755829  	0.400000	0.673167  	0.400000	0.673167  	0.400000	0.754683  	0.400000	0.00114572	
0.450000	2.02331   	0.450000	0.74603   	0.450000	0.659724  	0.450000	0.659724  	0.450000	0.744987  	0.450000	0.00104225	
0.500000	1.97783   	0.500000	0.735603  	0.500000	0.646092  	0.500000	0.646092  	0.500000	0.734646  	0.500000	0.000957213	
0.600000	1.8151    	0.600000	0.71012   	0.600000	0.619761  	0.600000	0.619761  	0.600000	0.709294  	0.600000	0.000825348	
0.700000	1.65219   	0.700000	0.679167  	0.700000	0.595424  	0.700000	0.595424  	0.700000	0.678439  	0.700000	0.000727495	
0.800000	1.5802    	0.800000	0.658828  	0.800000	0.573114  	0.800000	0.573114  	0.800000	0.658176  	0.800000	0.000651757	
0.900000	1.5035    	0.900000	0.634709  	0.900000	0.552593  	0.900000	0.552593  	0.900000	0.634117  	0.900000	0.000591257	
1.000000	1.42737   	1.000000	0.608823  	1.000000	0.532221  	1.000000	0.532221  	1.000000	0.608282  	1.000000	0.000541726	
1.250000	1.25276   	1.250000	0.547031  	1.250000	0.488738  	1.250000	0.488738  	1.250000	0.546581  	1.250000	0.000449636	
1.500000	1.08768   	1.500000	0.479508  	1.500000	0.452705  	1.500000	0.452705  	1.500000	0.479123  	1.500000	0.000385765	
1.750000	0.966685  	1.750000	0.43187   	1.750000	0.421653  	1.750000	0.421653  	1.750000	0.431532  	1.750000	0.000338677	
2.000000	0.873129  	2.000000	0.39593   	2.000000	0.394481  	2.000000	0.394481  	2.000000	0.395628  	2.000000	0.000302422	
2.250000	0.799266  	2.250000	0.3674    	2.250000	0.370409  	2.250000	0.370409  	2.250000	0.367126  	2.250000	0.000273587	
2.500000	0.713338  	2.500000	0.343884  	2.500000	0.349018  	2.500000	0.349018  	2.500000	0.343634  	2.500000	0.000250066	
3.000000	0.626784  	3.000000	0.306711  	3.000000	0.312906  	3.000000	0.312906  	3.000000	0.306497  	3.000000	0.000213922	
3.500000	0.560086  	3.500000	0.278105  	3.500000	0.283838  	3.500000	0.283838  	3.500000	0.277917  	3.500000	0.000187373	
4.000000	0.507024  	4.000000	0.255144  	4.000000	0.2601    	4.000000	0.2601    	4.000000	0.254977  	4.000000	0.000166991	
4.500000	0.463747  	4.500000	0.236221  	4.500000	0.24043   	4.500000	0.24043   	4.500000	0.23607   	4.500000	0.00015082	
5.000000	0.427736  	5.000000	0.220324  	5.000000	0.223899  	5.000000	0.223899  	5.000000	0.220186  	5.000000	0.000137657	
5.500000	0.397276  	5.500000	0.206766  	5.500000	0.209824  	5.500000	0.209824  	5.500000	0.206639  	5.500000	0.00012672	
6.000000	0.371155  	6.000000	0.195055  	6.000000	0.197697  	6.000000	0.197697  	6.000000	0.194938  	6.000000	0.000117481	
6.500000	0.348492  	6.500000	0.184829  	6.500000	0.187135  	6.500000	0.187135  	6.500000	0.18472   	6.500000	0.000109565	
7.000000	0.328633  	7.000000	0.175814  	7.000000	0.177848  	7.000000	0.177848  	7.000000	0.175712  	7.000000	0.000102703	
7.500000	0.31108   	7.500000	0.1678    	7.500000	0.169611  	7.500000	0.169611  	7.500000	0.167703  	7.500000	9.66941e-05	
8.000000	0.295445  	8.000000	0.160621  	8.000000	0.162249  	8.000000	0.162249  	8.000000	0.16053   	8.000000	9.13853e-05	
8.500000	0.281426  	8.500000	0.154149  	8.500000	0.155624  	8.500000	0.155624  	8.500000	0.154062  	8.500000	8.66592e-05	
9.000000	0.26878   	9.000000	0.148279  	9.000000	0.149625  	9.000000	0.149625  	9.000000	0.148196  	9.000000	8.24231e-05	
9.500000	0.257312  	9.500000	0.142926  	9.500000	0.144163  	9.500000	0.144163  	9.500000	0.142847  	9.500000	7.86033e-05	
10.000000	0.246861  	10.000000	0.139307  	10.000000	0.139165  	10.000000	0.139165  	10.000000	0.139232  	10.000000	7.51402e-05	
11.000000	0.228507  	11.000000	0.131628  	11.000000	0.130733  	11.000000	0.130766  	11.000000	0.131559  	11.000000	6.90983e-05	
12.000000	0.212899  	12.000000	0.124717  	12.000000	0.123456  	12.000000	0.123511  	12.000000	0.124653  	12.000000	6.40004e-05	
13.000000	0.199457  	13.000000	0.118491  	13.000000	0.117094  	13.000000	0.117162  	13.000000	0.118431  	13.000000	5.9638e-05	
14.000000	0.18775   	14.000000	0.112867  	14.000000	0.111473  	14.000000	0.111546  	14.000000	0.112811  	14.000000	5.58601e-05	
15.000000	0.177459  	15.000000	0.107771  	15.000000	0.10646   	15.000000	0.106533  	15.000000	0.107718  	15.000000	5.2555e-05	
16.000000	0.168337  	16.000000	0.103136  	16.000000	0.101952  	16.000000	0.102023  	16.000000	0.103087  	16.000000	4.96376e-05	
17.000000	0.160192  	17.000000	0.0989069 	17.000000	0.0978701 	17.000000	0.0979394 	17.000000	0.0988598 	17.000000	4.70425e-05	
18.000000	0.152873  	18.000000	0.0950334 	18.000000	0.0941539 	18.000000	0.0942187 	18.000000	0.0949887 	18.000000	4.47182e-05	
19.000000	0.146258  	19.000000	0.0914741 	19.000000	0.0907516 	19.000000	0.090811  	19.000000	0.0914314 	19.000000	4.26237e-05	
20.000000	0.140249  	20.000000	0.0881929 	20.000000	0.0876068 	20.000000	0.0876638 	20.000000	0.0881522 	20.000000	4.07261e-05	
21.000000	0.134764  	21.000000	0.085159  	21.000000	0.0847113 	21.000000	0.0847664 	21.000000	0.08512   	21.000000	3.89983e-05	
22.000000	0.129737  	22.000000	0.0823457 	22.000000	0.0820306 	22.000000	0.082079  	22.000000	0.0823083 	22.000000	3.74182e-05	
23.000000	0.125111  	23.000000	0.07973   	23.000000	0.079539  	23.000000	0.0795775 	23.000000	0.0796941 	23.000000	3.59673e-05	
24.000000	0.120839  	24.000000	0.0772919 	24.000000	0.0772106 	24.000000	0.0772419 	24.000000	0.0772573 	24.000000	3.46302e-05	
25.000000	0.116882  	25.000000	0.075014  	25.000000	0.0750275 	25.000000	0.0750548 	25.000000	0.0749806 	25.000000	3.33936e-05	
27.000000	0.10978   	27.000000	0.0708792 	27.000000	0.0710498 	27.000000	0.0710687 	27.000000	0.070848  	27.000000	3.11796e-05	
29.000000	0.103585  	29.000000	0.0672243 	29.000000	0.0675142 	29.000000	0.0675224 	29.000000	0.0671951 	29.000000	2.92537e-05	
31.000000	0.0981289 	31.000000	0.0639701 	31.000000	0.0643031 	31.000000	0.0643008 	31.000000	0.0639425 	31.000000	2.75622e-05	
33.000000	0.0932861 	33.000000	0.0610537 	33.000000	0.0613877 	33.000000	0.061376  	33.000000	0.0610277 	33.000000	2.60643e-05	
35.000000	0.0889565 	35.000000	0.0584249 	35.000000	0.0587654 	35.000000	0.0587456 	35.000000	0.0584002 	35.000000	2.4728e-05	
38.000000	0.0832563 	38.000000	0.0549334 	38.000000	0.0552888 	38.000000	0.0552588 	38.000000	0.0549104 	38.000000	2.29729e-05	
41.000000	0.0783322 	41.000000	0.0518903 	41.000000	0.0522625 	41.000000	0.0522241 	41.000000	0.0518689 	41.000000	2.14607e-05	
44.000000	0.074033  	44.000000	0.0492138 	44.000000	0.0496015 	44.000000	0.0495567 	44.000000	0.0491936 	44.000000	2.01436e-05	
47.000000	0.0702449 	47.000000	0.0468406 	47.000000	0.0472437 	47.000000	0.0471919 	47.000000	0.0468217 	47.000000	1.89856e-05	
50.000000	0.0668801 	50.000000	0.0447217 	50.000000	0.0451311 	50.000000	0.0450799 	50.000000	0.0447037 	50.000000	1.79592e-05	
55.000000	0.0620333 	55.000000	0.041652  	55.000000	0.0420719 	55.000000	0.042018  	55.000000	0.0416355 	55.000000	1.64843e-05	
60.000000	0.0579409 	60.000000	0.0390452 	60.000000	0.0394724 	60.000000	0.0394144 	60.000000	0.03903   	60.000000	1.52427e-05	
65.000000	0.0544364 	65.000000	0.0368029 	65.000000	0.037228  	65.000000	0.0371715 	65.000000	0.0367887 	65.000000	1.41823e-05	
70.000000	0.0513992 	70.000000	0.034853  	70.000000	0.0352798 	70.000000	0.0352179 	70.000000	0.0348397 	70.000000	1.32657e-05	
75.000000	0.0487399 	75.000000	0.0331412 	75.000000	0.0335587 	75.000000	0.0334999 	75.000000	0.0331288 	75.000000	1.24651e-05	
80.000000	0.0463908 	80.000000	0.0316261 	80.000000	0.032038  	80.000000	0.0319767 	80.000000	0.0316143 	80.000000	1.17595e-05	
85.000000	0.0442994 	85.000000	0.0302751 	85.000000	0.0306747 	85.000000	0.0306165 	85.000000	0.030264  	85.000000	1.11327e-05	
90.000000	0.0424247 	90.000000	0.0290629 	90.000000	0.0294544 	90.000000	0.0293939 	90.000000	0.0290523 	90.000000	1.05721e-05	
95.000000	0.0407339 	95.000000	0.0279688 	95.000000	0.0283466 	95.000000	0.0282889 	95.000000	0.0279587 	95.000000	1.00675e-05	
100.000000	0.0392006 	100.000000	0.0269763 	100.000000	0.0273447 	100.000000	0.0272851 	100.000000	0.0269667 	100.000000	9.61079e-06	
105.000000	0.0378033 	105.000000	0.0260716 	105.000000	0.026426  	105.000000	0.0263689 	105.000000	0.0260624 	105.000000	9.19545e-06	
110.000000	0.0365242 	110.000000	0.0252436 	110.000000	0.0255877 	110.000000	0.0255293 	110.000000	0.0252348 	110.000000	8.81598e-06	
115.000000	0.0353486 	115.000000	0.0244828 	115.000000	0.0248141 	115.000000	0.024757  	115.000000	0.0244743 	115.000000	8.46788e-06	
120.000000	0.0342642 	120.000000	0.0237813 	120.000000	0.0241005 	120.000000	0.024044  	120.000000	0.0237731 	120.000000	8.14734e-06	
125.000000	0.0332604 	125.000000	0.0231323 	125.000000	0.0234413 	125.000000	0.0233838 	125.000000	0.0231245 	125.000000	7.85119e-06	
130.000000	0.0323284 	130.000000	0.0225302 	130.000000	0.022826  	130.000000	0.0227707 	130.000000	0.0225226 	130.000000	7.57669e-06	
135.000000	0.0314605 	135.000000	0.0219699 	135.000000	0.0222528 	135.000000	0.0221997 	135.000000	0.0219626 	135.000000	7.32153e-06	
140.000000	0.0306502 	140.000000	0.0214474 	140.000000	0.0217202 	140.000000	0.0216667 	140.000000	0.0214403 	140.000000	7.0837e-06	
145.000000	0.0298917 	145.000000	0.0209587 	145.000000	0.021222  	145.000000	0.0211679 	145.000000	0.0209519 	145.000000	6.86148e-06	
150.000000	0.0291802 	150.000000	0.0205008 	150.000000	0.0207525 	150.000000	0.0207001 	150.000000	0.0204942 	150.000000	6.65334e-06	
155.000000	0.0281784 	155.000000	0.0200708 	155.000000	0.0203133 	155.000000	0.0202606 	155.000000	0.0200644 	155.000000	6.45798e-06	
160.000000	0.0275912 	160.000000	0.0196662 	160.000000	0.0199    	160.000000	0.0198468 	160.000000	0.01966   	160.000000	6.27424e-06	
165.000000	0.0270375 	165.000000	0.0192849 	165.000000	0.0195083 	165.000000	0.0194566 	165.000000	0.0192788 	165.000000	6.10109e-06	
170.000000	0.0265144 	170.000000	0.0189248 	170.000000	0.0191395 	170.000000	0.019088  	170.000000	0.0189189 	170.000000	5.93764e-06	
175.000000	0.0260194 	175.000000	0.0185843 	175.000000	0.0187915 	175.000000	0.0187392 	175.000000	0.0185785 	175.000000	5.78308e-06	
180.000000	0.0255504 	180.000000	0.0182617 	180.000000	0.0184603 	180.000000	0.0184087 	180.000000	0.0182561 	180.000000	5.63669e-06	
185.000000	0.0251052 	185.000000	0.0179558 	185.000000	0.0181451 	185.000000	0.0180951 	185.000000	0.0179503 	185.000000	5.49783e-06	
190.000000	0.0246821 	190.000000	0.0176652 	190.000000	0.0178459 	190.000000	0.0177971 	190.000000	0.0176598 	190.000000	5.36593e-06	
195.000000	0.0242795 	195.000000	0.0173888 	195.000000	0.0175625 	195.000000	0.0175136 	195.000000	0.0173835 	195.000000	5.24047e-06	
200.000000	0.0238959 	200.000000	0.0171256 	200.000000	0.0172932 	200.000000	0.0172437 	200.000000	0.0171204 	200.000000	5.12099e-06	
210.000000	0.0231804 	210.000000	0.0166352 	210.000000	0.0167886 	210.000000	0.0167405 	210.000000	0.0166303 	210.000000	4.89829e-06	
220.000000	0.0225265 	220.000000	0.0161876 	220.000000	0.0163296 	220.000000	0.016281  	220.000000	0.0161829 	220.000000	4.6949e-06	
230.000000	0.0219265 	230.000000	0.0157774 	230.000000	0.0159077 	230.000000	0.01586   	230.000000	0.0157729 	230.000000	4.50837e-06	
240.000000	0.021374  	240.000000	0.0154002 	240.000000	0.0155185 	240.000000	0.0154727 	240.000000	0.0153959 	240.000000	4.33667e-06	
250.000000	0.0208634 	250.000000	0.0150521 	250.000000	0.0151614 	250.000000	0.0151154 	250.000000	0.015048  	250.000000	4.17807e-06	
260.000000	0.0203902 	260.000000	0.01473   	260.000000	0.0148306 	260.000000	0.0147847 	260.000000	0.014726  	260.000000	4.03111e-06	
270.000000	0.0199505 	270.000000	0.0144311 	270.000000	0.0145228 	270.000000	0.0144779 	270.000000	0.0144272 	270.000000	3.89454e-06	
280.000000	0.0195407 	280.000000	0.0141529 	280.000000	0.014238  	280.000000	0.0141925 	280.000000	0.0141491 	280.000000	3.76728e-06	
290.000000	0.0191579 	290.000000	0.0138934 	290.000000	0.0139712 	290.000000	0.0139264 	290.000000	0.0138898 	290.000000	3.64839e-06	
300.000000	0.0187996 	300.000000	0.0136509 	300.000000	0.0137211 	300.000000	0.0136778 	300.000000	0.0136473 	300.000000	3.53707e-06	
310.000000	0.0184634 	310.000000	0.0134236 	310.000000	0.0134878 	310.000000	0.013445  	310.000000	0.0134202 	310.000000	3.4326e-06	
320.000000	0.0181475 	320.000000	0.0132104 	320.000000	0.0132699 	320.000000	0.0132266 	320.000000	0.0132071 	320.000000	3.33437e-06	
330.000000	0.0178501 	330.000000	0.0130099 	330.000000	0.0130645 	330.000000	0.0130214 	330.000000	0.0130066 	330.000000	3.24182e-06	
340.000000	0.0175695 	340.000000	0.012821  	340.000000	0.0128702 	340.000000	0.0128282 	340.000000	0.0128179 	340.000000	3.15446e-06	
350.000000	0.0173044 	350.000000	0.0126428 	350.000000	0.0126872 	350.000000	0.0126461 	350.000000	0.0126398 	350.000000	3.07188e-06	
360.000000	0.0170537 	360.000000	0.0124745 	360.000000	0.0125152 	360.000000	0.0124741 	360.000000	0.0124715 	360.000000	2.99367e-06	
370.000000	0.0168161 	370.000000	0.0123152 	370.000000	0.0123531 	370.000000	0.0123115 	370.000000	0.0123123 	370.000000	2.91951e-06	
380.000000	0.0165908 	380.000000	0.0121643 	380.000000	0.0121987 	380.000000	0.0121576 	380.000000	0.0121615 	380.000000	2.84907e-06	
390.000000	0.0163767 	390.000000	0.0120212 	390.000000	0.0120522 	390.000000	0.0120118 	390.000000	0.0120184 	390.000000	2.78208e-06	
400.000000	0.0161731 	400.000000	0.0118852 	400.000000	0.0119139 	400.000000	0.0118733 	400.000000	0.0118825 	400.000000	2.71829e-06	
410.000000	0.0159793 	410.000000	0.0117559 	410.000000	0.0117827 	410.000000	0.0117418 	410.000000	0.0117533 	410.000000	2.65748e-06	
420.000000	0.0157946 	420.000000	0.0116329 	420.000000	0.0116573 	420.000000	0.0116168 	420.000000	0.0116303 	420.000000	2.59943e-06	
430.000000	0.0156184 	430.000000	0.0115156 	430.000000	0.0115376 	430.000000	0.0114977 	430.000000	0.0115131 	430.000000	2.54396e-06	
440.000000	0.0154501 	440.000000	0.0114038 	440.000000	0.0114234 	440.000000	0.0113842 	440.000000	0.0114013 	440.000000	2.4909e-06	
450.000000	0.0152893 	450.000000	0.0112971 	450.000000	0.0113148 	450.000000	0.011276  	450.000000	0.0112946 	450.000000	2.44009e-06	
460.000000	0.0151354 	460.000000	0.0111951 	460.000000	0.0112115 	460.000000	0.0111727 	460.000000	0.0111927 	460.000000	2.3914e-06	
470.000000	0.0149882 	470.000000	0.0110975 	470.000000	0.0111132 	470.000000	0.0110741 	470.000000	0.0110952 	470.000000	2.34469e-06	
480.000000	0.014847  	480.000000	0.0110042 	480.000000	0.0110189 	480.000000	0.0109797 	480.000000	0.0110019 	480.000000	2.29983e-06	
490.000000	0.0147117 	490.000000	0.0109148 	490.000000	0.0109282 	490.000000	0.0108894 	490.000000	0.0109125 	490.000000	2.25673e-06	
500.000000	0.0145819 	500.000000	0.0108291 	500.000000	0.0108412 	500.000000	0.010803  	500.000000	0.0108269 	500.000000	2.21527e-06	
520.000000	0.0143375 	520.000000	0.010668  	520.000000	0.010678  	520.000000	0.0106407 	520.000000	0.0106659 	520.000000	2.13694e-06	
540.000000	0.0141116 	540.000000	0.0105194 	540.000000	0.0105287 	540.000000	0.0104913 	540.000000	0.0105174 	540.000000	2.06416e-06	
560.000000	0.0139023 	560.000000	0.0103821 	560.000000	0.0103911 	560.000000	0.0103535 	560.000000	0.0103801 	560.000000	1.99635e-06	
580.000000	0.013708  	580.000000	0.0102548 	580.000000	0.0102629 	580.000000	0.0102261 	580.000000	0.0102529 	580.000000	1.93302e-06	
600.000000	0.0135273 	600.000000	0.0101367 	600.000000	0.0101447 	600.000000	0.010108  	600.000000	0.0101348 	600.000000	1.87373e-06	
620.000000	0.013359  	620.000000	0.0100268 	620.000000	0.0100354 	620.000000	0.00999831	620.000000	0.010025  	620.000000	1.8181e-06	
640.000000	0.0132019 	640.000000	0.00992439	640.000000	0.00993308	640.000000	0.00989633	640.000000	0.00992262	640.000000	1.76581e-06	
660.000000	0.013055  	660.000000	0.00982884	660.000000	0.00983738	660.000000	0.00980132	660.000000	0.00982713	660.000000	1.71654e-06	
680.000000	0.0129176 	680.000000	0.00973955	680.000000	0.00974816	680.000000	0.00971268	680.000000	0.00973788	680.000000	1.67005e-06	
700.000000	0.0127888 	700.000000	0.009656  	700.000000	0.00966517	700.000000	0.00962986	700.000000	0.00965437	700.000000	1.62611e-06	
720.000000	0.0126679 	720.000000	0.00957771	720.000000	0.00958791	720.000000	0.00955238	720.000000	0.00957613	720.000000	1.5845e-06	
740.000000	0.0125544 	740.000000	0.00950428	740.000000	0.00951548	740.000000	0.0094798 	740.000000	0.00950274	740.000000	1.54505e-06	
760.000000	0.0124477 	760.000000	0.00943533	760.000000	0.00944716	760.000000	0.00941173	760.000000	0.00943383	760.000000	1.50759e-06	
780.000000	0.0123474 	780.000000	0.00937053	780.000000	0.0093828 	780.000000	0.00934783	780.000000	0.00936906	780.000000	1.47196e-06	
800.000000	0.0122528 	800.000000	0.00930958	800.000000	0.00932226	800.000000	0.00928777	800.000000	0.00930814	800.000000	1.43804e-06	
820.000000	0.0121638 	820.000000	0.00925219	820.000000	0.00926541	820.000000	0.00923128	820.000000	0.00925078	820.000000	1.40571e-06	
840.000000	0.0120798 	840.000000	0.00919812	840.000000	0.00921211	840.000000	0.00917809	840.000000	0.00919675	840.000000	1.37486e-06	
860.000000	0.0120006 	860.000000	0.00914716	860.000000	0.00916213	860.000000	0.00912797	860.000000	0.00914581	860.000000	1.34537e-06	
880.000000	0.0119258 	880.000000	0.00909908	880.000000	0.00911504	880.000000	0.0090807 	880.000000	0.00909776	880.000000	1.31718e-06	
900.000000	0.0118552 	900.000000	0.0090537 	900.000000	0.00907046	900.000000	0.00903609	900.000000	0.00905241	900.000000	1.29018e-06	
920.000000	0.0117884 	920.000000	0.00901086	920.000000	0.00902816	920.000000	0.00899396	920.000000	0.00900959	920.000000	1.26431e-06	
940.000000	0.0117254 	940.000000	0.00897039	940.000000	0.00898805	940.000000	0.00895415	940.000000	0.00896915	940.000000	1.23949e-06	
960.000000	0.0116658 	960.000000	0.00893214	960.000000	0.00895007	960.000000	0.00891651	960.000000	0.00893093	960.000000	1.21566e-06	
980.000000	0.0116095 	980.000000	0.008896  	980.000000	0.00891413	980.000000	0.0088809 	980.000000	0.0088948 	980.000000	1.19277e-06	
1000.000000	0.0115563 	1000.000000	0.00886182	1000.000000	0.00888017	1000.000000	0.00884718	1000.000000	0.00886065	1000.000000	1.17076e-06	
1020.000000	0.011506  	1020.000000	0.0088295 	1020.000000	0.0088481 	1020.000000	0.00881526	1020.000000	0.00882835	1020.000000	1.14957e-06	
1040.000000	0.0114584 	1040.000000	0.00879894	1040.000000	0.00881787	1040.000000	0.008785  	1040.000000	0.00879781	1040.000000	1.12916e-06	
1060.000000	0.0114134 	1060.000000	0.00877004	1060.000000	0.00878931	1060.000000	0.00875633	1060.000000	0.00876893	1060.000000	1.10949e-06	
1080.000000	0.0113709 	1080.000000	0.0087427 	1080.000000	0.00876225	1080.000000	0.00872914	1080.000000	0.00874161	1080.000000	1.09052e-06	
1100.000000	0.0113307 	1100.000000	0.00871685	1100.000000	0.00873653	1100.000000	0.00870335	1100.000000	0.00871578	1100.000000	1.07221e-06	
1120.000000	0.0112927 	1120.000000	0.0086924 	1120.000000	0.00871241	1120.000000	0.00867928	1120.000000	0.00869135	1120.000000	1.05453e-06	
1140.000000	0.0112569 	1140.000000	0.00866929	1140.000000	0.00868951	1140.000000	0.00865654	1140.000000	0.00866825	1140.000000	1.03744e-06	
1160.000000	0.0112231 	1160.000000	0.00864744	1160.000000	0.00866773	1160.000000	0.00863496	1160.000000	0.00864642	1160.000000	1.02092e-06	
1180.000000	0.0111912 	1180.000000	0.00862679	1180.000000	0.00864708	1180.000000	0.0086145 	1180.000000	0.00862579	1180.000000	1.00494e-06	
1200.000000	0.0111611 	1200.000000	0.00860729	1200.000000	0.00862754	1200.000000	0.00859508	1200.000000	0.0086063 	1200.000000	9.89465e-07	
1220.000000	0.0111327 	1220.000000	0.00858888	1220.000000	0.00860909	1220.000000	0.00857666	1220.000000	0.0085879 	1220.000000	9.74478e-07	
1240.000000	0.011106  	1240.000000	0.0085715 	1240.000000	0.00859167	1240.000000	0.00855918	1240.000000	0.00857054	1240.000000	9.59955e-07	
1260.000000	0.0110809 	1260.000000	0.00855512	1260.000000	0.00857517	1260.000000	0.0085426 	1260.000000	0.00855417	1260.000000	9.45874e-07	
1280.000000	0.0110574 	1280.000000	0.00853967	1280.000000	0.00855953	1280.000000	0.00852686	1280.000000	0.00853874	1280.000000	9.32215e-07	
1300.000000	0.0110352 	1300.000000	0.00852513	1300.000000	0.00854467	1300.000000	0.00851193	1300.000000	0.00852421	1300.000000	9.18959e-07	
1320.000000	0.0110145 	1320.000000	0.00851145	1320.000000	0.00853052	1320.000000	0.00849777	1320.000000	0.00851054	1320.000000	9.06089e-07	
1340.000000	0.0109951 	1340.000000	0.00849859	1340.000000	0.00851705	1340.000000	0.00848434	1340.000000	0.0084977 	1340.000000	8.93587e-07	
1360.000000	0.010977  	1360.000000	0.00848652	1360.000000	0.00850423	1360.000000	0.0084716 	1360.000000	0.00848564	1360.000000	8.81438e-07	
1380.000000	0.0109601 	1380.000000	0.0084752 	1380.000000	0.00849203	1380.000000	0.00845952	1380.000000	0.00847433	1380.000000	8.69627e-07	
1400.000000	0.0109444 	1400.000000	0.0084646 	1400.000000	0.00848045	1400.000000	0.00844807	1400.000000	0.00846374	1400.000000	8.58139e-07	
1420.000000	0.0109298 	1420.000000	0.00845469	1420.000000	0.00846945	1420.000000	0.00843722	1420.000000	0.00845385	1420.000000	8.46963e-07	
1440.000000	0.0109164 	1440.000000	0.00844545	1440.000000	0.00845903	1440.000000	0.00842694	1440.000000	0.00844461	1440.000000	8.36084e-07	
1460.000000	0.0109039 	1460.000000	0.00843684	1460.000000	0.00844915	1460.000000	0.00841721	1460.000000	0.00843602	1460.000000	8.25491e-07	
1480.000000	0.0108925 	1480.000000	0.00842885	1480.000000	0.00843981	1480.000000	0.00840801	1480.000000	0.00842803	1480.000000	8.15173e-07	
1500.000000	0.0108821 	1500.000000	0.00842144	1500.000000	0.00843098	1500.000000	0.0083993 	1500.000000	0.00842063	1500.000000	8.05119e-07	
1520.000000	0.0108725 	1520.000000	0.00841459	1520.000000	0.00842264	1520.000000	0.00839106	1520.000000	0.0084138 	1520.000000	7.95318e-07	
1540.000000	0.0108639 	1540.000000	0.00840829	1540.000000	0.00841477	1540.000000	0.00838328	1540.000000	0.0084075 	1540.000000	7.85763e-07	
1560.000000	0.0108562 	1560.000000	0.00840251	1560.000000	0.00840736	1560.000000	0.00837594	1560.000000	0.00840173	1560.000000	7.76442e-07	
1580.000000	0.0108493 	1580.000000	0.00839723	1580.000000	0.00840039	1580.000000	0.00836901	1580.000000	0.00839646	1580.000000	7.67348e-07	
1600.000000	0.0108432 	1600.000000	0.00839243	1600.000000	0.00839384	1600.000000	0.00836248	1600.000000	0.00839167	1600.000000	7.58472e-07	
1620.000000	0.0108379 	1620.000000	0.0083881 	1620.000000	0.0083877 	1620.000000	0.00835633	1620.000000	0.00838735	1620.000000	7.49806e-07	
1640.000000	0.0108333 	1640.000000	0.00838422	1640.000000	0.00838194	1640.000000	0.00835055	1640.000000	0.00838348	1640.000000	7.41343e-07	
1660.000000	0.0108295 	1660.000000	0.00838077	1660.000000	0.00837655	1660.000000	0.00834511	1660.000000	0.00838004	1660.000000	7.33077e-07	
1680.000000	0.0108264 	1680.000000	0.00837774	1680.000000	0.00837149	1680.000000	0.00834002	1680.000000	0.00837702	1680.000000	7.24999e-07	
1700.000000	0.010824  	1700.000000	0.00837512	1700.000000	0.00836676	1700.000000	0.00833524	1700.000000	0.0083744 	1700.000000	7.17103e-07	
1750.000000	0.0108208 	1750.000000	0.00837023	1750.000000	0.00835624	1750.000000	0.00832462	1750.000000	0.00836953	1750.000000	6.98123e-07	
1800.000000	0.0108215 	1800.000000	0.00836757	1800.000000	0.0083474 	1800.000000	0.00831575	1800.000000	0.00836689	1800.000000	6.80156e-07	
1850.000000	0.0108257 	1850.000000	0.00836696	1850.000000	0.00834004	1850.000000	0.00830844	1850.000000	0.0083663 	1850.000000	6.63122e-07	
1900.000000	0.0108332 	1900.000000	0.00836825	1900.000000	0.00833405	1900.000000	0.00830256	1900.000000	0.0083676 	1900.000000	6.46949e-07	
1950.000000	0.0108438 	1950.000000	0.00837128	1950.000000	0.00832931	1950.000000	0.00829797	1950.000000	0.00837065	1950.000000	6.31574e-07	
2000.000000	0.0108572 	2000.000000	0.00837594	2000.000000	0.00832572	2000.000000	0.00829455	2000.000000	0.00837532	2000.000000	6.16937e-07	
2100.000000	0.010892  	2100.000000	0.00838964	2100.000000	0.00832165	2100.000000	0.00829081	2100.000000	0.00838905	2100.000000	5.89675e-07	
2200.000000	0.0109362 	2200.000000	0.00840853	2200.000000	0.00832119	2200.000000	0.00829062	2200.000000	0.00840797	2200.000000	5.64797e-07	
2300.000000	0.0109887 	2300.000000	0.00843194	2300.000000	0.00832377	2300.000000	0.00829336	2300.000000	0.0084314 	2300.000000	5.42001e-07	
2400.000000	0.0110487 	2400.000000	0.00845929	2400.000000	0.00832892	2400.000000	0.00829857	2400.000000	0.00845877	2400.000000	5.21032e-07	
2500.000000	0.0111153 	2500.000000	0.00849012	2500.000000	0.00833623	2500.000000	0.00830584	2500.000000	0.00848962	2500.000000	5.01678e-07	
2600.000000	0.0111879 	2600.000000	0.00852402	2600.000000	0.00834531	2600.000000	0.00831483	2600.000000	0.00852354	2600.000000	4.83756e-07	
2700.000000	0.011266  	2700.000000	0.00856064	2700.000000	0.00835583	2700.000000	0.00832527	2700.000000	0.00856017	2700.000000	4.67112e-07	
2800.000000	0.0113491 	2800.000000	0.00859969	2800.000000	0.00836754	2800.000000	0.00833692	2800.000000	0.00859924	2800.000000	4.51612e-07	
2900.000000	0.0114366 	2900.000000	0.00864091	2900.000000	0.00838022	2900.000000	0.0083496 	2900.000000	0.00864048	2900.000000	4.37141e-07	
3000.000000	0.0115283 	3000.000000	0.00868409	3000.000000	0.00839372	3000.000000	0.00836312	3000.000000	0.00868366	3000.000000	4.23599e-07	
3200.000000	0.0117231 	3200.000000	0.00877554	3200.000000	0.00842264	3200.000000	0.00839219	3200.000000	0.00877514	3200.000000	3.98961e-07	
3400.000000	0.0119311 	3400.000000	0.00887277	3400.000000	0.00845351	3400.000000	0.00842323	3400.000000	0.00887239	3400.000000	3.77116e-07	
3600.000000	0.0121507 	3600.000000	0.00897478	3600.000000	0.00848569	3600.000000	0.00845558	3600.000000	0.00897442	3600.000000	3.57611e-07	
3800.000000	0.0123806 	3800.000000	0.00908079	3800.000000	0.00851874	3800.000000	0.00848877	3800.000000	0.00908045	3800.000000	3.40085e-07	
4000.000000	0.0126196 	4000.000000	0.00919017	4000.000000	0.00855229	4000.000000	0.00852242	4000.000000	0.00918984	4000.000000	3.24248e-07	
4200.000000	0.012867  	4200.000000	0.0093024 	4200.000000	0.00858605	4200.000000	0.00855627	4200.000000	0.00930209	4200.000000	3.09866e-07	
4400.000000	0.013122  	4400.000000	0.00941707	4400.000000	0.00861983	4400.000000	0.00859012	4400.000000	0.00941678	4400.000000	2.96744e-07	
4600.000000	0.013384  	4600.000000	0.00953385	4600.000000	0.00865345	4600.000000	0.00862381	4600.000000	0.00953356	4600.000000	2.84722e-07	
4800.000000	0.0136524 	4800.000000	0.00965244	4800.000000	0.00868681	4800.000000	0.00865723	4800.000000	0.00965216	4800.000000	2.73666e-07	
5000.000000	0.0139269 	5000.000000	0.0097726 	5000.000000	0.00871983	5000.000000	0.00869029	5000.000000	0.00977233	5000.000000	2.63463e-07	
5250.000000	0.014278  	5250.000000	0.00992471	5250.000000	0.0087605 	5250.000000	0.00873102	5250.000000	0.00992446	5250.000000	2.51763e-07	
5500.000000	0.0146374 	5500.000000	0.0100786 	5500.000000	0.00880044	5500.000000	0.00877101	5500.000000	0.0100784 	5500.000000	2.4109e-07	
6000.000000	0.0153791 	6000.000000	0.0103909 	6000.000000	0.00887792	6000.000000	0.00884858	6000.000000	0.0103907 	6000.000000	2.22319e-07	
6500.000000	0.0161491 	6500.000000	0.0107077 	6500.000000	0.00895207	6500.000000	0.00892279	6500.000000	0.0107075 	6500.000000	2.06339e-07	
7000.000000	0.0169449 	7000.000000	0.011028  	7000.000000	0.00902286	7000.000000	0.00899364	7000.000000	0.0110278 	7000.000000	1.92565e-07	
7500.000000	0.0177651 	7500.000000	0.0113507 	7500.000000	0.00909041	7500.000000	0.00906124	7500.000000	0.0113506 	7500.000000	1.80565e-07	
8000.000000	0.0186083 	8000.000000	0.0116754 	8000.000000	0.00915492	8000.000000	0.00912574	8000.000000	0.0116752 	8000.000000	1.70014e-07	
8500.000000	0.0194735 	8500.000000	0.0120015 	8500.000000	0.00921637	8500.000000	0.00918731	8500.000000	0.0120014 	8500.000000	1.60663e-07	
9000.000000	0.0203602 	9000.000000	0.0123287 	9000.000000	0.00927496	9000.000000	0.00924613	9000.000000	0.0123286 	9000.000000	1.52315e-07	
9500.000000	0.0212675 	9500.000000	0.0126567 	9500.000000	0.00933109	9500.000000	0.00930238	9500.000000	0.0126566 	9500.000000	1.44817e-07	
10000.000000	0.0221952 	10000.000000	0.0129853 	10000.000000	0.00938497	10000.000000	0.00935624	10000.000000	0.0129852 	10000.000000	1.38043e-07	
11000.000000	0.0241099 	11000.000000	0.0136436 	11000.000000	0.00948608	11000.000000	0.0094574 	11000.000000	0.0136435 	11000.000000	1.26283e-07	
12000.000000	0.0261021 	12000.000000	0.0143026 	12000.000000	0.00957901	12000.000000	0.00955076	12000.000000	0.0143025 	12000.000000	1.1642e-07	
13000.000000	0.0281702 	13000.000000	0.0149617 	13000.000000	0.00966517	13000.000000	0.00963731	13000.000000	0.0149616 	13000.000000	1.08025e-07	
14000.000000	0.0303134 	14000.000000	0.0156204 	14000.000000	0.00974561	14000.000000	0.00971787	14000.000000	0.0156203 	14000.000000	1.00791e-07	
15000.000000	0.0325308 	15000.000000	0.0162785 	15000.000000	0.00982092	15000.000000	0.00979315	15000.000000	0.0162784 	15000.000000	9.44903e-08	
16000.000000	0.0348221 	16000.000000	0.0169358 	16000.000000	0.00989149	16000.000000	0.00986375	16000.000000	0.0169357 	16000.000000	8.8952e-08	
17000.000000	0.037187  	17000.000000	0.0175922 	17000.000000	0.00995774	17000.000000	0.00993016	17000.000000	0.0175921 	17000.000000	8.40442e-08	
18000.000000	0.0396254 	18000.000000	0.0182475 	18000.000000	0.0100201 	18000.000000	0.00999282	18000.000000	0.0182474 	18000.000000	7.96643e-08	
19000.000000	0.0421373 	19000.000000	0.0189018 	19000.000000	0.010079  	19000.000000	0.0100521 	19000.000000	0.0189017 	19000.000000	7.57305e-08	
20000.000000	0.0447227 	20000.000000	0.019555  	20000.000000	0.0101348 	20000.000000	0.0101083 	20000.000000	0.0195549 	20000.000000	7.21776e-08	
21000.000000	0.0473816 	21000.000000	0.0202071 	21000.000000	0.0101878 	21000.000000	0.0101618 	21000.000000	0.020207  	21000.000000	6.89521e-08	
22000.000000	0.0501144 	22000.000000	0.0208581 	22000.000000	0.0102384 	22000.000000	0.0102127 	22000.000000	0.020858  	22000.000000	6.60105e-08	
23000.000000	0.0529211 	23000.000000	0.0215079 	23000.000000	0.0102868 	23000.000000	0.0102613 	23000.000000	0.0215079 	23000.000000	6.33164e-08	
24000.000000	0.055802  	24000.000000	0.0221567 	24000.000000	0.0103331 	24000.000000	0.0103078 	24000.000000	0.0221567 	24000.000000	6.08397e-08	
25000.000000	0.0587573 	25000.000000	0.0228045 	25000.000000	0.0103772 	25000.000000	0.0103523 	25000.000000	0.0228044 	25000.000000	5.85548e-08	
26000.000000	0.0617874 	26000.000000	0.0234512 	26000.000000	0.0104194 	26000.000000	0.010395  	26000.000000	0.0234511 	26000.000000	5.64401e-08	
27000.000000	0.0648924 	27000.000000	0.0240968 	27000.000000	0.01046   	27000.000000	0.010436  	27000.000000	0.0240968 	27000.000000	5.4477e-08	
28000.000000	0.0680727 	28000.000000	0.0247415 	28000.000000	0.010499  	28000.000000	0.0104755 	28000.000000	0.0247414 	28000.000000	5.26497e-08	
29000.000000	0.0713287 	29000.000000	0.0253851 	29000.000000	0.0105365 	29000.000000	0.0105135 	29000.000000	0.0253851 	29000.000000	5.09444e-08	
30000.000000	0.0746606 	30000.000000	0.0260278 	30000.000000	0.0105727 	30000.000000	0.0105502 	30000.000000	0.0260277 	30000.000000	4.93491e-08	
32000.000000	0.0815538 	32000.000000	0.0273103 	32000.000000	0.0106414 	32000.000000	0.0106198 	32000.000000	0.0273103 	32000.000000	4.64484e-08	
34000.000000	0.0887551 	34000.000000	0.0285892 	34000.000000	0.0107056 	34000.000000	0.010685  	34000.000000	0.0285892 	34000.000000	4.38786e-08	
36000.000000	0.0962675 	36000.000000	0.0298647 	36000.000000	0.0107659 	36000.000000	0.0107462 	36000.000000	0.0298646 	36000.000000	4.15854e-08	
38000.000000	0.104094  	38000.000000	0.0311368 	38000.000000	0.0108226 	38000.000000	0.0108039 	38000.000000	0.0311368 	38000.000000	3.95263e-08	
40000.000000	0.112238  	40000.000000	0.0324058 	40000.000000	0.0108761 	40000.000000	0.0108585 	40000.000000	0.0324057 	40000.000000	3.76668e-08	
42000.000000	0.120703  	42000.000000	0.0336717 	42000.000000	0.0109266 	42000.000000	0.0109102 	42000.000000	0.0336717 	42000.000000	3.59789e-08	
44000.000000	0.129492  	44000.000000	0.0349348 	44000.000000	0.0109746 	44000.000000	0.0109594 	44000.000000	0.0349347 	44000.000000	3.44398e-08	
46000.000000	0.138609  	46000.000000	0.036195  	46000.000000	0.0110202 	46000.000000	0.0110062 	46000.000000	0.036195  	46000.000000	3.30304e-08	
48000.000000	0.148056  	48000.000000	0.0374526 	48000.000000	0.0110637 	48000.000000	0.0110509 	48000.000000	0.0374526 	48000.000000	3.17348e-08	
50000.000000	0.157838  	50000.000000	0.0387076 	50000.000000	0.0111052 	50000.000000	0.0110936 	50000.000000	0.0387076 	50000.000000	3.05398e-08	
