*Energy (MeV/u)1	0 - [He-base] F.Hubert et al, AD&ND Tables 46(1990)1	Energy (MeV/u)2	1 - [H -base] J.F.Ziegler et al, Pergamon Press, NY (low energy)	Energy (MeV/u)3	2 - ATIMA 1.2  LS-theory (recommended for high energy)	Energy (MeV/u)4	3 - ATIMA 1.2  without LS-correction	Energy (MeV/u)5	4 - electrical component of [1] - J.F.Ziegler et al	Energy (MeV/u)6	5 - nuclear component of [1] - J.F.Ziegler et al	
0.001000	0.753457  	0.001000	0.115359  	0.001000	0.11343   	0.001000	0.11343   	0.001000	0.0834002 	0.001000	0.0319586 	
0.002000	0.841241  	0.002000	0.146732  	0.002000	0.146432  	0.002000	0.146432  	0.002000	0.115518  	0.002000	0.0312141 	
0.005000	1.0465    	0.005000	0.204007  	0.005000	0.208484  	0.005000	0.208484  	0.005000	0.177698  	0.005000	0.0263091 	
0.008000	1.20294   	0.008000	0.244203  	0.008000	0.253011  	0.008000	0.253011  	0.008000	0.221625  	0.008000	0.0225772 	
0.010000	1.29137   	0.010000	0.266817  	0.010000	0.278318  	0.010000	0.278318  	0.010000	0.246131  	0.010000	0.0206852 	
0.015000	1.51322   	0.015000	0.31505   	0.015000	0.332781  	0.015000	0.332781  	0.015000	0.297804  	0.015000	0.0172465 	
0.020000	1.6911    	0.020000	0.360759  	0.020000	0.384786  	0.020000	0.384786  	0.020000	0.345846  	0.020000	0.014913  	
0.025000	1.89094   	0.025000	0.40626   	0.025000	0.437248  	0.025000	0.437248  	0.025000	0.39305   	0.025000	0.0132102 	
0.030000	2.06064   	0.030000	0.450985  	0.030000	0.476736  	0.030000	0.476736  	0.030000	0.439081  	0.030000	0.0119039 	
0.035000	2.2003    	0.035000	0.493402  	0.035000	0.514099  	0.035000	0.514099  	0.035000	0.482537  	0.035000	0.0108647 	
0.040000	2.31041   	0.040000	0.533569  	0.040000	0.549482  	0.040000	0.549482  	0.040000	0.523554  	0.040000	0.0100151 	
0.045000	2.39156   	0.045000	0.571528  	0.045000	0.582986  	0.045000	0.582986  	0.045000	0.562222  	0.045000	0.00930528	
0.050000	2.44172   	0.050000	0.60708   	0.050000	0.614687  	0.050000	0.614687  	0.050000	0.598378  	0.050000	0.00870201	
0.055000	2.54521   	0.055000	0.639359  	0.055000	0.644654  	0.055000	0.644654  	0.055000	0.631177  	0.055000	0.00818193	
0.060000	2.63245   	0.060000	0.66967   	0.060000	0.672947  	0.060000	0.672947  	0.060000	0.661942  	0.060000	0.00772821	
0.070000	2.76304   	0.070000	0.724661  	0.070000	0.724754  	0.070000	0.724754  	0.070000	0.717688  	0.070000	0.00697293	
0.080000	2.90239   	0.080000	0.772633  	0.080000	0.77059   	0.080000	0.77059   	0.080000	0.766265  	0.080000	0.00636756	
0.090000	3.00623   	0.090000	0.814215  	0.090000	0.810941  	0.090000	0.810941  	0.090000	0.808345  	0.090000	0.00586993	
0.100000	3.08349   	0.100000	0.850055  	0.100000	0.846294  	0.100000	0.846294  	0.100000	0.844602  	0.100000	0.00545262	
0.120000	3.11121   	0.120000	0.90698   	0.120000	0.903848  	0.120000	0.903848  	0.120000	0.902234  	0.120000	0.00474583	
0.140000	3.10778   	0.140000	0.94815   	0.140000	0.946886  	0.140000	0.946886  	0.140000	0.943903  	0.140000	0.0042461 	
0.160000	3.1122    	0.160000	0.980215  	0.160000	0.978425  	0.160000	0.978425  	0.160000	0.976364  	0.160000	0.00385045	
0.180000	3.13054   	0.180000	1.01078   	0.180000	1.00101   	0.180000	1.00101   	0.180000	1.00725   	0.180000	0.00352855	
0.200000	3.14679   	0.200000	1.03223   	0.200000	1.01668   	0.200000	1.01668   	0.200000	1.02897   	0.200000	0.00326098	
0.250000	3.10835   	0.250000	1.06705   	0.250000	1.03535   	0.250000	1.03535   	0.250000	1.0643    	0.250000	0.00275328	
0.300000	3.09557   	0.300000	1.08804   	0.300000	1.03669   	0.300000	1.03669   	0.300000	1.08565   	0.300000	0.00239278	
0.350000	3.07778   	0.350000	1.09831   	0.350000	1.03586   	0.350000	1.03586   	0.350000	1.09618   	0.350000	0.00212226	
0.400000	3.07369   	0.400000	1.10858   	0.400000	1.03114   	0.400000	1.03114   	0.400000	1.10666   	0.400000	0.00191102	
0.450000	3.05209   	0.450000	1.11156   	0.450000	1.02171   	0.450000	1.02171   	0.450000	1.10982   	0.450000	0.00174105	
0.500000	3.0134    	0.500000	1.10683   	0.500000	1.00938   	0.500000	1.00938   	0.500000	1.10523   	0.500000	0.00160106	
0.600000	2.80692   	0.600000	1.08243   	0.600000	0.978927  	0.600000	0.978927  	0.600000	1.08105   	0.600000	0.00138341	
0.700000	2.59067   	0.700000	1.04941   	0.700000	0.948459  	0.700000	0.948459  	0.700000	1.04819   	0.700000	0.00122143	
0.800000	2.46888   	0.800000	1.00915   	0.800000	0.919052  	0.800000	0.919052  	0.800000	1.00805   	0.800000	0.00109577	
0.900000	2.35359   	0.900000	0.970636  	0.900000	0.891007  	0.900000	0.891007  	0.900000	0.969641  	0.900000	0.000995206	
1.000000	2.24586   	1.000000	0.934332  	1.000000	0.864365  	1.000000	0.864365  	1.000000	0.933419  	1.000000	0.000912742	
1.250000	1.99576   	1.250000	0.848747  	1.250000	0.799835  	1.250000	0.799835  	1.250000	0.847988  	1.250000	0.000759093	
1.500000	1.79387   	1.500000	0.778785  	1.500000	0.745178  	1.500000	0.745178  	1.500000	0.778133  	1.500000	0.000652255	
1.750000	1.62899   	1.750000	0.721014  	1.750000	0.69808   	1.750000	0.69808   	1.750000	0.720441  	1.750000	0.000573335	
2.000000	1.48399   	2.000000	0.667986  	2.000000	0.656713  	2.000000	0.656713  	2.000000	0.667473  	2.000000	0.000512477	
2.250000	1.36442   	2.250000	0.622901  	2.250000	0.620025  	2.250000	0.620025  	2.250000	0.622437  	2.250000	0.00046401	
2.500000	1.23866   	2.500000	0.585592  	2.500000	0.58729   	2.500000	0.58729   	2.500000	0.585168  	2.500000	0.000424431	
3.000000	1.09335   	3.000000	0.526219  	3.000000	0.531588  	3.000000	0.531588  	3.000000	0.525855  	3.000000	0.000363531	
3.500000	0.980239  	3.500000	0.48009   	3.500000	0.486095  	3.500000	0.486095  	3.500000	0.479771  	3.500000	0.000318728	
4.000000	0.889588  	4.000000	0.442706  	4.000000	0.448399  	4.000000	0.448399  	4.000000	0.442422  	4.000000	0.000284291	
4.500000	0.815231  	4.500000	0.411598  	4.500000	0.416735  	4.500000	0.416735  	4.500000	0.411341  	4.500000	0.000256941	
5.000000	0.753082  	5.000000	0.385224  	5.000000	0.389795  	5.000000	0.389795  	5.000000	0.38499   	5.000000	0.000234658	
5.500000	0.700321  	5.500000	0.36254   	5.500000	0.366603  	5.500000	0.366603  	5.500000	0.362324  	5.500000	0.000216131	
6.000000	0.654942  	6.000000	0.342796  	6.000000	0.346425  	6.000000	0.346425  	6.000000	0.342596  	6.000000	0.000200467	
6.500000	0.615474  	6.500000	0.325438  	6.500000	0.3287    	6.500000	0.3287    	6.500000	0.325251  	6.500000	0.00018704	
7.000000	0.580816  	7.000000	0.310044  	7.000000	0.312998  	7.000000	0.312998  	7.000000	0.309869  	7.000000	0.000175394	
7.500000	0.550127  	7.500000	0.296287  	7.500000	0.298981  	7.500000	0.298981  	7.500000	0.296122  	7.500000	0.000165191	
8.000000	0.52275   	8.000000	0.28391   	8.000000	0.286382  	8.000000	0.286382  	8.000000	0.283754  	8.000000	0.000156172	
8.500000	0.49817   	8.500000	0.272707  	8.500000	0.274989  	8.500000	0.274989  	8.500000	0.272559  	8.500000	0.00014814	
9.000000	0.475971  	9.000000	0.262512  	9.000000	0.264629  	9.000000	0.264629  	9.000000	0.262371  	9.000000	0.000140938	
9.500000	0.455819  	9.500000	0.253188  	9.500000	0.255162  	9.500000	0.255162  	9.500000	0.253054  	9.500000	0.000134442	
10.000000	0.437438  	10.000000	0.246903  	10.000000	0.246473  	10.000000	0.246473  	10.000000	0.246775  	10.000000	0.00012855	
11.000000	0.405118  	11.000000	0.233477  	11.000000	0.231839  	11.000000	0.231951  	11.000000	0.233359  	11.000000	0.000118266	
12.000000	0.377601  	12.000000	0.221343  	12.000000	0.219141  	12.000000	0.219323  	12.000000	0.221233  	12.000000	0.000109585	
13.000000	0.353873  	13.000000	0.210379  	13.000000	0.207992  	13.000000	0.208216  	13.000000	0.210277  	13.000000	0.000102152	
14.000000	0.333193  	14.000000	0.200454  	14.000000	0.198104  	14.000000	0.198354  	14.000000	0.200359  	14.000000	9.57122e-05	
15.000000	0.314999  	15.000000	0.191446  	15.000000	0.189262  	15.000000	0.189526  	15.000000	0.191356  	15.000000	9.0076e-05	
16.000000	0.298862  	16.000000	0.183245  	16.000000	0.181299  	16.000000	0.181566  	16.000000	0.183159  	16.000000	8.50993e-05	
17.000000	0.284447  	17.000000	0.175752  	17.000000	0.174083  	17.000000	0.174344  	17.000000	0.175672  	17.000000	8.06707e-05	
18.000000	0.271487  	18.000000	0.168886  	18.000000	0.167504  	18.000000	0.167756  	18.000000	0.168809  	18.000000	7.67031e-05	
19.000000	0.259769  	19.000000	0.162573  	19.000000	0.161471  	19.000000	0.161715  	19.000000	0.162499  	19.000000	7.31268e-05	
20.000000	0.24912   	20.000000	0.15675   	20.000000	0.155884  	20.000000	0.156124  	20.000000	0.15668   	20.000000	6.98856e-05	
21.000000	0.239397  	21.000000	0.151365  	21.000000	0.150746  	21.000000	0.15098   	21.000000	0.151298  	21.000000	6.69339e-05	
22.000000	0.230483  	22.000000	0.146369  	22.000000	0.145988  	22.000000	0.146205  	22.000000	0.146305  	22.000000	6.42337e-05	
23.000000	0.22228   	23.000000	0.141724  	23.000000	0.141564  	23.000000	0.141759  	23.000000	0.141662  	23.000000	6.17538e-05	
24.000000	0.214703  	24.000000	0.137393  	24.000000	0.137429  	24.000000	0.137606  	24.000000	0.137334  	24.000000	5.94678e-05	
25.000000	0.207683  	25.000000	0.133346  	25.000000	0.133552  	25.000000	0.133717  	25.000000	0.133289  	25.000000	5.73535e-05	
27.000000	0.19508   	27.000000	0.125999  	27.000000	0.126489  	27.000000	0.126624  	27.000000	0.125946  	27.000000	5.35665e-05	
29.000000	0.184083  	29.000000	0.119504  	29.000000	0.12021   	29.000000	0.120312  	29.000000	0.119454  	29.000000	5.02712e-05	
31.000000	0.174397  	31.000000	0.11372   	31.000000	0.114502  	31.000000	0.114564  	31.000000	0.113673  	31.000000	4.73761e-05	
33.000000	0.165798  	33.000000	0.108537  	33.000000	0.10931   	33.000000	0.109334  	33.000000	0.108492  	33.000000	4.48116e-05	
35.000000	0.158108  	35.000000	0.103864  	35.000000	0.104625  	35.000000	0.104633  	35.000000	0.103821  	35.000000	4.25231e-05	
38.000000	0.147984  	38.000000	0.0976574 	38.000000	0.0984334 	38.000000	0.0984047 	38.000000	0.0976179 	38.000000	3.95163e-05	
41.000000	0.139236  	41.000000	0.0922478 	41.000000	0.093037  	41.000000	0.092986  	41.000000	0.0922109 	41.000000	3.69249e-05	
44.000000	0.131598  	44.000000	0.0874898 	44.000000	0.0882875 	44.000000	0.0882248 	44.000000	0.0874551 	44.000000	3.46671e-05	
47.000000	0.124867  	47.000000	0.0832711 	47.000000	0.0840801 	47.000000	0.0840053 	47.000000	0.0832384 	47.000000	3.26815e-05	
50.000000	0.118887  	50.000000	0.0795041 	50.000000	0.0803199 	50.000000	0.0802378 	50.000000	0.0794732 	50.000000	3.0921e-05	
55.000000	0.110274  	55.000000	0.0740471 	55.000000	0.0748868 	55.000000	0.0747776 	55.000000	0.0740187 	55.000000	2.83905e-05	
60.000000	0.103001  	60.000000	0.0694128 	60.000000	0.0702519 	60.000000	0.0701363 	60.000000	0.0693866 	60.000000	2.62594e-05	
65.000000	0.0967717 	65.000000	0.0654266 	65.000000	0.0662516 	65.000000	0.066139  	65.000000	0.0654022 	65.000000	2.44388e-05	
70.000000	0.0913733 	70.000000	0.0619602 	70.000000	0.0627779 	70.000000	0.0626579 	70.000000	0.0619373 	70.000000	2.28645e-05	
75.000000	0.0866464 	75.000000	0.0589171 	75.000000	0.0597222 	75.000000	0.0595974 	75.000000	0.0588956 	75.000000	2.14892e-05	
80.000000	0.0824707 	80.000000	0.0562235 	80.000000	0.057013  	80.000000	0.0568843 	80.000000	0.0562032 	80.000000	2.02767e-05	
85.000000	0.0787531 	85.000000	0.0538219 	85.000000	0.0545936 	85.000000	0.0544618 	85.000000	0.0538027 	85.000000	1.91994e-05	
90.000000	0.0754206 	90.000000	0.0516668 	90.000000	0.0524103 	90.000000	0.0522849 	90.000000	0.0516486 	90.000000	1.82356e-05	
95.000000	0.0724149 	95.000000	0.0497218 	95.000000	0.0504456 	95.000000	0.0503174 	95.000000	0.0497044 	95.000000	1.7368e-05	
100.000000	0.0696892 	100.000000	0.0479573 	100.000000	0.0486605 	100.000000	0.0485302 	100.000000	0.0479407 	100.000000	1.65826e-05	
105.000000	0.0672052 	105.000000	0.0463491 	105.000000	0.0470319 	105.000000	0.0468993 	105.000000	0.0463332 	105.000000	1.58682e-05	
110.000000	0.0649314 	110.000000	0.0448771 	110.000000	0.0455326 	110.000000	0.0454048 	110.000000	0.0448619 	110.000000	1.52154e-05	
115.000000	0.0628416 	115.000000	0.0435246 	115.000000	0.0441567 	115.000000	0.04403   	115.000000	0.0435099 	115.000000	1.46164e-05	
120.000000	0.0609138 	120.000000	0.0422774 	120.000000	0.0428906 	120.000000	0.0427611 	120.000000	0.0422634 	120.000000	1.40648e-05	
125.000000	0.0591293 	125.000000	0.0411237 	125.000000	0.0417149 	125.000000	0.0415861 	125.000000	0.0411102 	125.000000	1.35551e-05	
130.000000	0.0574724 	130.000000	0.0400533 	130.000000	0.0406194 	130.000000	0.0404949 	130.000000	0.0400402 	130.000000	1.30826e-05	
135.000000	0.0559295 	135.000000	0.0390573 	135.000000	0.0396034 	135.000000	0.0394788 	135.000000	0.0390447 	135.000000	1.26433e-05	
140.000000	0.054489  	140.000000	0.0381283 	140.000000	0.038657  	140.000000	0.0385303 	140.000000	0.038116  	140.000000	1.22338e-05	
145.000000	0.0531407 	145.000000	0.0372596 	145.000000	0.0377688 	145.000000	0.0376428 	145.000000	0.0372478 	145.000000	1.18511e-05	
150.000000	0.0518758 	150.000000	0.0364456 	150.000000	0.0369327 	150.000000	0.0368105 	150.000000	0.0364341 	150.000000	1.14927e-05	
155.000000	0.0500948 	155.000000	0.0356811 	155.000000	0.0361506 	155.000000	0.0360285 	155.000000	0.03567   	155.000000	1.11562e-05	
160.000000	0.0490509 	160.000000	0.0349619 	160.000000	0.0354146 	160.000000	0.0352923 	160.000000	0.0349511 	160.000000	1.08397e-05	
165.000000	0.0480665 	165.000000	0.034284  	165.000000	0.034717  	165.000000	0.034598  	165.000000	0.0342734 	165.000000	1.05414e-05	
170.000000	0.0471366 	170.000000	0.0336438 	170.000000	0.0340597 	170.000000	0.0339421 	170.000000	0.0336336 	170.000000	1.02598e-05	
175.000000	0.0462567 	175.000000	0.0330384 	175.000000	0.0334404 	175.000000	0.0333216 	175.000000	0.0330284 	175.000000	9.99345e-06	
180.000000	0.0454228 	180.000000	0.032465  	180.000000	0.0328536 	180.000000	0.0327336 	180.000000	0.0324553 	180.000000	9.74119e-06	
185.000000	0.0446314 	185.000000	0.0319211 	185.000000	0.0322948 	185.000000	0.0321757 	185.000000	0.0319116 	185.000000	9.50189e-06	
190.000000	0.0438793 	190.000000	0.0314044 	190.000000	0.031762  	190.000000	0.0316457 	190.000000	0.0313952 	190.000000	9.27456e-06	
195.000000	0.0431635 	195.000000	0.0309131 	195.000000	0.0312567 	195.000000	0.0311414 	195.000000	0.030904  	195.000000	9.05832e-06	
200.000000	0.0424815 	200.000000	0.0304452 	200.000000	0.0307772 	200.000000	0.0306611 	200.000000	0.0304364 	200.000000	8.85235e-06	
210.000000	0.0412096 	210.000000	0.0295734 	210.000000	0.0298786 	210.000000	0.029766  	210.000000	0.029565  	210.000000	8.46843e-06	
220.000000	0.0400472 	220.000000	0.0287777 	220.000000	0.0290614 	220.000000	0.0289488 	220.000000	0.0287696 	220.000000	8.11773e-06	
230.000000	0.0389805 	230.000000	0.0280485 	230.000000	0.0283096 	230.000000	0.0281998 	230.000000	0.0280407 	230.000000	7.79607e-06	
240.000000	0.0379982 	240.000000	0.0273779 	240.000000	0.0276197 	240.000000	0.027511  	240.000000	0.0273704 	240.000000	7.49994e-06	
250.000000	0.0370905 	250.000000	0.0267592 	250.000000	0.0269856 	250.000000	0.0268754 	250.000000	0.0267519 	250.000000	7.22638e-06	
260.000000	0.0362493 	260.000000	0.0261865 	260.000000	0.0263958 	260.000000	0.0262873 	260.000000	0.0261795 	260.000000	6.97286e-06	
270.000000	0.0354675 	270.000000	0.025655  	270.000000	0.0258479 	270.000000	0.0257417 	270.000000	0.0256483 	270.000000	6.73724e-06	
280.000000	0.0347389 	280.000000	0.0251605 	280.000000	0.0253408 	280.000000	0.0252341 	280.000000	0.025154  	280.000000	6.51765e-06	
290.000000	0.0340585 	290.000000	0.0246992 	290.000000	0.0248651 	290.000000	0.0247608 	290.000000	0.0246929 	290.000000	6.31249e-06	
300.000000	0.0334215 	300.000000	0.024268  	300.000000	0.0244221 	300.000000	0.0243186 	300.000000	0.0242619 	300.000000	6.12037e-06	
310.000000	0.0328239 	310.000000	0.0238641 	310.000000	0.0240081 	310.000000	0.0239045 	310.000000	0.0238582 	310.000000	5.94006e-06	
320.000000	0.0322623 	320.000000	0.023485  	320.000000	0.0236173 	320.000000	0.0235161 	320.000000	0.0234792 	320.000000	5.77049e-06	
330.000000	0.0317334 	330.000000	0.0231285 	330.000000	0.023252  	330.000000	0.0231512 	330.000000	0.0231229 	330.000000	5.61073e-06	
340.000000	0.0312346 	340.000000	0.0227928 	340.000000	0.0229085 	340.000000	0.0228076 	340.000000	0.0227873 	340.000000	5.45992e-06	
350.000000	0.0307635 	350.000000	0.022476  	350.000000	0.0225827 	350.000000	0.0224837 	350.000000	0.0224707 	350.000000	5.31733e-06	
360.000000	0.0303177 	360.000000	0.0221767 	360.000000	0.022276  	360.000000	0.0221779 	360.000000	0.0221716 	360.000000	5.18229e-06	
370.000000	0.0298953 	370.000000	0.0218936 	370.000000	0.0219874 	370.000000	0.0218888 	370.000000	0.0218885 	370.000000	5.05422e-06	
380.000000	0.0294947 	380.000000	0.0216253 	380.000000	0.0217125 	380.000000	0.0216152 	380.000000	0.0216204 	380.000000	4.93258e-06	
390.000000	0.0291141 	390.000000	0.0213708 	390.000000	0.0214515 	390.000000	0.0213558 	390.000000	0.021366  	390.000000	4.81688e-06	
400.000000	0.0287522 	400.000000	0.0211291 	400.000000	0.0212053 	400.000000	0.0211096 	400.000000	0.0211244 	400.000000	4.70671e-06	
410.000000	0.0284077 	410.000000	0.0208993 	410.000000	0.0209717 	410.000000	0.0208757 	410.000000	0.0208947 	410.000000	4.60166e-06	
420.000000	0.0280793 	420.000000	0.0206806 	420.000000	0.0207481 	420.000000	0.0206533 	420.000000	0.0206761 	420.000000	4.50138e-06	
430.000000	0.027766  	430.000000	0.0204721 	430.000000	0.020535  	430.000000	0.0204416 	430.000000	0.0204677 	430.000000	4.40556e-06	
440.000000	0.0274669 	440.000000	0.0202733 	440.000000	0.0203332 	440.000000	0.0202398 	440.000000	0.020269  	440.000000	4.31389e-06	
450.000000	0.027181  	450.000000	0.0200836 	450.000000	0.0201411 	450.000000	0.0200474 	450.000000	0.0200793 	450.000000	4.22611e-06	
460.000000	0.0269075 	460.000000	0.0199022 	460.000000	0.0199567 	460.000000	0.0198637 	460.000000	0.0198981 	460.000000	4.14197e-06	
470.000000	0.0266456 	470.000000	0.0197288 	470.000000	0.0197799 	470.000000	0.0196882 	470.000000	0.0197248 	470.000000	4.06125e-06	
480.000000	0.0263947 	480.000000	0.0195629 	480.000000	0.0196115 	480.000000	0.0195205 	480.000000	0.0195589 	480.000000	3.98375e-06	
490.000000	0.0261542 	490.000000	0.0194039 	490.000000	0.0194512 	490.000000	0.0193599 	490.000000	0.0194    	490.000000	3.90926e-06	
500.000000	0.0259234 	500.000000	0.0192516 	500.000000	0.0192976 	500.000000	0.0192062 	500.000000	0.0192477 	500.000000	3.83761e-06	
520.000000	0.0254888 	520.000000	0.0189652 	520.000000	0.0190072 	520.000000	0.0189177 	520.000000	0.0189615 	520.000000	3.70222e-06	
540.000000	0.0250872 	540.000000	0.0187011 	540.000000	0.0187411 	540.000000	0.0186521 	540.000000	0.0186975 	540.000000	3.57642e-06	
560.000000	0.0247152 	560.000000	0.0184569 	560.000000	0.018496  	560.000000	0.018407  	560.000000	0.0184535 	560.000000	3.4592e-06	
580.000000	0.0243698 	580.000000	0.0182307 	580.000000	0.0182677 	580.000000	0.0181804 	580.000000	0.0182274 	580.000000	3.34971e-06	
600.000000	0.0240486 	600.000000	0.0180207 	600.000000	0.0180573 	600.000000	0.0179703 	600.000000	0.0180174 	600.000000	3.2472e-06	
620.000000	0.0237493 	620.000000	0.0178253 	620.000000	0.0178625 	620.000000	0.0177754 	620.000000	0.0178222 	620.000000	3.15102e-06	
640.000000	0.02347   	640.000000	0.0176433 	640.000000	0.01768   	640.000000	0.017594  	640.000000	0.0176402 	640.000000	3.06058e-06	
660.000000	0.0232089 	660.000000	0.0174734 	660.000000	0.01751   	660.000000	0.0174251 	660.000000	0.0174704 	660.000000	2.97538e-06	
680.000000	0.0229645 	680.000000	0.0173147 	680.000000	0.0173526 	680.000000	0.0172675 	680.000000	0.0173118 	680.000000	2.89498e-06	
700.000000	0.0227356 	700.000000	0.0171661 	700.000000	0.0172052 	700.000000	0.0171202 	700.000000	0.0171633 	700.000000	2.81897e-06	
720.000000	0.0225207 	720.000000	0.017027  	720.000000	0.0170664 	720.000000	0.0169824 	720.000000	0.0170242 	720.000000	2.747e-06 	
740.000000	0.022319  	740.000000	0.0168964 	740.000000	0.0169365 	740.000000	0.0168534 	740.000000	0.0168938 	740.000000	2.67875e-06	
760.000000	0.0221293 	760.000000	0.0167739 	760.000000	0.0168155 	760.000000	0.0167324 	760.000000	0.0167712 	760.000000	2.61393e-06	
780.000000	0.0219508 	780.000000	0.0166587 	780.000000	0.0167021 	780.000000	0.0166187 	780.000000	0.0166561 	780.000000	2.5523e-06	
800.000000	0.0217828 	800.000000	0.0165503 	800.000000	0.0165947 	800.000000	0.0165119 	800.000000	0.0165478 	800.000000	2.49362e-06	
820.000000	0.0216245 	820.000000	0.0164483 	820.000000	0.0164934 	820.000000	0.0164115 	820.000000	0.0164458 	820.000000	2.43767e-06	
840.000000	0.0214752 	840.000000	0.0163522 	840.000000	0.0163982 	840.000000	0.0163169 	840.000000	0.0163498 	840.000000	2.38428e-06	
860.000000	0.0213343 	860.000000	0.0162616 	860.000000	0.0163092 	860.000000	0.0162278 	860.000000	0.0162592 	860.000000	2.33326e-06	
880.000000	0.0212014 	880.000000	0.0161761 	880.000000	0.0162253 	880.000000	0.0161438 	880.000000	0.0161738 	880.000000	2.28446e-06	
900.000000	0.0210758 	900.000000	0.0160954 	900.000000	0.0161458 	900.000000	0.0160644 	900.000000	0.0160932 	900.000000	2.23773e-06	
920.000000	0.0209572 	920.000000	0.0160192 	920.000000	0.0160703 	920.000000	0.0159895 	920.000000	0.0160171 	920.000000	2.19296e-06	
940.000000	0.0208452 	940.000000	0.0159473 	940.000000	0.0159988 	940.000000	0.0159188 	940.000000	0.0159452 	940.000000	2.15e-06  	
960.000000	0.0207393 	960.000000	0.0158793 	960.000000	0.0159314 	960.000000	0.0158518 	960.000000	0.0158772 	960.000000	2.10876e-06	
980.000000	0.0206392 	980.000000	0.0158151 	980.000000	0.0158681 	980.000000	0.0157885 	980.000000	0.015813  	980.000000	2.06913e-06	
1000.000000	0.0205445 	1000.000000	0.0157543 	1000.000000	0.0158083 	1000.000000	0.0157286 	1000.000000	0.0157523 	1000.000000	2.03102e-06	
1020.000000	0.020455  	1020.000000	0.0156968 	1020.000000	0.0157516 	1020.000000	0.0156718 	1020.000000	0.0156949 	1020.000000	1.99434e-06	
1040.000000	0.0203704 	1040.000000	0.0156425 	1040.000000	0.0156976 	1040.000000	0.015618  	1040.000000	0.0156406 	1040.000000	1.95901e-06	
1060.000000	0.0202905 	1060.000000	0.0155911 	1060.000000	0.0156461 	1060.000000	0.015567  	1060.000000	0.0155892 	1060.000000	1.92495e-06	
1080.000000	0.0202149 	1080.000000	0.0155425 	1080.000000	0.0155972 	1080.000000	0.0155187 	1080.000000	0.0155406 	1080.000000	1.89211e-06	
1100.000000	0.0201435 	1100.000000	0.0154966 	1100.000000	0.0155509 	1100.000000	0.0154728 	1100.000000	0.0154947 	1100.000000	1.86041e-06	
1120.000000	0.020076  	1120.000000	0.0154531 	1120.000000	0.015508  	1120.000000	0.01543   	1120.000000	0.0154513 	1120.000000	1.82979e-06	
1140.000000	0.0200123 	1140.000000	0.015412  	1140.000000	0.0154675 	1140.000000	0.0153896 	1140.000000	0.0154102 	1140.000000	1.8002e-06	
1160.000000	0.0199521 	1160.000000	0.0153732 	1160.000000	0.0154293 	1160.000000	0.0153512 	1160.000000	0.0153714 	1160.000000	1.77159e-06	
1180.000000	0.0198954 	1180.000000	0.0153365 	1180.000000	0.015393  	1180.000000	0.0153148 	1180.000000	0.0153347 	1180.000000	1.74391e-06	
1200.000000	0.0198419 	1200.000000	0.0153018 	1200.000000	0.0153585 	1200.000000	0.0152803 	1200.000000	0.0153001 	1200.000000	1.71711e-06	
1220.000000	0.0197915 	1220.000000	0.0152691 	1220.000000	0.0153255 	1220.000000	0.0152475 	1220.000000	0.0152674 	1220.000000	1.69116e-06	
1240.000000	0.0197441 	1240.000000	0.0152382 	1240.000000	0.0152941 	1240.000000	0.0152165 	1240.000000	0.0152365 	1240.000000	1.666e-06 	
1260.000000	0.0196995 	1260.000000	0.0152091 	1260.000000	0.0152642 	1260.000000	0.015187  	1260.000000	0.0152074 	1260.000000	1.64161e-06	
1280.000000	0.0196575 	1280.000000	0.0151816 	1280.000000	0.0152359 	1280.000000	0.015159  	1280.000000	0.01518   	1280.000000	1.61795e-06	
1300.000000	0.0196182 	1300.000000	0.0151558 	1300.000000	0.015209  	1300.000000	0.0151325 	1300.000000	0.0151542 	1300.000000	1.59499e-06	
1320.000000	0.0195814 	1320.000000	0.0151314 	1320.000000	0.0151837 	1320.000000	0.0151073 	1320.000000	0.0151299 	1320.000000	1.5727e-06	
1340.000000	0.0195469 	1340.000000	0.0151086 	1340.000000	0.0151598 	1340.000000	0.0150834 	1340.000000	0.015107  	1340.000000	1.55104e-06	
1360.000000	0.0195147 	1360.000000	0.0150871 	1360.000000	0.0151372 	1360.000000	0.0150607 	1360.000000	0.0150856 	1360.000000	1.53e-06  	
1380.000000	0.0194847 	1380.000000	0.015067  	1380.000000	0.0151158 	1380.000000	0.0150393 	1380.000000	0.0150655 	1380.000000	1.50954e-06	
1400.000000	0.0194567 	1400.000000	0.0150481 	1400.000000	0.0150955 	1400.000000	0.0150189 	1400.000000	0.0150467 	1400.000000	1.48963e-06	
1420.000000	0.0194308 	1420.000000	0.0150305 	1420.000000	0.0150762 	1420.000000	0.0149996 	1420.000000	0.0150291 	1420.000000	1.47027e-06	
1440.000000	0.0194069 	1440.000000	0.0150141 	1440.000000	0.0150579 	1440.000000	0.0149813 	1440.000000	0.0150126 	1440.000000	1.45142e-06	
1460.000000	0.0193848 	1460.000000	0.0149988 	1460.000000	0.0150405 	1460.000000	0.014964  	1460.000000	0.0149974 	1460.000000	1.43307e-06	
1480.000000	0.0193645 	1480.000000	0.0149846 	1480.000000	0.0150239 	1480.000000	0.0149477 	1480.000000	0.0149832 	1480.000000	1.41519e-06	
1500.000000	0.0193459 	1500.000000	0.0149714 	1500.000000	0.0150082 	1500.000000	0.0149322 	1500.000000	0.01497   	1500.000000	1.39777e-06	
1520.000000	0.019329  	1520.000000	0.0149592 	1520.000000	0.0149933 	1520.000000	0.0149175 	1520.000000	0.0149579 	1520.000000	1.38079e-06	
1540.000000	0.0193137 	1540.000000	0.014948  	1540.000000	0.0149792 	1540.000000	0.0149037 	1540.000000	0.0149467 	1540.000000	1.36423e-06	
1560.000000	0.0192999 	1560.000000	0.0149378 	1560.000000	0.0149659 	1560.000000	0.0148906 	1560.000000	0.0149364 	1560.000000	1.34808e-06	
1580.000000	0.0192876 	1580.000000	0.0149284 	1580.000000	0.0149534 	1580.000000	0.0148783 	1580.000000	0.014927  	1580.000000	1.33232e-06	
1600.000000	0.0192768 	1600.000000	0.0149198 	1600.000000	0.0149416 	1600.000000	0.0148667 	1600.000000	0.0149185 	1600.000000	1.31694e-06	
1620.000000	0.0192674 	1620.000000	0.0149122 	1620.000000	0.0149306 	1620.000000	0.0148558 	1620.000000	0.0149108 	1620.000000	1.30192e-06	
1640.000000	0.0192593 	1640.000000	0.0149053 	1640.000000	0.0149204 	1640.000000	0.0148455 	1640.000000	0.014904  	1640.000000	1.28726e-06	
1660.000000	0.0192525 	1660.000000	0.0148991 	1660.000000	0.0149107 	1660.000000	0.0148358 	1660.000000	0.0148979 	1660.000000	1.27293e-06	
1680.000000	0.019247  	1680.000000	0.0148937 	1680.000000	0.0149017 	1680.000000	0.0148268 	1680.000000	0.0148925 	1680.000000	1.25893e-06	
1700.000000	0.0192427 	1700.000000	0.0148891 	1700.000000	0.0148933 	1700.000000	0.0148183 	1700.000000	0.0148878 	1700.000000	1.24525e-06	
1750.000000	0.019237  	1750.000000	0.0148804 	1750.000000	0.0148745 	1750.000000	0.0147994 	1750.000000	0.0148792 	1750.000000	1.21235e-06	
1800.000000	0.0192382 	1800.000000	0.0148756 	1800.000000	0.0148586 	1800.000000	0.0147836 	1800.000000	0.0148745 	1800.000000	1.18121e-06	
1850.000000	0.0192456 	1850.000000	0.0148746 	1850.000000	0.0148454 	1850.000000	0.0147706 	1850.000000	0.0148734 	1850.000000	1.15168e-06	
1900.000000	0.019259  	1900.000000	0.0148769 	1900.000000	0.0148346 	1900.000000	0.0147602 	1900.000000	0.0148757 	1900.000000	1.12365e-06	
1950.000000	0.0192778 	1950.000000	0.0148823 	1950.000000	0.014826  	1950.000000	0.014752  	1950.000000	0.0148812 	1950.000000	1.09699e-06	
2000.000000	0.0193017 	2000.000000	0.0148905 	2000.000000	0.0148196 	2000.000000	0.0147459 	2000.000000	0.0148895 	2000.000000	1.07161e-06	
2100.000000	0.0193635 	2100.000000	0.0149149 	2100.000000	0.0148126 	2100.000000	0.0147393 	2100.000000	0.0149139 	2100.000000	1.02435e-06	
2200.000000	0.0194421 	2200.000000	0.0149485 	2200.000000	0.0148123 	2200.000000	0.0147389 	2200.000000	0.0149475 	2200.000000	9.81209e-07	
2300.000000	0.0195355 	2300.000000	0.0149901 	2300.000000	0.0148172 	2300.000000	0.0147438 	2300.000000	0.0149891 	2300.000000	9.41676e-07	
2400.000000	0.0196421 	2400.000000	0.0150387 	2400.000000	0.0148265 	2400.000000	0.014753  	2400.000000	0.0150378 	2400.000000	9.0531e-07	
2500.000000	0.0197606 	2500.000000	0.0150935 	2500.000000	0.0148392 	2500.000000	0.014766  	2500.000000	0.0150927 	2500.000000	8.71741e-07	
2600.000000	0.0198897 	2600.000000	0.0151538 	2600.000000	0.0148549 	2600.000000	0.0147819 	2600.000000	0.015153  	2600.000000	8.40655e-07	
2700.000000	0.0200285 	2700.000000	0.0152189 	2700.000000	0.0148732 	2700.000000	0.0148005 	2700.000000	0.0152181 	2700.000000	8.11782e-07	
2800.000000	0.0201761 	2800.000000	0.0152883 	2800.000000	0.0148936 	2800.000000	0.0148212 	2800.000000	0.0152875 	2800.000000	7.84893e-07	
2900.000000	0.0203318 	2900.000000	0.0153616 	2900.000000	0.0149158 	2900.000000	0.0148437 	2900.000000	0.0153608 	2900.000000	7.59786e-07	
3000.000000	0.0204948 	3000.000000	0.0154384 	3000.000000	0.0149396 	3000.000000	0.0148678 	3000.000000	0.0154376 	3000.000000	7.3629e-07	
3200.000000	0.020841  	3200.000000	0.0156009 	3200.000000	0.0149907 	3200.000000	0.0149195 	3200.000000	0.0156003 	3200.000000	6.93537e-07	
3400.000000	0.0212108 	3400.000000	0.0157738 	3400.000000	0.0150455 	3400.000000	0.0149746 	3400.000000	0.0157731 	3400.000000	6.55627e-07	
3600.000000	0.0216012 	3600.000000	0.0159552 	3600.000000	0.0151028 	3600.000000	0.0150322 	3600.000000	0.0159545 	3600.000000	6.21773e-07	
3800.000000	0.0220099 	3800.000000	0.0161436 	3800.000000	0.0151617 	3800.000000	0.0150911 	3800.000000	0.016143  	3800.000000	5.91352e-07	
4000.000000	0.0224349 	4000.000000	0.0163381 	4000.000000	0.0152216 	4000.000000	0.015151  	4000.000000	0.0163375 	4000.000000	5.6386e-07	
4200.000000	0.0228747 	4200.000000	0.0165376 	4200.000000	0.0152818 	4200.000000	0.0152112 	4200.000000	0.016537  	4200.000000	5.3889e-07	
4400.000000	0.023328  	4400.000000	0.0167415 	4400.000000	0.015342  	4400.000000	0.0152713 	4400.000000	0.0167409 	4400.000000	5.16107e-07	
4600.000000	0.0237938 	4600.000000	0.0169491 	4600.000000	0.0154019 	4600.000000	0.0153312 	4600.000000	0.0169486 	4600.000000	4.95232e-07	
4800.000000	0.024271  	4800.000000	0.0171599 	4800.000000	0.0154614 	4800.000000	0.0153906 	4800.000000	0.0171594 	4800.000000	4.76033e-07	
5000.000000	0.024759  	5000.000000	0.0173735 	5000.000000	0.0155201 	5000.000000	0.0154494 	5000.000000	0.017373  	5000.000000	4.58313e-07	
5250.000000	0.0253831 	5250.000000	0.0176439 	5250.000000	0.0155925 	5250.000000	0.0155218 	5250.000000	0.0176435 	5250.000000	4.37993e-07	
5500.000000	0.026022  	5500.000000	0.0179176 	5500.000000	0.0156635 	5500.000000	0.0155929 	5500.000000	0.0179171 	5500.000000	4.19454e-07	
6000.000000	0.0273407 	6000.000000	0.0184727 	6000.000000	0.0158012 	6000.000000	0.0157308 	6000.000000	0.0184723 	6000.000000	3.86847e-07	
6500.000000	0.0287094 	6500.000000	0.019036  	6500.000000	0.015933  	6500.000000	0.0158627 	6500.000000	0.0190356 	6500.000000	3.59083e-07	
7000.000000	0.0301243 	7000.000000	0.0196053 	7000.000000	0.0160588 	7000.000000	0.0159887 	7000.000000	0.0196049 	7000.000000	3.35148e-07	
7500.000000	0.0315823 	7500.000000	0.0201791 	7500.000000	0.0161789 	7500.000000	0.0161089 	7500.000000	0.0201788 	7500.000000	3.14294e-07	
8000.000000	0.0330814 	8000.000000	0.0207563 	8000.000000	0.0162936 	8000.000000	0.0162235 	8000.000000	0.020756  	8000.000000	2.95957e-07	
8500.000000	0.0346196 	8500.000000	0.021336  	8500.000000	0.0164027 	8500.000000	0.016333  	8500.000000	0.0213358 	8500.000000	2.79702e-07	
9000.000000	0.0361958 	9000.000000	0.0219177 	9000.000000	0.0165066 	9000.000000	0.0164376 	9000.000000	0.0219175 	9000.000000	2.65191e-07	
9500.000000	0.0378089 	9500.000000	0.0225009 	9500.000000	0.0166059 	9500.000000	0.0165376 	9500.000000	0.0225006 	9500.000000	2.52155e-07	
10000.000000	0.0394581 	10000.000000	0.023085  	10000.000000	0.0167013 	10000.000000	0.0166333 	10000.000000	0.0230848 	10000.000000	2.40378e-07	
11000.000000	0.0428621 	11000.000000	0.0242553 	11000.000000	0.0168812 	11000.000000	0.0168132 	11000.000000	0.0242551 	11000.000000	2.19928e-07	
12000.000000	0.0464037 	12000.000000	0.0254269 	12000.000000	0.0170475 	12000.000000	0.0169791 	12000.000000	0.0254267 	12000.000000	2.02774e-07	
13000.000000	0.0500804 	13000.000000	0.0265986 	13000.000000	0.0172013 	13000.000000	0.017133  	13000.000000	0.0265984 	13000.000000	1.88173e-07	
14000.000000	0.0538904 	14000.000000	0.0277696 	14000.000000	0.0173438 	14000.000000	0.0172762 	14000.000000	0.0277695 	14000.000000	1.75589e-07	
15000.000000	0.0578325 	15000.000000	0.0289396 	15000.000000	0.0174765 	15000.000000	0.01741   	15000.000000	0.0289394 	15000.000000	1.64628e-07	
16000.000000	0.0619059 	16000.000000	0.0301081 	16000.000000	0.017601  	16000.000000	0.0175355 	16000.000000	0.0301079 	16000.000000	1.54991e-07	
17000.000000	0.0661102 	17000.000000	0.0312749 	17000.000000	0.0177183 	17000.000000	0.0176536 	17000.000000	0.0312748 	17000.000000	1.46452e-07	
18000.000000	0.0704452 	18000.000000	0.03244   	18000.000000	0.0178294 	18000.000000	0.017765  	18000.000000	0.0324399 	18000.000000	1.3883e-07	
19000.000000	0.0749107 	19000.000000	0.0336032 	19000.000000	0.0179347 	19000.000000	0.0178704 	19000.000000	0.033603  	19000.000000	1.31983e-07	
20000.000000	0.0795069 	20000.000000	0.0347644 	20000.000000	0.0180348 	20000.000000	0.0179704 	20000.000000	0.0347643 	20000.000000	1.25799e-07	
21000.000000	0.084234  	21000.000000	0.0359237 	21000.000000	0.0181297 	21000.000000	0.0180654 	21000.000000	0.0359235 	21000.000000	1.20185e-07	
22000.000000	0.0890923 	22000.000000	0.037081  	22000.000000	0.018219  	22000.000000	0.0181559 	22000.000000	0.0370809 	22000.000000	1.15064e-07	
23000.000000	0.094082  	23000.000000	0.0382363 	23000.000000	0.018305  	23000.000000	0.0182423 	23000.000000	0.0382362 	23000.000000	1.10375e-07	
24000.000000	0.0992036 	24000.000000	0.0393898 	24000.000000	0.0183875 	24000.000000	0.0183249 	24000.000000	0.0393897 	24000.000000	1.06063e-07	
25000.000000	0.104457  	25000.000000	0.0405413 	25000.000000	0.018466  	25000.000000	0.0184041 	25000.000000	0.0405412 	25000.000000	1.02084e-07	
26000.000000	0.109844  	26000.000000	0.041691  	26000.000000	0.0185411 	26000.000000	0.01848   	26000.000000	0.0416909 	26000.000000	9.84024e-08	
27000.000000	0.115364  	27000.000000	0.0428388 	27000.000000	0.0186133 	27000.000000	0.0185529 	27000.000000	0.0428387 	27000.000000	9.49841e-08	
28000.000000	0.121018  	28000.000000	0.0439848 	28000.000000	0.0186828 	28000.000000	0.0186231 	28000.000000	0.0439847 	28000.000000	9.18021e-08	
29000.000000	0.126807  	29000.000000	0.0451291 	29000.000000	0.0187496 	29000.000000	0.0186907 	29000.000000	0.045129  	29000.000000	8.88324e-08	
30000.000000	0.13273   	30000.000000	0.0462716 	30000.000000	0.0188139 	30000.000000	0.0187559 	30000.000000	0.0462715 	30000.000000	8.60543e-08	
32000.000000	0.144984  	32000.000000	0.0485517 	32000.000000	0.0189358 	32000.000000	0.0188797 	32000.000000	0.0485516 	32000.000000	8.10024e-08	
34000.000000	0.157787  	34000.000000	0.0508253 	34000.000000	0.0190498 	34000.000000	0.0189955 	34000.000000	0.0508252 	34000.000000	7.65262e-08	
36000.000000	0.171142  	36000.000000	0.0530927 	36000.000000	0.0191568 	36000.000000	0.0191044 	36000.000000	0.0530927 	36000.000000	7.25318e-08	
38000.000000	0.185056  	38000.000000	0.0553543 	38000.000000	0.0192573 	38000.000000	0.019207  	38000.000000	0.0553542 	38000.000000	6.89446e-08	
40000.000000	0.199535  	40000.000000	0.0576102 	40000.000000	0.0193521 	40000.000000	0.019304  	40000.000000	0.0576102 	40000.000000	6.5705e-08	
42000.000000	0.214584  	42000.000000	0.0598608 	42000.000000	0.019442  	42000.000000	0.019396  	42000.000000	0.0598607 	42000.000000	6.27642e-08	
44000.000000	0.230209  	44000.000000	0.0621062 	44000.000000	0.0195275 	44000.000000	0.0194834 	44000.000000	0.0621062 	44000.000000	6.00825e-08	
46000.000000	0.246416  	46000.000000	0.0643467 	46000.000000	0.0196091 	46000.000000	0.0195666 	46000.000000	0.0643466 	46000.000000	5.76266e-08	
48000.000000	0.263211  	48000.000000	0.0665824 	48000.000000	0.0196869 	48000.000000	0.019646  	48000.000000	0.0665824 	48000.000000	5.53691e-08	
50000.000000	0.2806    	50000.000000	0.0688136 	50000.000000	0.019761  	50000.000000	0.0197219 	50000.000000	0.0688135 	50000.000000	5.32865e-08	
