*Energy (MeV/u)1	0 - [He-base] F.Hubert et al, AD&ND Tables 46(1990)1	Energy (MeV/u)2	1 - [H -base] J.F.Ziegler et al, Pergamon Press, NY (low energy)	Energy (MeV/u)3	2 - ATIMA 1.2  LS-theory (recommended for high energy)	Energy (MeV/u)4	3 - ATIMA 1.2  without LS-correction	Energy (MeV/u)5	4 - electrical component of [1] - J.F.Ziegler et al	Energy (MeV/u)6	5 - nuclear component of [1] - J.F.Ziegler et al	
0.001000	0.0452779 	0.001000	0.0583385 	0.001000	0.0759751 	0.001000	0.0759751 	0.001000	0.030134  	0.001000	0.0282046 	
0.002000	0.052975  	0.002000	0.0640479 	0.002000	0.0826294 	0.002000	0.0826294 	0.002000	0.0441187 	0.002000	0.0199292 	
0.005000	0.0745788 	0.005000	0.0844335 	0.005000	0.101542  	0.005000	0.101542  	0.005000	0.0730281 	0.005000	0.0114054 	
0.008000	0.0926696 	0.008000	0.102823  	0.008000	0.117006  	0.008000	0.117006  	0.008000	0.0945706 	0.008000	0.00825207	
0.010000	0.103428  	0.010000	0.113965  	0.010000	0.125987  	0.010000	0.125987  	0.010000	0.106919  	0.010000	0.007046  	
0.015000	0.12147   	0.015000	0.136353  	0.015000	0.143539  	0.015000	0.143539  	0.015000	0.131141  	0.015000	0.00521168	
0.020000	0.135614  	0.020000	0.151686  	0.020000	0.158422  	0.020000	0.158422  	0.020000	0.147489  	0.020000	0.00419635	
0.025000	0.150997  	0.025000	0.168673  	0.025000	0.172526  	0.025000	0.172526  	0.025000	0.165138  	0.025000	0.00353554	
0.030000	0.163468  	0.030000	0.184154  	0.030000	0.186999  	0.030000	0.186999  	0.030000	0.181086  	0.030000	0.00306779	
0.035000	0.173444  	0.035000	0.198185  	0.035000	0.20053   	0.035000	0.20053   	0.035000	0.195468  	0.035000	0.0027176 	
0.040000	0.181096  	0.040000	0.211108  	0.040000	0.21317   	0.040000	0.21317   	0.040000	0.208663  	0.040000	0.00244464	
0.045000	0.186549  	0.045000	0.222941  	0.045000	0.224957  	0.045000	0.224957  	0.045000	0.220716  	0.045000	0.00222535	
0.050000	0.189959  	0.050000	0.233702  	0.050000	0.235924  	0.050000	0.235924  	0.050000	0.231657  	0.050000	0.00204494	
0.055000	0.197518  	0.055000	0.245327  	0.055000	0.246101  	0.055000	0.246101  	0.055000	0.243433  	0.055000	0.00189369	
0.060000	0.203804  	0.060000	0.256065  	0.060000	0.255517  	0.060000	0.255517  	0.060000	0.254301  	0.060000	0.00176487	
0.070000	0.212962  	0.070000	0.274931  	0.070000	0.272184  	0.070000	0.272184  	0.070000	0.273374  	0.070000	0.00155678	
0.080000	0.222778  	0.080000	0.29016   	0.080000	0.286168  	0.080000	0.286168  	0.080000	0.288765  	0.080000	0.00139555	
0.090000	0.229853  	0.090000	0.302279  	0.090000	0.297721  	0.090000	0.297721  	0.090000	0.301012  	0.090000	0.00126666	
0.100000	0.235076  	0.100000	0.311612  	0.100000	0.307096  	0.100000	0.307096  	0.100000	0.310451  	0.100000	0.00116106	
0.120000	0.238393  	0.120000	0.328058  	0.120000	0.320291  	0.120000	0.320291  	0.120000	0.32706   	0.120000	0.000997926	
0.140000	0.23897   	0.140000	0.336977  	0.140000	0.327581  	0.140000	0.327581  	0.140000	0.3361    	0.140000	0.000877379	
0.160000	0.238991  	0.160000	0.341346  	0.160000	0.330513  	0.160000	0.330513  	0.160000	0.340561  	0.160000	0.000784393	
0.180000	0.238699  	0.180000	0.341789  	0.180000	0.330326  	0.180000	0.330326  	0.180000	0.341078  	0.180000	0.000710321	
0.200000	0.239332  	0.200000	0.34129   	0.200000	0.327975  	0.200000	0.327975  	0.200000	0.34064   	0.200000	0.000649822	
0.250000	0.234434  	0.250000	0.333298  	0.250000	0.31685   	0.250000	0.31685   	0.250000	0.33276   	0.250000	0.000537703	
0.300000	0.233669  	0.300000	0.328428  	0.300000	0.304904  	0.300000	0.304904  	0.300000	0.327968  	0.300000	0.000460237	
0.350000	0.230953  	0.350000	0.320529  	0.350000	0.292646  	0.350000	0.292646  	0.350000	0.320126  	0.350000	0.000403295	
0.400000	0.227055  	0.400000	0.311973  	0.400000	0.280401  	0.400000	0.280401  	0.400000	0.311614  	0.400000	0.000359558	
0.450000	0.221923  	0.450000	0.302804  	0.450000	0.268581  	0.450000	0.268581  	0.450000	0.30248   	0.450000	0.00032484	
0.500000	0.216935  	0.500000	0.294856  	0.500000	0.257876  	0.500000	0.257876  	0.500000	0.29456   	0.500000	0.000296569	
0.600000	0.199087  	0.600000	0.272124  	0.600000	0.239454  	0.600000	0.239454  	0.600000	0.271871  	0.600000	0.000253216	
0.700000	0.181218  	0.700000	0.25109   	0.700000	0.224194  	0.700000	0.224194  	0.700000	0.250868  	0.700000	0.000221445	
0.800000	0.173321  	0.800000	0.235776  	0.800000	0.211261  	0.800000	0.211261  	0.800000	0.235578  	0.800000	0.000197102	
0.900000	0.164908  	0.900000	0.22079   	0.900000	0.20006   	0.900000	0.20006   	0.900000	0.220612  	0.900000	0.000177818	
1.000000	0.156559  	1.000000	0.206583  	1.000000	0.189703  	1.000000	0.189703  	1.000000	0.206421  	1.000000	0.000162143	
1.250000	0.137407  	1.250000	0.181183  	1.250000	0.168751  	1.250000	0.168751  	1.250000	0.181049  	1.250000	0.000133284	
1.500000	0.1193    	1.500000	0.157314  	1.500000	0.152431  	1.500000	0.152431  	1.500000	0.157201  	1.500000	0.0001135 	
1.750000	0.106029  	1.750000	0.140312  	1.750000	0.13907   	1.750000	0.13907   	1.750000	0.140213  	1.750000	9.90468e-05	
2.000000	0.0957677 	2.000000	0.127431  	2.000000	0.127847  	2.000000	0.127847  	2.000000	0.127343  	2.000000	8.80009e-05	
2.250000	0.0876661 	2.250000	0.116387  	2.250000	0.118235  	2.250000	0.118235  	2.250000	0.116308  	2.250000	7.92696e-05	
2.500000	0.0782412 	2.500000	0.107324  	2.500000	0.109919  	2.500000	0.109919  	2.500000	0.107251  	2.500000	7.21853e-05	
3.000000	0.0687478 	3.000000	0.0931708 	3.000000	0.0962993 	3.000000	0.0962993 	3.000000	0.0931095 	3.000000	6.13695e-05	
3.500000	0.061432  	3.500000	0.0824979 	3.500000	0.0856655 	3.500000	0.0856655 	3.500000	0.0824444 	3.500000	5.3483e-05	
4.000000	0.0556121 	4.000000	0.0740967 	4.000000	0.0771714 	4.000000	0.0771714 	4.000000	0.0740492 	4.000000	4.74651e-05	
4.500000	0.0508653 	4.500000	0.0672899 	4.500000	0.0702507 	4.500000	0.0702507 	4.500000	0.0672471 	4.500000	4.27145e-05	
5.000000	0.0469155 	5.000000	0.0616561 	5.000000	0.0645133 	5.000000	0.0645133 	5.000000	0.0616172 	5.000000	3.88644e-05	
5.500000	0.0435745 	5.500000	0.0569805 	5.500000	0.0596841 	5.500000	0.0596841 	5.500000	0.0569449 	5.500000	3.56777e-05	
6.000000	0.0407095 	6.000000	0.0529904 	6.000000	0.0555648 	6.000000	0.0555648 	6.000000	0.0529574 	6.000000	3.29945e-05	
6.500000	0.0382238 	6.500000	0.0495445 	6.500000	0.0520097 	6.500000	0.0520097 	6.500000	0.0495138 	6.500000	3.07027e-05	
7.000000	0.0360456 	7.000000	0.0465378 	7.000000	0.0489096 	7.000000	0.0489096 	7.000000	0.0465091 	7.000000	2.87213e-05	
7.500000	0.0341202 	7.500000	0.0438908 	7.500000	0.0461817 	7.500000	0.0461817 	7.500000	0.0438638 	7.500000	2.69905e-05	
8.000000	0.0324054 	8.000000	0.0415419 	8.000000	0.0437617 	8.000000	0.0437617 	8.000000	0.0415164 	8.000000	2.54649e-05	
8.500000	0.0308677 	8.500000	0.0394429 	8.500000	0.0415995 	8.500000	0.0415995 	8.500000	0.0394188 	8.500000	2.41095e-05	
9.000000	0.0294807 	9.000000	0.0375554 	9.000000	0.0396552 	9.000000	0.0396552 	9.000000	0.0375325 	9.000000	2.28971e-05	
9.500000	0.0282228 	9.500000	0.0358485 	9.500000	0.0378967 	9.500000	0.0378967 	9.500000	0.0358267 	9.500000	2.18058e-05	
10.000000	0.0270766 	10.000000	0.0355076 	10.000000	0.036298  	10.000000	0.036298  	10.000000	0.0354868 	10.000000	2.0818e-05	
11.000000	0.0250634 	11.000000	0.032897  	11.000000	0.0334614 	11.000000	0.0334663 	11.000000	0.0328779 	11.000000	1.90987e-05	
12.000000	0.0233515 	12.000000	0.0306695 	12.000000	0.0310641 	12.000000	0.0310722 	12.000000	0.0306518 	12.000000	1.76521e-05	
13.000000	0.0218771 	13.000000	0.0287455 	13.000000	0.0290106 	13.000000	0.0290206 	13.000000	0.0287291 	13.000000	1.64174e-05	
14.000000	0.0205931 	14.000000	0.0270662 	14.000000	0.0272316 	14.000000	0.0272423 	14.000000	0.0270509 	14.000000	1.53506e-05	
15.000000	0.0194643 	15.000000	0.0255871 	15.000000	0.0256752 	15.000000	0.0256859 	15.000000	0.0255727 	15.000000	1.44191e-05	
16.000000	0.0184638 	16.000000	0.0242739 	16.000000	0.0243017 	16.000000	0.0243122 	16.000000	0.0242603 	16.000000	1.35986e-05	
17.000000	0.0175704 	17.000000	0.0230998 	17.000000	0.0230806 	17.000000	0.0230909 	17.000000	0.0230869 	17.000000	1.287e-05 	
18.000000	0.0167677 	18.000000	0.0220434 	18.000000	0.0219884 	18.000000	0.0219981 	18.000000	0.0220312 	18.000000	1.22185e-05	
19.000000	0.0160421 	19.000000	0.0210877 	19.000000	0.0210058 	19.000000	0.0210146 	19.000000	0.0210761 	19.000000	1.16323e-05	
20.000000	0.015383  	20.000000	0.0202188 	20.000000	0.0201167 	20.000000	0.0201251 	20.000000	0.0202077 	20.000000	1.1102e-05	
21.000000	0.0147814 	21.000000	0.019425  	21.000000	0.0193088 	21.000000	0.019317  	21.000000	0.0194144 	21.000000	1.06197e-05	
22.000000	0.0142299 	22.000000	0.018697  	22.000000	0.0185727 	22.000000	0.0185798 	22.000000	0.0186868 	22.000000	1.01793e-05	
23.000000	0.0137226 	23.000000	0.0180268 	23.000000	0.0178991 	23.000000	0.0179049 	23.000000	0.018017  	23.000000	9.77537e-06	
24.000000	0.0132541 	24.000000	0.0174076 	24.000000	0.0172802 	24.000000	0.0172848 	24.000000	0.0173982 	24.000000	9.40351e-06	
25.000000	0.0128201 	25.000000	0.0168338 	25.000000	0.0167094 	25.000000	0.0167135 	25.000000	0.0168247 	25.000000	9.06002e-06	
27.000000	0.0120411 	27.000000	0.0158033 	27.000000	0.0156937 	27.000000	0.0156966 	27.000000	0.0157949 	27.000000	8.4459e-06	
29.000000	0.0113615 	29.000000	0.0149039 	29.000000	0.0148188 	29.000000	0.01482   	29.000000	0.014896  	29.000000	7.91269e-06	
31.000000	0.0107631 	31.000000	0.0141117 	31.000000	0.0140452 	31.000000	0.0140449 	31.000000	0.0141042 	31.000000	7.44521e-06	
33.000000	0.0102319 	33.000000	0.0134083 	33.000000	0.0133482 	33.000000	0.0133465 	33.000000	0.0134013 	33.000000	7.03186e-06	
35.000000	0.00975705	35.000000	0.0127795 	35.000000	0.012725  	35.000000	0.0127221 	35.000000	0.0127728 	35.000000	6.66365e-06	
38.000000	0.00913183	38.000000	0.0119516 	38.000000	0.0119043 	38.000000	0.0118999 	38.000000	0.0119454 	38.000000	6.18085e-06	
41.000000	0.00859173	41.000000	0.0112366 	41.000000	0.0111953 	41.000000	0.0111896 	41.000000	0.0112309 	41.000000	5.76564e-06	
44.000000	0.00812019	44.000000	0.0106126 	44.000000	0.0105761 	44.000000	0.0105695 	44.000000	0.0106072 	44.000000	5.40462e-06	
47.000000	0.00770469	47.000000	0.0100631 	47.000000	0.0100308 	47.000000	0.0100231 	47.000000	0.010058  	47.000000	5.0877e-06	
50.000000	0.00733563	50.000000	0.00957531	50.000000	0.00954558	50.000000	0.00953797	50.000000	0.0095705 	50.000000	4.80718e-06	
55.000000	0.00680402	55.000000	0.00887332	55.000000	0.00884739	55.000000	0.00883938	55.000000	0.00886891	55.000000	4.40481e-06	
60.000000	0.00635515	60.000000	0.0082814 	60.000000	0.00825854	60.000000	0.00824993	60.000000	0.00827734	60.000000	4.06674e-06	
65.000000	0.00597076	65.000000	0.00777528	65.000000	0.00775396	65.000000	0.00774558	65.000000	0.0077715 	65.000000	3.77854e-06	
70.000000	0.00563763	70.000000	0.00733737	70.000000	0.00731812	70.000000	0.00730893	70.000000	0.00733384	70.000000	3.52981e-06	
75.000000	0.00534596	75.000000	0.0069546 	75.000000	0.00693578	75.000000	0.00692704	75.000000	0.00695129	75.000000	3.31288e-06	
80.000000	0.0050883 	80.000000	0.00661707	80.000000	0.00659922	80.000000	0.00659012	80.000000	0.00661395	80.000000	3.12195e-06	
85.000000	0.00485891	85.000000	0.00631713	85.000000	0.00629922	85.000000	0.00629057	85.000000	0.00631418	85.000000	2.95257e-06	
90.000000	0.00465328	90.000000	0.00604876	90.000000	0.00603142	90.000000	0.00602244	90.000000	0.00604596	90.000000	2.80124e-06	
95.000000	0.00446783	95.000000	0.00580719	95.000000	0.00578955	95.000000	0.00578099	95.000000	0.00580452	95.000000	2.66518e-06	
100.000000	0.00429965	100.000000	0.00558855	100.000000	0.00557124	100.000000	0.00556239	100.000000	0.005586  	100.000000	2.54218e-06	
105.000000	0.00414639	105.000000	0.00538969	105.000000	0.00537199	105.000000	0.00536351	105.000000	0.00538726	105.000000	2.43041e-06	
110.000000	0.0040061 	110.000000	0.00520802	110.000000	0.00519044	110.000000	0.00518177	110.000000	0.00520569	110.000000	2.32839e-06	
115.000000	0.00387715	115.000000	0.00504139	115.000000	0.00502353	115.000000	0.00501505	115.000000	0.00503915	115.000000	2.23489e-06	
120.000000	0.00375821	120.000000	0.00488799	120.000000	0.00486991	120.000000	0.00486153	120.000000	0.00488584	120.000000	2.14886e-06	
125.000000	0.00364811	125.000000	0.00474628	125.000000	0.00472824	125.000000	0.0047197 	125.000000	0.00474421	125.000000	2.06943e-06	
130.000000	0.00354588	130.000000	0.00461498	130.000000	0.00459649	130.000000	0.00458827	130.000000	0.00461298	130.000000	1.99587e-06	
135.000000	0.00345069	135.000000	0.00449296	135.000000	0.00447401	135.000000	0.00446612	135.000000	0.00449104	135.000000	1.92754e-06	
140.000000	0.00336181	140.000000	0.00437928	140.000000	0.00436026	140.000000	0.00435231	140.000000	0.00437742	140.000000	1.86389e-06	
145.000000	0.00327862	145.000000	0.0042731 	145.000000	0.00425403	145.000000	0.004246  	145.000000	0.00427129	145.000000	1.80446e-06	
150.000000	0.00320058	150.000000	0.00417369	150.000000	0.00415425	150.000000	0.00414647	150.000000	0.00417194	150.000000	1.74883e-06	
155.000000	0.0030907 	155.000000	0.00408043	155.000000	0.00406093	155.000000	0.00405311	155.000000	0.00407873	155.000000	1.69665e-06	
160.000000	0.00302629	160.000000	0.00399275	160.000000	0.00397323	160.000000	0.00396534	160.000000	0.0039911 	160.000000	1.64759e-06	
165.000000	0.00296556	165.000000	0.00391018	165.000000	0.00389035	165.000000	0.00388268	165.000000	0.00390858	165.000000	1.60139e-06	
170.000000	0.00290818	170.000000	0.00383227	170.000000	0.00381234	170.000000	0.00380469	170.000000	0.00383071	170.000000	1.55781e-06	
175.000000	0.0028539 	175.000000	0.00375864	175.000000	0.00373877	175.000000	0.003731  	175.000000	0.00375712	175.000000	1.51661e-06	
180.000000	0.00280245	180.000000	0.00368895	180.000000	0.00366892	180.000000	0.00366126	180.000000	0.00368747	180.000000	1.47761e-06	
185.000000	0.00275362	185.000000	0.00362288	185.000000	0.00360259	185.000000	0.00359515	185.000000	0.00362144	185.000000	1.44064e-06	
190.000000	0.00270722	190.000000	0.00356017	190.000000	0.00353966	190.000000	0.00353241	190.000000	0.00355876	190.000000	1.40553e-06	
195.000000	0.00266306	195.000000	0.00350056	195.000000	0.00348003	195.000000	0.00347278	195.000000	0.00349918	195.000000	1.37215e-06	
200.000000	0.00262098	200.000000	0.00344382	200.000000	0.00342339	200.000000	0.00341603	200.000000	0.00344248	200.000000	1.34038e-06	
210.000000	0.00254251	210.000000	0.00333819	210.000000	0.00331756	210.000000	0.00331042	210.000000	0.00333691	210.000000	1.2812e-06	
220.000000	0.00247079	220.000000	0.00324186	220.000000	0.00322136	220.000000	0.00321414	220.000000	0.00324064	220.000000	1.22719e-06	
230.000000	0.00240498	230.000000	0.00315367	230.000000	0.00313312	230.000000	0.00312603	230.000000	0.00315249	230.000000	1.1777e-06	
240.000000	0.00234437	240.000000	0.00307261	240.000000	0.0030519 	240.000000	0.0030451 	240.000000	0.00307148	240.000000	1.13217e-06	
250.000000	0.00228837	250.000000	0.00299788	250.000000	0.00297735	250.000000	0.00297051	250.000000	0.00299679	250.000000	1.09015e-06	
260.000000	0.00223647	260.000000	0.00292875	260.000000	0.00290837	260.000000	0.00290156	260.000000	0.0029277 	260.000000	1.05124e-06	
270.000000	0.00218823	270.000000	0.00286463	270.000000	0.0028443 	270.000000	0.00283764	270.000000	0.00286361	270.000000	1.0151e-06	
280.000000	0.00214328	280.000000	0.00280499	280.000000	0.00278498	280.000000	0.00277822	280.000000	0.00280401	280.000000	9.81442e-07	
290.000000	0.0021013 	290.000000	0.0027494 	290.000000	0.00272951	290.000000	0.00272286	290.000000	0.00274845	290.000000	9.50018e-07	
300.000000	0.002062  	300.000000	0.00269745	300.000000	0.0026776 	300.000000	0.00267116	300.000000	0.00269653	300.000000	9.2061e-07	
310.000000	0.00202513	310.000000	0.0026488 	310.000000	0.00262914	310.000000	0.00262278	310.000000	0.00264791	310.000000	8.93028e-07	
320.000000	0.00199048	320.000000	0.00260316	320.000000	0.00258385	320.000000	0.00257741	320.000000	0.00260229	320.000000	8.67105e-07	
330.000000	0.00195785	330.000000	0.00256026	330.000000	0.0025412 	330.000000	0.0025348 	330.000000	0.00255941	330.000000	8.42693e-07	
340.000000	0.00192708	340.000000	0.00251986	340.000000	0.00250093	340.000000	0.00249469	340.000000	0.00251904	340.000000	8.19664e-07	
350.000000	0.00189801	350.000000	0.00248176	350.000000	0.00246299	350.000000	0.00245689	350.000000	0.00248096	350.000000	7.97901e-07	
360.000000	0.00187051	360.000000	0.00244577	360.000000	0.00242731	360.000000	0.00242121	360.000000	0.00244499	360.000000	7.77301e-07	
370.000000	0.00184445	370.000000	0.00241173	370.000000	0.00239343	370.000000	0.00238726	370.000000	0.00241097	370.000000	7.57774e-07	
380.000000	0.00181973	380.000000	0.00237948	380.000000	0.00236122	380.000000	0.00235512	380.000000	0.00237874	380.000000	7.39235e-07	
390.000000	0.00179625	390.000000	0.00234889	390.000000	0.00233065	390.000000	0.00232465	390.000000	0.00234817	390.000000	7.21612e-07	
400.000000	0.00177392	400.000000	0.00231985	400.000000	0.00230175	400.000000	0.00229573	400.000000	0.00231914	400.000000	7.04837e-07	
410.000000	0.00175266	410.000000	0.00229224	410.000000	0.00227432	410.000000	0.00226825	410.000000	0.00229155	410.000000	6.8885e-07	
420.000000	0.0017324 	420.000000	0.00226596	420.000000	0.00224814	420.000000	0.00224212	420.000000	0.00226528	420.000000	6.73596e-07	
430.000000	0.00171308	430.000000	0.00224092	430.000000	0.00222315	430.000000	0.00221723	430.000000	0.00224026	430.000000	6.59025e-07	
440.000000	0.00169462	440.000000	0.00221704	440.000000	0.00219932	440.000000	0.0021935 	440.000000	0.0022164 	440.000000	6.45092e-07	
450.000000	0.00167698	450.000000	0.00219425	450.000000	0.00217662	450.000000	0.00217087	450.000000	0.00219362	450.000000	6.31755e-07	
460.000000	0.00166011	460.000000	0.00217247	460.000000	0.00215502	460.000000	0.00214925	460.000000	0.00217185	460.000000	6.18977e-07	
470.000000	0.00164395	470.000000	0.00215165	470.000000	0.0021344 	470.000000	0.0021286 	470.000000	0.00215104	470.000000	6.06722e-07	
480.000000	0.00162847	480.000000	0.00213172	480.000000	0.00211465	480.000000	0.00210883	480.000000	0.00213112	480.000000	5.94959e-07	
490.000000	0.00161363	490.000000	0.00211263	490.000000	0.00209568	490.000000	0.00208991	490.000000	0.00211205	490.000000	5.83658e-07	
500.000000	0.00159939	500.000000	0.00209434	500.000000	0.00207747	500.000000	0.00207179	500.000000	0.00209376	500.000000	5.72793e-07	
520.000000	0.00157258	520.000000	0.00205995	520.000000	0.00204328	520.000000	0.00203774	520.000000	0.0020594 	520.000000	5.5227e-07	
540.000000	0.0015478 	540.000000	0.00202823	540.000000	0.00201191	540.000000	0.00200635	540.000000	0.0020277 	540.000000	5.33213e-07	
560.000000	0.00152485	560.000000	0.00199891	560.000000	0.00198293	560.000000	0.00197735	560.000000	0.00199839	560.000000	5.15468e-07	
580.000000	0.00150354	580.000000	0.00197173	580.000000	0.00195597	580.000000	0.00195049	580.000000	0.00197124	580.000000	4.98903e-07	
600.000000	0.00148372	600.000000	0.0019465 	600.000000	0.00193102	600.000000	0.00192556	600.000000	0.00194602	600.000000	4.83403e-07	
620.000000	0.00146526	620.000000	0.00192303	620.000000	0.00190788	620.000000	0.00190237	620.000000	0.00192256	620.000000	4.68867e-07	
640.000000	0.00144802	640.000000	0.00190115	640.000000	0.00188623	640.000000	0.00188077	640.000000	0.0019007 	640.000000	4.55206e-07	
660.000000	0.00143192	660.000000	0.00188073	660.000000	0.00186595	660.000000	0.0018606 	660.000000	0.00188029	660.000000	4.42344e-07	
680.000000	0.00141684	680.000000	0.00186164	680.000000	0.00184701	680.000000	0.00184174	680.000000	0.00186121	680.000000	4.30212e-07	
700.000000	0.00140271	700.000000	0.00184377	700.000000	0.00182933	700.000000	0.00182408	700.000000	0.00184335	700.000000	4.18748e-07	
720.000000	0.00138946	720.000000	0.00182702	720.000000	0.0018128 	720.000000	0.00180752	720.000000	0.00182662	720.000000	4.07899e-07	
740.000000	0.00137701	740.000000	0.00181131	740.000000	0.00179727	740.000000	0.00179197	740.000000	0.00181091	740.000000	3.97615e-07	
760.000000	0.00136531	760.000000	0.00179654	760.000000	0.00178262	760.000000	0.00177735	760.000000	0.00179616	760.000000	3.87853e-07	
780.000000	0.0013543 	780.000000	0.00178266	780.000000	0.00176878	780.000000	0.00176359	780.000000	0.00178228	780.000000	3.78574e-07	
800.000000	0.00134393	800.000000	0.0017696 	800.000000	0.00175574	800.000000	0.00175062	800.000000	0.00176923	800.000000	3.69742e-07	
820.000000	0.00133416	820.000000	0.00175729	820.000000	0.00174345	820.000000	0.00173839	820.000000	0.00175693	820.000000	3.61326e-07	
840.000000	0.00132495	840.000000	0.00174569	840.000000	0.00173188	840.000000	0.00172683	840.000000	0.00174533	840.000000	3.53297e-07	
860.000000	0.00131626	860.000000	0.00173474	860.000000	0.00172098	860.000000	0.00171591	860.000000	0.0017344 	860.000000	3.45627e-07	
880.000000	0.00130806	880.000000	0.00172441	880.000000	0.00171068	880.000000	0.00170558	880.000000	0.00172407	880.000000	3.38295e-07	
900.000000	0.00130031	900.000000	0.00171465	900.000000	0.0017009 	900.000000	0.00169579	900.000000	0.00171432	900.000000	3.31276e-07	
920.000000	0.001293  	920.000000	0.00170543	920.000000	0.0016916 	920.000000	0.00168652	920.000000	0.00170511	920.000000	3.24552e-07	
940.000000	0.00128608	940.000000	0.00169672	940.000000	0.00168276	940.000000	0.00167773	940.000000	0.0016964 	940.000000	3.18104e-07	
960.000000	0.00127955	960.000000	0.00168847	960.000000	0.00167437	960.000000	0.00166938	960.000000	0.00168816	960.000000	3.11916e-07	
980.000000	0.00127337	980.000000	0.00168067	980.000000	0.00166639	980.000000	0.00166146	980.000000	0.00168037	980.000000	3.05971e-07	
1000.000000	0.00126753	1000.000000	0.00167329	1000.000000	0.00165883	1000.000000	0.00165393	1000.000000	0.00167299	1000.000000	3.00255e-07	
1020.000000	0.00126201	1020.000000	0.00166631	1020.000000	0.00165165	1020.000000	0.00164677	1020.000000	0.00166601	1020.000000	2.94756e-07	
1040.000000	0.00125679	1040.000000	0.00165969	1040.000000	0.00164484	1040.000000	0.00163995	1040.000000	0.0016594 	1040.000000	2.89461e-07	
1060.000000	0.00125186	1060.000000	0.00165343	1060.000000	0.00163837	1060.000000	0.00163347	1060.000000	0.00165314	1060.000000	2.84359e-07	
1080.000000	0.0012472 	1080.000000	0.0016475 	1080.000000	0.00163221	1080.000000	0.00162729	1080.000000	0.00164722	1080.000000	2.79439e-07	
1100.000000	0.00124279	1100.000000	0.00164188	1100.000000	0.00162634	1100.000000	0.00162141	1100.000000	0.00164161	1100.000000	2.74692e-07	
1120.000000	0.00123863	1120.000000	0.00163656	1120.000000	0.00162072	1120.000000	0.0016158 	1120.000000	0.00163629	1120.000000	2.70108e-07	
1140.000000	0.00123469	1140.000000	0.00163153	1140.000000	0.00161534	1140.000000	0.00161045	1140.000000	0.00163126	1140.000000	2.6568e-07	
1160.000000	0.00123098	1160.000000	0.00162676	1160.000000	0.00161021	1160.000000	0.00160534	1160.000000	0.0016265 	1160.000000	2.61399e-07	
1180.000000	0.00122748	1180.000000	0.00162224	1180.000000	0.00160531	1180.000000	0.00160047	1180.000000	0.00162199	1180.000000	2.57258e-07	
1200.000000	0.00122418	1200.000000	0.00161797	1200.000000	0.00160063	1200.000000	0.00159581	1200.000000	0.00161772	1200.000000	2.5325e-07	
1220.000000	0.00122107	1220.000000	0.00161393	1220.000000	0.00159619	1220.000000	0.00159137	1220.000000	0.00161368	1220.000000	2.4937e-07	
1240.000000	0.00121815	1240.000000	0.00161011	1240.000000	0.00159195	1240.000000	0.00158712	1240.000000	0.00160987	1240.000000	2.4561e-07	
1260.000000	0.00121539	1260.000000	0.0016065 	1260.000000	0.0015879 	1260.000000	0.00158306	1260.000000	0.00160626	1260.000000	2.41965e-07	
1280.000000	0.00121281	1280.000000	0.00160309	1280.000000	0.00158404	1280.000000	0.00157918	1280.000000	0.00160285	1280.000000	2.3843e-07	
1300.000000	0.00121038	1300.000000	0.00159987	1300.000000	0.00158034	1300.000000	0.00157547	1300.000000	0.00159964	1300.000000	2.35001e-07	
1320.000000	0.00120811	1320.000000	0.00159683	1320.000000	0.00157679	1320.000000	0.00157193	1320.000000	0.0015966 	1320.000000	2.31671e-07	
1340.000000	0.00120598	1340.000000	0.00159397	1340.000000	0.00157339	1340.000000	0.00156853	1340.000000	0.00159374	1340.000000	2.28438e-07	
1360.000000	0.00120399	1360.000000	0.00159127	1360.000000	0.00157013	1360.000000	0.00156528	1360.000000	0.00159105	1360.000000	2.25296e-07	
1380.000000	0.00120214	1380.000000	0.00158873	1380.000000	0.001567  	1380.000000	0.00156217	1380.000000	0.00158851	1380.000000	2.22243e-07	
1400.000000	0.00120042	1400.000000	0.00158635	1400.000000	0.00156401	1400.000000	0.0015592 	1400.000000	0.00158613	1400.000000	2.19273e-07	
1420.000000	0.00119882	1420.000000	0.00158411	1420.000000	0.00156114	1420.000000	0.00155635	1420.000000	0.00158389	1420.000000	2.16385e-07	
1440.000000	0.00119734	1440.000000	0.00158201	1440.000000	0.00155839	1440.000000	0.00155362	1440.000000	0.0015818 	1440.000000	2.13573e-07	
1460.000000	0.00119598	1460.000000	0.00158005	1460.000000	0.00155575	1460.000000	0.00155101	1460.000000	0.00157984	1460.000000	2.10837e-07	
1480.000000	0.00119473	1480.000000	0.00157821	1480.000000	0.00155323	1480.000000	0.00154851	1480.000000	0.00157801	1480.000000	2.08171e-07	
1500.000000	0.00119358	1500.000000	0.0015765 	1500.000000	0.00155082	1500.000000	0.00154611	1500.000000	0.0015763 	1500.000000	2.05575e-07	
1520.000000	0.00119254	1520.000000	0.00157491	1520.000000	0.00154851	1520.000000	0.00154382	1520.000000	0.00157471	1520.000000	2.03044e-07	
1540.000000	0.00119159	1540.000000	0.00157344	1540.000000	0.0015463 	1540.000000	0.00154162	1540.000000	0.00157324	1540.000000	2.00577e-07	
1560.000000	0.00119074	1560.000000	0.00157207	1560.000000	0.00154418	1560.000000	0.00153952	1560.000000	0.00157187	1560.000000	1.98171e-07	
1580.000000	0.00118999	1580.000000	0.00157081	1580.000000	0.00154216	1580.000000	0.0015375 	1580.000000	0.00157062	1580.000000	1.95823e-07	
1600.000000	0.00118932	1600.000000	0.00156966	1600.000000	0.00154023	1600.000000	0.00153557	1600.000000	0.00156946	1600.000000	1.93533e-07	
1620.000000	0.00118874	1620.000000	0.0015686 	1620.000000	0.00153838	1620.000000	0.00153372	1620.000000	0.00156841	1620.000000	1.91297e-07	
1640.000000	0.00118824	1640.000000	0.00156763	1640.000000	0.00153661	1640.000000	0.00153195	1640.000000	0.00156745	1640.000000	1.89113e-07	
1660.000000	0.00118782	1660.000000	0.00156676	1660.000000	0.00153492	1660.000000	0.00153026	1660.000000	0.00156658	1660.000000	1.86981e-07	
1680.000000	0.00118748	1680.000000	0.00156598	1680.000000	0.00153331	1680.000000	0.00152863	1680.000000	0.00156579	1680.000000	1.84897e-07	
1700.000000	0.00118721	1700.000000	0.00156528	1700.000000	0.00153176	1700.000000	0.00152708	1700.000000	0.0015651 	1700.000000	1.82861e-07	
1750.000000	0.00118686	1750.000000	0.00156389	1750.000000	0.00152817	1750.000000	0.00152348	1750.000000	0.00156371	1750.000000	1.77968e-07	
1800.000000	0.00118693	1800.000000	0.00156297	1800.000000	0.00152496	1800.000000	0.00152025	1800.000000	0.0015628 	1800.000000	1.73337e-07	
1850.000000	0.0011874 	1850.000000	0.00156249	1850.000000	0.00152207	1850.000000	0.00151737	1850.000000	0.00156232	1850.000000	1.68949e-07	
1900.000000	0.00118822	1900.000000	0.00156241	1900.000000	0.00151948	1900.000000	0.0015148 	1900.000000	0.00156224	1900.000000	1.64783e-07	
1950.000000	0.00118938	1950.000000	0.00156269	1950.000000	0.00151717	1950.000000	0.00151251	1950.000000	0.00156253	1950.000000	1.60824e-07	
2000.000000	0.00119085	2000.000000	0.00156332	2000.000000	0.00151511	2000.000000	0.00151048	2000.000000	0.00156317	2000.000000	1.57057e-07	
2100.000000	0.00119467	2100.000000	0.00156551	2100.000000	0.00151169	2100.000000	0.00150711	2100.000000	0.00156536	2100.000000	1.50042e-07	
2200.000000	0.00119952	2200.000000	0.0015688 	2200.000000	0.00150907	2200.000000	0.00150453	2200.000000	0.00156865	2200.000000	1.43645e-07	
2300.000000	0.00120528	2300.000000	0.00157304	2300.000000	0.00150714	2300.000000	0.00150262	2300.000000	0.0015729 	2300.000000	1.37786e-07	
2400.000000	0.00121186	2400.000000	0.00157811	2400.000000	0.00150578	2400.000000	0.00150128	2400.000000	0.00157798	2400.000000	1.324e-07 	
2500.000000	0.00121916	2500.000000	0.00158393	2500.000000	0.00150493	2500.000000	0.00150041	2500.000000	0.0015838 	2500.000000	1.2743e-07	
2600.000000	0.00122713	2600.000000	0.00159039	2600.000000	0.00150449	2600.000000	0.00149996	2600.000000	0.00159026	2600.000000	1.22831e-07	
2700.000000	0.00123569	2700.000000	0.00159742	2700.000000	0.0015044 	2700.000000	0.00149987	2700.000000	0.0015973 	2700.000000	1.18561e-07	
2800.000000	0.0012448 	2800.000000	0.00160497	2800.000000	0.00150462	2800.000000	0.00150007	2800.000000	0.00160486	2800.000000	1.14586e-07	
2900.000000	0.00125441	2900.000000	0.00161298	2900.000000	0.00150508	2900.000000	0.00150053	2900.000000	0.00161287	2900.000000	1.10877e-07	
3000.000000	0.00126447	3000.000000	0.00162141	3000.000000	0.00150576	3000.000000	0.00150122	3000.000000	0.0016213 	3000.000000	1.07407e-07	
3200.000000	0.00128582	3200.000000	0.00163934	3200.000000	0.00150767	3200.000000	0.00150315	3200.000000	0.00163924	3200.000000	1.01097e-07	
3400.000000	0.00130864	3400.000000	0.00165849	3400.000000	0.00151015	3400.000000	0.00150566	3400.000000	0.00165839	3400.000000	9.55068e-08	
3600.000000	0.00133273	3600.000000	0.00167865	3600.000000	0.00151307	3600.000000	0.0015086 	3600.000000	0.00167856	3600.000000	9.05183e-08	
3800.000000	0.00135794	3800.000000	0.00169967	3800.000000	0.00151632	3800.000000	0.00151186	3800.000000	0.00169958	3800.000000	8.60386e-08	
4000.000000	0.00138416	4000.000000	0.00172139	4000.000000	0.0015198 	4000.000000	0.00151536	4000.000000	0.00172131	4000.000000	8.19931e-08	
4200.000000	0.0014113 	4200.000000	0.00174372	4200.000000	0.00152346	4200.000000	0.00151904	4200.000000	0.00174365	4200.000000	7.83209e-08	
4400.000000	0.00143927	4400.000000	0.00176657	4400.000000	0.00152725	4400.000000	0.00152284	4400.000000	0.0017665 	4400.000000	7.49723e-08	
4600.000000	0.001468  	4600.000000	0.00178987	4600.000000	0.00153112	4600.000000	0.00152672	4600.000000	0.0017898 	4600.000000	7.19058e-08	
4800.000000	0.00149744	4800.000000	0.00181355	4800.000000	0.00153505	4800.000000	0.00153065	4800.000000	0.00181348	4800.000000	6.9087e-08	
5000.000000	0.00152755	5000.000000	0.00183757	5000.000000	0.001539  	5000.000000	0.00153461	5000.000000	0.0018375 	5000.000000	6.64868e-08	
5250.000000	0.00156606	5250.000000	0.001868  	5250.000000	0.00154396	5250.000000	0.00153958	5250.000000	0.00186794	5250.000000	6.35065e-08	
5500.000000	0.00160548	5500.000000	0.00189881	5500.000000	0.0015489 	5500.000000	0.00154453	5500.000000	0.00189875	5500.000000	6.0789e-08	
6000.000000	0.00168684	6000.000000	0.00196139	6000.000000	0.00155868	6000.000000	0.00155432	6000.000000	0.00196133	6000.000000	5.60132e-08	
6500.000000	0.00177128	6500.000000	0.00202494	6500.000000	0.00156823	6500.000000	0.00156388	6500.000000	0.00202489	6500.000000	5.19507e-08	
7000.000000	0.00185858	7000.000000	0.00208922	7000.000000	0.00157748	7000.000000	0.00157314	7000.000000	0.00208917	7000.000000	4.84516e-08	
7500.000000	0.00194853	7500.000000	0.00215405	7500.000000	0.00158642	7500.000000	0.00158209	7500.000000	0.002154  	7500.000000	4.54054e-08	
8000.000000	0.00204102	8000.000000	0.00221929	8000.000000	0.00159504	8000.000000	0.00159071	8000.000000	0.00221925	8000.000000	4.27289e-08	
8500.000000	0.00213592	8500.000000	0.00228485	8500.000000	0.00160332	8500.000000	0.001599  	8500.000000	0.00228481	8500.000000	4.0358e-08	
9000.000000	0.00223317	9000.000000	0.00235064	9000.000000	0.00161127	9000.000000	0.00160698	9000.000000	0.00235061	9000.000000	3.82429e-08	
9500.000000	0.00233269	9500.000000	0.00241662	9500.000000	0.00161893	9500.000000	0.00161466	9500.000000	0.00241658	9500.000000	3.63439e-08	
10000.000000	0.00243444	10000.000000	0.00248273	10000.000000	0.00162632	10000.000000	0.00162206	10000.000000	0.00248269	10000.000000	3.46292e-08	
11000.000000	0.00264445	11000.000000	0.0026152 	11000.000000	0.0016403 	11000.000000	0.00163604	11000.000000	0.00261517	11000.000000	3.16544e-08	
12000.000000	0.00286296	12000.000000	0.00274786	12000.000000	0.00165324	12000.000000	0.00164904	12000.000000	0.00274783	12000.000000	2.91615e-08	
13000.000000	0.00308981	13000.000000	0.00288056	13000.000000	0.00166532	13000.000000	0.00166118	13000.000000	0.00288054	13000.000000	2.70414e-08	
14000.000000	0.00332487	14000.000000	0.00301322	14000.000000	0.00167665	14000.000000	0.00167254	14000.000000	0.00301319	14000.000000	2.52157e-08	
15000.000000	0.00356808	15000.000000	0.00314577	15000.000000	0.00168732	15000.000000	0.0016832 	15000.000000	0.00314574	15000.000000	2.36266e-08	
16000.000000	0.0038194 	16000.000000	0.00327817	16000.000000	0.00169737	16000.000000	0.00169325	16000.000000	0.00327814	16000.000000	2.22306e-08	
17000.000000	0.00407879	17000.000000	0.00341039	17000.000000	0.00170683	17000.000000	0.00170273	17000.000000	0.00341037	17000.000000	2.09942e-08	
18000.000000	0.00434625	18000.000000	0.00354242	18000.000000	0.00171577	18000.000000	0.00171172	18000.000000	0.0035424 	18000.000000	1.98914e-08	
19000.000000	0.00462176	19000.000000	0.00367424	19000.000000	0.00172424	19000.000000	0.00172025	19000.000000	0.00367422	19000.000000	1.89013e-08	
20000.000000	0.00490533	20000.000000	0.00380585	20000.000000	0.00173229	20000.000000	0.00172836	20000.000000	0.00380584	20000.000000	1.80076e-08	
21000.000000	0.00519698	21000.000000	0.00393725	21000.000000	0.00173996	21000.000000	0.0017361 	21000.000000	0.00393723	21000.000000	1.71965e-08	
22000.000000	0.00549671	22000.000000	0.00406843	22000.000000	0.00174731	22000.000000	0.00174349	22000.000000	0.00406842	22000.000000	1.64571e-08	
23000.000000	0.00580456	23000.000000	0.0041994 	23000.000000	0.00175435	23000.000000	0.00175056	23000.000000	0.00419938	23000.000000	1.57802e-08	
24000.000000	0.00612055	24000.000000	0.00433015	24000.000000	0.00176109	24000.000000	0.00175734	24000.000000	0.00433013	24000.000000	1.51582e-08	
25000.000000	0.0064447 	25000.000000	0.00446069	25000.000000	0.00176754	25000.000000	0.00176385	25000.000000	0.00446067	25000.000000	1.45845e-08	
26000.000000	0.00677704	26000.000000	0.00459101	26000.000000	0.00177373	26000.000000	0.00177011	26000.000000	0.004591  	26000.000000	1.40537e-08	
27000.000000	0.00711761	27000.000000	0.00472114	27000.000000	0.00177969	27000.000000	0.00177613	27000.000000	0.00472113	27000.000000	1.35612e-08	
28000.000000	0.00746644	28000.000000	0.00485106	28000.000000	0.00178543	28000.000000	0.00178194	28000.000000	0.00485105	28000.000000	1.31028e-08	
29000.000000	0.00782357	29000.000000	0.00498079	29000.000000	0.00179096	29000.000000	0.00178755	29000.000000	0.00498077	29000.000000	1.26752e-08	
30000.000000	0.00818902	30000.000000	0.00511032	30000.000000	0.00179631	30000.000000	0.00179297	30000.000000	0.00511031	30000.000000	1.22753e-08	
32000.000000	0.00894509	32000.000000	0.00536882	32000.000000	0.00180648	32000.000000	0.00180328	32000.000000	0.00536881	32000.000000	1.15484e-08	
34000.000000	0.00973495	34000.000000	0.00562659	34000.000000	0.00181604	34000.000000	0.00181297	34000.000000	0.00562658	34000.000000	1.09047e-08	
36000.000000	0.0105589 	36000.000000	0.00588368	36000.000000	0.00182503	36000.000000	0.00182211	36000.000000	0.00588367	36000.000000	1.03306e-08	
38000.000000	0.0114174 	38000.000000	0.0061401 	38000.000000	0.00183352	38000.000000	0.00183074	38000.000000	0.00614009	38000.000000	9.81537e-09	
40000.000000	0.0123107 	40000.000000	0.00639589	40000.000000	0.00184154	40000.000000	0.00183893	40000.000000	0.00639588	40000.000000	9.35024e-09	
42000.000000	0.0132391 	42000.000000	0.00665107	42000.000000	0.00184915	42000.000000	0.00184672	42000.000000	0.00665106	42000.000000	8.92822e-09	
44000.000000	0.0142032 	44000.000000	0.00690566	44000.000000	0.0018564 	44000.000000	0.00185414	44000.000000	0.00690566	44000.000000	8.54353e-09	
46000.000000	0.0152031 	46000.000000	0.0071597 	46000.000000	0.00186331	46000.000000	0.00186123	46000.000000	0.0071597 	46000.000000	8.19139e-09	
48000.000000	0.0162393 	48000.000000	0.00741321	48000.000000	0.00186991	48000.000000	0.00186801	48000.000000	0.0074132 	48000.000000	7.86781e-09	
50000.000000	0.0173122 	50000.000000	0.0076662 	50000.000000	0.00187622	50000.000000	0.0018745 	50000.000000	0.00766619	50000.000000	7.56942e-09	
