*Energy (MeV/u)1	0 - [He-base] F.Hubert et al, AD&ND Tables 46(1990)1	Energy (MeV/u)2	1 - [H -base] J.F.Ziegler et al, Pergamon Press, NY (low energy)	Energy (MeV/u)3	2 - ATIMA 1.2  LS-theory (recommended for high energy)	Energy (MeV/u)4	3 - ATIMA 1.2  without LS-correction	Energy (MeV/u)5	4 - electrical component of [1] - J.F.Ziegler et al	Energy (MeV/u)6	5 - nuclear component of [1] - J.F.Ziegler et al	
0.001000	1.07236   	0.001000	0.172366  	0.001000	0.151574  	0.001000	0.151574  	0.001000	0.117631  	0.001000	0.054735  	
0.002000	1.18819   	0.002000	0.215804  	0.002000	0.189823  	0.002000	0.189823  	0.002000	0.162932  	0.002000	0.0528723 	
0.005000	1.46482   	0.005000	0.294468  	0.005000	0.260372  	0.005000	0.260372  	0.005000	0.250633  	0.005000	0.0438348 	
0.008000	1.67837   	0.008000	0.349896  	0.008000	0.311206  	0.008000	0.311206  	0.008000	0.31259   	0.008000	0.0373061 	
0.010000	1.79962   	0.010000	0.381207  	0.010000	0.340282  	0.010000	0.340282  	0.010000	0.347154  	0.010000	0.0340533 	
0.015000	2.103     	0.015000	0.448251  	0.015000	0.403268  	0.015000	0.403268  	0.015000	0.420035  	0.015000	0.0282162 	
0.020000	2.34289   	0.020000	0.511524  	0.020000	0.46661   	0.020000	0.46661   	0.020000	0.487223  	0.020000	0.0243019 	
0.025000	2.60571   	0.025000	0.573607  	0.025000	0.532732  	0.025000	0.532732  	0.025000	0.55214   	0.025000	0.0214667 	
0.030000	2.82686   	0.030000	0.632151  	0.030000	0.583729  	0.030000	0.583729  	0.030000	0.612848  	0.030000	0.0193028 	
0.035000	2.9839    	0.035000	0.687427  	0.035000	0.632422  	0.035000	0.632422  	0.035000	0.669839  	0.035000	0.0175881 	
0.040000	3.10053   	0.040000	0.732929  	0.040000	0.678893  	0.040000	0.678893  	0.040000	0.716739  	0.040000	0.0161904 	
0.045000	3.18178   	0.045000	0.775187  	0.045000	0.723199  	0.045000	0.723199  	0.045000	0.760162  	0.045000	0.0150256 	
0.050000	3.23044   	0.050000	0.814978  	0.050000	0.765389  	0.050000	0.765389  	0.050000	0.800941  	0.050000	0.0140376 	
0.055000	3.35138   	0.055000	0.852428  	0.055000	0.80551   	0.055000	0.80551   	0.055000	0.839241  	0.055000	0.0131873 	
0.060000	3.45235   	0.060000	0.887646  	0.060000	0.843612  	0.060000	0.843612  	0.060000	0.8752    	0.060000	0.0124466 	
0.070000	3.60105   	0.070000	0.951788  	0.070000	0.913973  	0.070000	0.913973  	0.070000	0.940572  	0.070000	0.011216  	
0.080000	3.76609   	0.080000	1.00817   	0.080000	0.97694   	0.080000	0.97694   	0.080000	0.997941  	0.080000	0.0102316 	
0.090000	3.88922   	0.090000	1.05754   	0.090000	1.03303   	0.090000	1.03303   	0.090000	1.04812   	0.090000	0.00942387	
0.100000	3.98159   	0.100000	1.10054   	0.100000	1.0827    	0.100000	1.0827    	0.100000	1.09188   	0.100000	0.00866537	
0.120000	4.01365   	0.120000	1.17058   	0.120000	1.1654    	0.120000	1.1654    	0.120000	1.16298   	0.120000	0.00760546	
0.140000	4.03577   	0.140000	1.2304    	0.140000	1.22916   	0.140000	1.22916   	0.140000	1.2236    	0.140000	0.00679748	
0.160000	4.04525   	0.160000	1.27589   	0.160000	1.27775   	0.160000	1.27775   	0.160000	1.26973   	0.160000	0.0061589 	
0.180000	4.05528   	0.180000	1.30945   	0.180000	1.31434   	0.180000	1.31434   	0.180000	1.30381   	0.180000	0.00564009	
0.200000	4.0703    	0.200000	1.33403   	0.200000	1.34154   	0.200000	1.34154   	0.200000	1.32882   	0.200000	0.00520934	
0.250000	4.02228   	0.250000	1.37748   	0.250000	1.38098   	0.250000	1.38098   	0.250000	1.37308   	0.250000	0.00439325	
0.300000	4.00662   	0.300000	1.40346   	0.300000	1.39539   	0.300000	1.39539   	0.300000	1.39965   	0.300000	0.00381476	
0.350000	3.99553   	0.350000	1.41904   	0.350000	1.39708   	0.350000	1.39708   	0.350000	1.41566   	0.350000	0.0033812 	
0.400000	4.01503   	0.400000	1.43845   	0.400000	1.40341   	0.400000	1.40341   	0.400000	1.43541   	0.400000	0.003043  	
0.450000	4.02314   	0.450000	1.45376   	0.450000	1.40144   	0.450000	1.40144   	0.450000	1.45098   	0.450000	0.00277109	
0.500000	4.01807   	0.500000	1.46241   	0.500000	1.39431   	0.500000	1.39431   	0.500000	1.45986   	0.500000	0.00254728	
0.600000	3.85451   	0.600000	1.475     	0.600000	1.36979   	0.600000	1.36979   	0.600000	1.4728    	0.600000	0.0021996 	
0.700000	3.61932   	0.700000	1.45665   	0.700000	1.33756   	0.700000	1.33756   	0.700000	1.4547    	0.700000	0.00194107	
0.800000	3.48459   	0.800000	1.41552   	0.800000	1.30449   	0.800000	1.30449   	0.800000	1.41378   	0.800000	0.00174066	
0.900000	3.35067   	0.900000	1.37365   	0.900000	1.27164   	0.900000	1.27164   	0.900000	1.37207   	0.900000	0.00158036	
1.000000	3.21904   	1.000000	1.33145   	1.000000	1.23949   	1.000000	1.23949   	1.000000	1.33      	1.000000	0.00144897	
1.250000	2.91144   	1.250000	1.23261   	1.250000	1.1601    	1.250000	1.1601    	1.250000	1.2314    	1.250000	0.00120433	
1.500000	2.64214   	1.500000	1.14246   	1.500000	1.08766   	1.500000	1.08766   	1.500000	1.14142   	1.500000	0.00103436	
1.750000	2.40807   	1.750000	1.06092   	1.750000	1.02485   	1.750000	1.02485   	1.750000	1.06001   	1.750000	0.000908872	
2.000000	2.21438   	2.000000	0.993147  	2.000000	0.969305  	2.000000	0.969305  	2.000000	0.992335  	2.000000	0.000812151	
2.250000	2.05403   	2.250000	0.935359  	2.250000	0.919692  	2.250000	0.919692  	2.250000	0.934623  	2.250000	0.000735154	
2.500000	1.8831    	2.500000	0.884901  	2.500000	0.8751    	2.500000	0.8751    	2.500000	0.884228  	2.500000	0.000672299	
3.000000	1.67015   	3.000000	0.797592  	3.000000	0.798329  	3.000000	0.798329  	3.000000	0.797016  	3.000000	0.000575622	
3.500000	1.50268   	3.500000	0.730313  	3.500000	0.734785  	3.500000	0.734785  	3.500000	0.729809  	3.500000	0.000504531	
4.000000	1.36742   	4.000000	0.675856  	4.000000	0.681464  	4.000000	0.681464  	4.000000	0.675407  	4.000000	0.000449908	
4.500000	1.25582   	4.500000	0.630412  	4.500000	0.636151  	4.500000	0.636151  	4.500000	0.630005  	4.500000	0.000406539	
5.000000	1.1621    	5.000000	0.591696  	5.000000	0.597201  	5.000000	0.597201  	5.000000	0.591325  	5.000000	0.000371215	
5.500000	1.08223   	5.500000	0.558211  	5.500000	0.563355  	5.500000	0.563355  	5.500000	0.557869  	5.500000	0.000341852	
6.000000	1.01331   	6.000000	0.528903  	6.000000	0.533667  	6.000000	0.533667  	6.000000	0.528586  	6.000000	0.000317033	
6.500000	0.953199  	6.500000	0.502999  	6.500000	0.507403  	6.500000	0.507403  	6.500000	0.502703  	6.500000	0.00029576	
7.000000	0.900295  	7.000000	0.479915  	7.000000	0.483991  	7.000000	0.483991  	7.000000	0.479637  	7.000000	0.000277312	
7.500000	0.853355  	7.500000	0.459195  	7.500000	0.46298   	7.500000	0.46298   	7.500000	0.458934  	7.500000	0.000261152	
8.000000	0.811409  	8.000000	0.44048   	8.000000	0.444006  	8.000000	0.444006  	8.000000	0.440233  	8.000000	0.00024687	
8.500000	0.773689  	8.500000	0.423482  	8.500000	0.426777  	8.500000	0.426777  	8.500000	0.423248  	8.500000	0.000234153	
9.000000	0.739579  	9.000000	0.407965  	9.000000	0.411056  	9.000000	0.411056  	9.000000	0.407743  	9.000000	0.000222751	
9.500000	0.708575  	9.500000	0.393737  	9.500000	0.396644  	9.500000	0.396644  	9.500000	0.393524  	9.500000	0.000212467	
10.000000	0.680266  	10.000000	0.384182  	10.000000	0.383379  	10.000000	0.383379  	10.000000	0.383979  	10.000000	0.000203141	
11.000000	0.63042   	11.000000	0.363624  	11.000000	0.361073  	11.000000	0.36135   	11.000000	0.363437  	11.000000	0.000186865	
12.000000	0.587913  	12.000000	0.344965  	12.000000	0.34162   	12.000000	0.342074  	12.000000	0.344792  	12.000000	0.000173127	
13.000000	0.551213  	13.000000	0.328051  	13.000000	0.324469  	13.000000	0.325038  	13.000000	0.327889  	13.000000	0.000161367	
14.000000	0.51919   	14.000000	0.312702  	14.000000	0.309211  	14.000000	0.309852  	14.000000	0.312551  	14.000000	0.00015118	
15.000000	0.490992  	15.000000	0.298745  	15.000000	0.295535  	15.000000	0.296217  	15.000000	0.298602  	15.000000	0.000142265	
16.000000	0.465961  	16.000000	0.286017  	16.000000	0.283189  	16.000000	0.283894  	16.000000	0.285883  	16.000000	0.000134393	
17.000000	0.443585  	17.000000	0.274377  	17.000000	0.271978  	17.000000	0.272691  	17.000000	0.274249  	17.000000	0.00012739	
18.000000	0.423456  	18.000000	0.263698  	18.000000	0.261751  	18.000000	0.262454  	18.000000	0.263577  	18.000000	0.000121116	
19.000000	0.405246  	19.000000	0.253873  	19.000000	0.252374  	19.000000	0.253056  	19.000000	0.253757  	19.000000	0.000115461	
20.000000	0.388691  	20.000000	0.244805  	20.000000	0.243677  	20.000000	0.244337  	20.000000	0.244695  	20.000000	0.000110337	
21.000000	0.373569  	21.000000	0.236414  	21.000000	0.235681  	21.000000	0.236318  	21.000000	0.236308  	21.000000	0.00010567	
22.000000	0.3597    	22.000000	0.228627  	22.000000	0.228266  	22.000000	0.228871  	22.000000	0.228526  	22.000000	0.000101402	
23.000000	0.346932  	23.000000	0.221383  	23.000000	0.221363  	23.000000	0.221931  	23.000000	0.221286  	23.000000	9.74822e-05	
24.000000	0.335137  	24.000000	0.214628  	24.000000	0.214911  	24.000000	0.215446  	24.000000	0.214534  	24.000000	9.3869e-05	
25.000000	0.324205  	25.000000	0.208313  	25.000000	0.208862  	25.000000	0.209369  	25.000000	0.208223  	25.000000	9.05273e-05	
27.000000	0.304573  	27.000000	0.196847  	27.000000	0.197838  	27.000000	0.198283  	27.000000	0.196763  	27.000000	8.45426e-05	
29.000000	0.287434  	29.000000	0.186707  	29.000000	0.188045  	29.000000	0.188411  	29.000000	0.186628  	29.000000	7.93353e-05	
31.000000	0.272335  	31.000000	0.177676  	31.000000	0.179115  	31.000000	0.179398  	31.000000	0.177601  	31.000000	7.47611e-05	
33.000000	0.258926  	33.000000	0.16958   	33.000000	0.170966  	33.000000	0.171182  	33.000000	0.16951   	33.000000	7.07093e-05	
35.000000	0.246933  	35.000000	0.162282  	35.000000	0.163667  	35.000000	0.163798  	35.000000	0.162214  	35.000000	6.70941e-05	
38.000000	0.231138  	38.000000	0.152586  	38.000000	0.153973  	38.000000	0.15402   	38.000000	0.152524  	38.000000	6.23446e-05	
41.000000	0.217488  	41.000000	0.144135  	41.000000	0.145531  	41.000000	0.145516  	41.000000	0.144077  	41.000000	5.82516e-05	
44.000000	0.205567  	44.000000	0.136702  	44.000000	0.138092  	44.000000	0.138047  	44.000000	0.136647  	44.000000	5.46858e-05	
47.000000	0.19506   	47.000000	0.130111  	47.000000	0.131509  	47.000000	0.13143   	47.000000	0.130059  	47.000000	5.15502e-05	
50.000000	0.185726  	50.000000	0.124225  	50.000000	0.125644  	50.000000	0.125523  	50.000000	0.124176  	50.000000	4.87702e-05	
55.000000	0.172277  	55.000000	0.115699  	55.000000	0.117116  	55.000000	0.116965  	55.000000	0.115654  	55.000000	4.47749e-05	
60.000000	0.160919  	60.000000	0.108458  	60.000000	0.109863  	60.000000	0.109693  	60.000000	0.108416  	60.000000	4.14105e-05	
65.000000	0.151191  	65.000000	0.102229  	65.000000	0.10363   	65.000000	0.103431  	65.000000	0.102191  	65.000000	3.85366e-05	
70.000000	0.142759  	70.000000	0.0968131 	70.000000	0.0981826 	70.000000	0.0979799 	70.000000	0.096777  	70.000000	3.60517e-05	
75.000000	0.135376  	75.000000	0.0920582 	75.000000	0.0934142 	75.000000	0.0931879 	75.000000	0.0920243 	75.000000	3.3881e-05	
80.000000	0.128853  	80.000000	0.0878494 	80.000000	0.0891728 	80.000000	0.0889406 	80.000000	0.0878175 	80.000000	3.19675e-05	
85.000000	0.123046  	85.000000	0.0840969 	85.000000	0.0853843 	85.000000	0.0851487 	85.000000	0.0840667 	85.000000	3.02675e-05	
90.000000	0.11784   	90.000000	0.0807296 	90.000000	0.0819798 	90.000000	0.0817416 	90.000000	0.0807009 	90.000000	2.87466e-05	
95.000000	0.113145  	95.000000	0.0776905 	95.000000	0.0789029 	95.000000	0.0786626 	95.000000	0.0776632 	95.000000	2.73776e-05	
100.000000	0.108886  	100.000000	0.0749335 	100.000000	0.0761079 	100.000000	0.0758661 	100.000000	0.0749074 	100.000000	2.61384e-05	
105.000000	0.105006  	105.000000	0.0724207 	105.000000	0.0735574 	105.000000	0.0733142 	105.000000	0.0723956 	105.000000	2.50113e-05	
110.000000	0.101453  	110.000000	0.0701206 	110.000000	0.0712196 	110.000000	0.070976  	110.000000	0.0700967 	110.000000	2.39814e-05	
115.000000	0.0981882 	115.000000	0.0680073 	115.000000	0.0690711 	115.000000	0.0688253 	115.000000	0.0679843 	115.000000	2.30365e-05	
120.000000	0.0951762 	120.000000	0.0660587 	120.000000	0.0670812 	120.000000	0.0668403 	120.000000	0.0660365 	120.000000	2.21663e-05	
125.000000	0.0923882 	125.000000	0.064256  	125.000000	0.0652361 	125.000000	0.0650023 	125.000000	0.0642346 	125.000000	2.13623e-05	
130.000000	0.0897995 	130.000000	0.0625834 	130.000000	0.0635305 	130.000000	0.0632956 	130.000000	0.0625628 	130.000000	2.0617e-05	
135.000000	0.0873889 	135.000000	0.0610272 	135.000000	0.0619417 	135.000000	0.0617063 	135.000000	0.0610073 	135.000000	1.99241e-05	
140.000000	0.0851382 	140.000000	0.0595756 	140.000000	0.0604582 	140.000000	0.0602228 	140.000000	0.0595563 	140.000000	1.92782e-05	
145.000000	0.0830316 	145.000000	0.0582183 	145.000000	0.0590701 	145.000000	0.0588347 	145.000000	0.0581996 	145.000000	1.86747e-05	
150.000000	0.0810553 	150.000000	0.0569463 	150.000000	0.0577683 	150.000000	0.0575331 	150.000000	0.0569282 	150.000000	1.81094e-05	
155.000000	0.0782726 	155.000000	0.0557519 	155.000000	0.0565462 	155.000000	0.0563101 	155.000000	0.0557343 	155.000000	1.75787e-05	
160.000000	0.0766416 	160.000000	0.0546281 	160.000000	0.0553931 	160.000000	0.0551589 	160.000000	0.054611  	160.000000	1.70796e-05	
165.000000	0.0751035 	165.000000	0.0535688 	165.000000	0.0543013 	165.000000	0.0540732 	165.000000	0.0535522 	165.000000	1.66092e-05	
170.000000	0.0736506 	170.000000	0.0525686 	170.000000	0.053273  	170.000000	0.0530476 	170.000000	0.0525524 	170.000000	1.61651e-05	
175.000000	0.0722757 	175.000000	0.0516227 	175.000000	0.0523034 	175.000000	0.0520773 	175.000000	0.0516069 	175.000000	1.57451e-05	
180.000000	0.0709729 	180.000000	0.0507267 	180.000000	0.0513838 	180.000000	0.0511579 	180.000000	0.0507114 	180.000000	1.53473e-05	
185.000000	0.0697363 	185.000000	0.0498768 	185.000000	0.0505114 	185.000000	0.0502856 	185.000000	0.0498619 	185.000000	1.497e-05 	
190.000000	0.0685611 	190.000000	0.0490696 	190.000000	0.049683  	190.000000	0.0494568 	190.000000	0.049055  	190.000000	1.46116e-05	
195.000000	0.0674428 	195.000000	0.0483018 	195.000000	0.048892  	195.000000	0.0486684 	195.000000	0.0482876 	195.000000	1.42706e-05	
200.000000	0.0663772 	200.000000	0.0475707 	200.000000	0.0481364 	200.000000	0.0479175 	200.000000	0.0475568 	200.000000	1.39459e-05	
210.000000	0.0643899 	210.000000	0.0462086 	210.000000	0.0467348 	210.000000	0.046518  	210.000000	0.0461952 	210.000000	1.33405e-05	
220.000000	0.0625736 	220.000000	0.0449653 	220.000000	0.0454568 	220.000000	0.0452403 	220.000000	0.0449525 	220.000000	1.27876e-05	
230.000000	0.0609069 	230.000000	0.0438259 	230.000000	0.044286  	230.000000	0.0440694 	230.000000	0.0438136 	230.000000	1.22805e-05	
240.000000	0.0593721 	240.000000	0.0427781 	240.000000	0.0432037 	240.000000	0.0429925 	240.000000	0.0427663 	240.000000	1.18137e-05	
250.000000	0.0579539 	250.000000	0.0418113 	250.000000	0.0422069 	250.000000	0.041999  	250.000000	0.0417999 	250.000000	1.13825e-05	
260.000000	0.0566395 	260.000000	0.0409165 	260.000000	0.0412878 	260.000000	0.0410796 	260.000000	0.0409055 	260.000000	1.09828e-05	
270.000000	0.0554179 	270.000000	0.0400861 	270.000000	0.0404341 	270.000000	0.0402266 	270.000000	0.0400755 	270.000000	1.06114e-05	
280.000000	0.0542796 	280.000000	0.0393133 	280.000000	0.0396392 	280.000000	0.0394331 	280.000000	0.0393031 	280.000000	1.02653e-05	
290.000000	0.0532163 	290.000000	0.0385926 	290.000000	0.0388954 	290.000000	0.0386933 	290.000000	0.0385827 	290.000000	9.94193e-06	
300.000000	0.052221  	300.000000	0.0379189 	300.000000	0.0382019 	300.000000	0.0380021 	300.000000	0.0379092 	300.000000	9.63912e-06	
310.000000	0.0512873 	310.000000	0.0372877 	310.000000	0.037555  	310.000000	0.0373549 	310.000000	0.0372784 	310.000000	9.35493e-06	
320.000000	0.0504098 	320.000000	0.0366954 	320.000000	0.0369477 	320.000000	0.0367478 	320.000000	0.0366863 	320.000000	9.08769e-06	
330.000000	0.0495835 	330.000000	0.0361384 	330.000000	0.0363741 	330.000000	0.0361773 	330.000000	0.0361295 	330.000000	8.83589e-06	
340.000000	0.0488041 	340.000000	0.0356137 	340.000000	0.0358335 	340.000000	0.0356403 	340.000000	0.0356051 	340.000000	8.59822e-06	
350.000000	0.0480679 	350.000000	0.0351188 	350.000000	0.0353266 	350.000000	0.035134  	350.000000	0.0351105 	350.000000	8.37351e-06	
360.000000	0.0473714 	360.000000	0.0346512 	360.000000	0.0348492 	360.000000	0.0346561 	360.000000	0.0346431 	360.000000	8.1607e-06	
370.000000	0.0467115 	370.000000	0.0342088 	370.000000	0.0343969 	370.000000	0.0342042 	370.000000	0.0342008 	370.000000	7.95887e-06	
380.000000	0.0460854 	380.000000	0.0337896 	380.000000	0.0339666 	380.000000	0.0337764 	380.000000	0.0337818 	380.000000	7.76718e-06	
390.000000	0.0454908 	390.000000	0.033392  	390.000000	0.0335581 	390.000000	0.033371  	390.000000	0.0333844 	390.000000	7.58487e-06	
400.000000	0.0449253 	400.000000	0.0330143 	400.000000	0.0331721 	400.000000	0.0329862 	400.000000	0.0330069 	400.000000	7.41126e-06	
410.000000	0.0443869 	410.000000	0.0326552 	410.000000	0.0328068 	410.000000	0.0326207 	410.000000	0.032648  	410.000000	7.24573e-06	
420.000000	0.0438739 	420.000000	0.0323134 	420.000000	0.0324595 	420.000000	0.032273  	420.000000	0.0323063 	420.000000	7.08773e-06	
430.000000	0.0433844 	430.000000	0.0319878 	430.000000	0.0321279 	430.000000	0.0319421 	430.000000	0.0319808 	430.000000	6.93674e-06	
440.000000	0.042917  	440.000000	0.0316771 	440.000000	0.0318103 	440.000000	0.0316268 	440.000000	0.0316703 	440.000000	6.7923e-06	
450.000000	0.0424702 	450.000000	0.0313806 	450.000000	0.0315071 	450.000000	0.0313261 	450.000000	0.031374  	450.000000	6.65399e-06	
460.000000	0.0420429 	460.000000	0.0310973 	460.000000	0.0312192 	460.000000	0.031039  	460.000000	0.0310908 	460.000000	6.52143e-06	
470.000000	0.0416338 	470.000000	0.0308263 	470.000000	0.030945  	470.000000	0.0307647 	470.000000	0.0308199 	470.000000	6.39425e-06	
480.000000	0.0412418 	480.000000	0.030567  	480.000000	0.030682  	480.000000	0.0305025 	480.000000	0.0305608 	480.000000	6.27213e-06	
490.000000	0.0408659 	490.000000	0.0303187 	490.000000	0.0304291 	490.000000	0.0302516 	490.000000	0.0303125 	490.000000	6.15477e-06	
500.000000	0.0405053 	500.000000	0.0300806 	500.000000	0.0301868 	500.000000	0.0300113 	500.000000	0.0300746 	500.000000	6.0419e-06	
520.000000	0.0398263 	520.000000	0.0296332 	520.000000	0.0297349 	520.000000	0.0295604 	520.000000	0.0296274 	520.000000	5.82859e-06	
540.000000	0.0391988 	540.000000	0.0292205 	540.000000	0.0293202 	540.000000	0.0291453 	540.000000	0.0292149 	540.000000	5.6304e-06	
560.000000	0.0386175 	560.000000	0.028839  	560.000000	0.028936  	560.000000	0.0287622 	560.000000	0.0288336 	560.000000	5.44574e-06	
580.000000	0.0380778 	580.000000	0.0284855 	580.000000	0.0285787 	580.000000	0.028408  	580.000000	0.0284802 	580.000000	5.27326e-06	
600.000000	0.0375759 	600.000000	0.0281573 	600.000000	0.0282489 	600.000000	0.0280798 	600.000000	0.0281522 	600.000000	5.11178e-06	
620.000000	0.0371083 	620.000000	0.0278521 	620.000000	0.0279443 	620.000000	0.0277751 	620.000000	0.0278471 	620.000000	4.96026e-06	
640.000000	0.0366718 	640.000000	0.0275677 	640.000000	0.0276611 	640.000000	0.0274917 	640.000000	0.0275628 	640.000000	4.8178e-06	
660.000000	0.0362639 	660.000000	0.0273023 	660.000000	0.0273961 	660.000000	0.0272277 	660.000000	0.0272976 	660.000000	4.6836e-06	
680.000000	0.0358821 	680.000000	0.0270542 	680.000000	0.0271475 	680.000000	0.0269813 	680.000000	0.0270497 	680.000000	4.55695e-06	
700.000000	0.0355243 	700.000000	0.0268221 	700.000000	0.0269155 	700.000000	0.0267512 	700.000000	0.0268177 	700.000000	4.43723e-06	
720.000000	0.0351886 	720.000000	0.0266047 	720.000000	0.0266998 	720.000000	0.0265359 	720.000000	0.0266004 	720.000000	4.32387e-06	
740.000000	0.0348734 	740.000000	0.0264007 	740.000000	0.0264983 	740.000000	0.0263342 	740.000000	0.0263965 	740.000000	4.21637e-06	
760.000000	0.034577  	760.000000	0.0262092 	760.000000	0.0263093 	760.000000	0.0261451 	760.000000	0.0262051 	760.000000	4.11429e-06	
780.000000	0.0342982 	780.000000	0.0260292 	780.000000	0.0261313 	780.000000	0.0259675 	780.000000	0.0260252 	780.000000	4.01722e-06	
800.000000	0.0340356 	800.000000	0.0258599 	800.000000	0.025963  	800.000000	0.0258006 	800.000000	0.0258559 	800.000000	3.92479e-06	
820.000000	0.0337882 	820.000000	0.0257005 	820.000000	0.0258043 	820.000000	0.0256436 	820.000000	0.0256966 	820.000000	3.83668e-06	
840.000000	0.0335549 	840.000000	0.0255503 	840.000000	0.0256554 	840.000000	0.0254958 	840.000000	0.0255465 	840.000000	3.75259e-06	
860.000000	0.0333349 	860.000000	0.0254087 	860.000000	0.0255159 	860.000000	0.0253565 	860.000000	0.025405  	860.000000	3.67224e-06	
880.000000	0.0331271 	880.000000	0.0252752 	880.000000	0.0253846 	880.000000	0.0252252 	880.000000	0.0252716 	880.000000	3.59539e-06	
900.000000	0.032931  	900.000000	0.0251491 	900.000000	0.0252602 	900.000000	0.0251012 	900.000000	0.0251456 	900.000000	3.52181e-06	
920.000000	0.0327457 	920.000000	0.0250301 	920.000000	0.0251419 	920.000000	0.0249842 	920.000000	0.0250266 	920.000000	3.45129e-06	
940.000000	0.0325706 	940.000000	0.0249177 	940.000000	0.02503   	940.000000	0.0248736 	940.000000	0.0249143 	940.000000	3.38365e-06	
960.000000	0.0324051 	960.000000	0.0248115 	960.000000	0.0249244 	960.000000	0.024769  	960.000000	0.0248081 	960.000000	3.3187e-06	
980.000000	0.0322487 	980.000000	0.024711  	980.000000	0.024825  	980.000000	0.02467   	980.000000	0.0247078 	980.000000	3.25629e-06	
1000.000000	0.0321008 	1000.000000	0.0246161 	1000.000000	0.0247312 	1000.000000	0.0245763 	1000.000000	0.0246129 	1000.000000	3.19628e-06	
1020.000000	0.031961  	1020.000000	0.0245263 	1020.000000	0.0246426 	1020.000000	0.0244876 	1020.000000	0.0245232 	1020.000000	3.13852e-06	
1040.000000	0.0318288 	1040.000000	0.0244415 	1040.000000	0.0245587 	1040.000000	0.0244035 	1040.000000	0.0244384 	1040.000000	3.08288e-06	
1060.000000	0.0317039 	1060.000000	0.0243612 	1060.000000	0.0244791 	1060.000000	0.0243239 	1060.000000	0.0243581 	1060.000000	3.02926e-06	
1080.000000	0.0315858 	1080.000000	0.0242852 	1080.000000	0.0244035 	1080.000000	0.0242483 	1080.000000	0.0242823 	1080.000000	2.97754e-06	
1100.000000	0.0314742 	1100.000000	0.0242134 	1100.000000	0.0243315 	1100.000000	0.0241766 	1100.000000	0.0242105 	1100.000000	2.92762e-06	
1120.000000	0.0313687 	1120.000000	0.0241455 	1120.000000	0.024264  	1120.000000	0.0241098 	1120.000000	0.0241426 	1120.000000	2.87941e-06	
1140.000000	0.0312692 	1140.000000	0.0240813 	1140.000000	0.0242    	1140.000000	0.0240466 	1140.000000	0.0240785 	1140.000000	2.83283e-06	
1160.000000	0.0311752 	1160.000000	0.0240206 	1160.000000	0.0241392 	1160.000000	0.0239866 	1160.000000	0.0240178 	1160.000000	2.78778e-06	
1180.000000	0.0310866 	1180.000000	0.0239633 	1180.000000	0.0240816 	1180.000000	0.0239297 	1180.000000	0.0239605 	1180.000000	2.74419e-06	
1200.000000	0.031003  	1200.000000	0.0239091 	1200.000000	0.0240271 	1200.000000	0.0238758 	1200.000000	0.0239064 	1200.000000	2.702e-06 	
1220.000000	0.0309242 	1220.000000	0.023858  	1220.000000	0.0239756 	1220.000000	0.0238246 	1220.000000	0.0238553 	1220.000000	2.66113e-06	
1240.000000	0.0308501 	1240.000000	0.0238097 	1240.000000	0.0239269 	1240.000000	0.023776  	1240.000000	0.0238071 	1240.000000	2.62152e-06	
1260.000000	0.0307804 	1260.000000	0.0237642 	1260.000000	0.0238809 	1260.000000	0.02373   	1260.000000	0.0237616 	1260.000000	2.58312e-06	
1280.000000	0.0307149 	1280.000000	0.0237213 	1280.000000	0.0238372 	1280.000000	0.0236862 	1280.000000	0.0237187 	1280.000000	2.54588e-06	
1300.000000	0.0306535 	1300.000000	0.0236809 	1300.000000	0.0237956 	1300.000000	0.0236447 	1300.000000	0.0236784 	1300.000000	2.50973e-06	
1320.000000	0.0305959 	1320.000000	0.0236429 	1320.000000	0.023756  	1320.000000	0.0236054 	1320.000000	0.0236404 	1320.000000	2.47462e-06	
1340.000000	0.030542  	1340.000000	0.0236072 	1340.000000	0.0237182 	1340.000000	0.0235681 	1340.000000	0.0236047 	1340.000000	2.44053e-06	
1360.000000	0.0304917 	1360.000000	0.0235736 	1360.000000	0.0236823 	1360.000000	0.0235327 	1360.000000	0.0235712 	1360.000000	2.40739e-06	
1380.000000	0.0304448 	1380.000000	0.0235422 	1380.000000	0.0236482 	1380.000000	0.0234991 	1380.000000	0.0235398 	1380.000000	2.37518e-06	
1400.000000	0.0304012 	1400.000000	0.0235127 	1400.000000	0.0236158 	1400.000000	0.0234673 	1400.000000	0.0235104 	1400.000000	2.34385e-06	
1420.000000	0.0303607 	1420.000000	0.0234852 	1420.000000	0.0235851 	1420.000000	0.0234371 	1420.000000	0.0234829 	1420.000000	2.31336e-06	
1440.000000	0.0303232 	1440.000000	0.0234595 	1440.000000	0.0235561 	1440.000000	0.0234086 	1440.000000	0.0234573 	1440.000000	2.28369e-06	
1460.000000	0.0302887 	1460.000000	0.0234356 	1460.000000	0.0235287 	1460.000000	0.0233815 	1460.000000	0.0234334 	1460.000000	2.2548e-06	
1480.000000	0.030257  	1480.000000	0.0234134 	1480.000000	0.023503  	1480.000000	0.0233559 	1480.000000	0.0234112 	1480.000000	2.22665e-06	
1500.000000	0.0302279 	1500.000000	0.0233928 	1500.000000	0.0234786 	1500.000000	0.0233317 	1500.000000	0.0233906 	1500.000000	2.19923e-06	
1520.000000	0.0302015 	1520.000000	0.0233738 	1520.000000	0.0234557 	1520.000000	0.0233089 	1520.000000	0.0233717 	1520.000000	2.17249e-06	
1540.000000	0.0301776 	1540.000000	0.0233563 	1540.000000	0.0234341 	1540.000000	0.0232872 	1540.000000	0.0233542 	1540.000000	2.14643e-06	
1560.000000	0.0301561 	1560.000000	0.0233403 	1560.000000	0.0234137 	1560.000000	0.0232668 	1560.000000	0.0233381 	1560.000000	2.121e-06 	
1580.000000	0.0301369 	1580.000000	0.0233256 	1580.000000	0.0233945 	1580.000000	0.0232476 	1580.000000	0.0233235 	1580.000000	2.09619e-06	
1600.000000	0.03012   	1600.000000	0.0233123 	1600.000000	0.0233764 	1600.000000	0.0232294 	1600.000000	0.0233102 	1600.000000	2.07198e-06	
1620.000000	0.0301053 	1620.000000	0.0233002 	1620.000000	0.0233594 	1620.000000	0.0232123 	1620.000000	0.0232982 	1620.000000	2.04834e-06	
1640.000000	0.0300926 	1640.000000	0.0232895 	1640.000000	0.0233434 	1640.000000	0.0231963 	1640.000000	0.0232874 	1640.000000	2.02525e-06	
1660.000000	0.030082  	1660.000000	0.0232799 	1660.000000	0.0233283 	1660.000000	0.0231812 	1660.000000	0.0232779 	1660.000000	2.0027e-06	
1680.000000	0.0300734 	1680.000000	0.0232715 	1680.000000	0.0233142 	1680.000000	0.023167  	1680.000000	0.0232695 	1680.000000	1.98066e-06	
1700.000000	0.0300667 	1700.000000	0.0232642 	1700.000000	0.0233009 	1700.000000	0.0231537 	1700.000000	0.0232622 	1700.000000	1.95912e-06	
1750.000000	0.0300578 	1750.000000	0.0232506 	1750.000000	0.0232712 	1750.000000	0.0231242 	1750.000000	0.0232487 	1750.000000	1.90733e-06	
1800.000000	0.0300596 	1800.000000	0.0232432 	1800.000000	0.0232461 	1800.000000	0.0230995 	1800.000000	0.0232414 	1800.000000	1.85831e-06	
1850.000000	0.0300713 	1850.000000	0.0232415 	1850.000000	0.0232251 	1850.000000	0.0230792 	1850.000000	0.0232397 	1850.000000	1.81183e-06	
1900.000000	0.0300922 	1900.000000	0.0232451 	1900.000000	0.0232081 	1900.000000	0.0230629 	1900.000000	0.0232433 	1900.000000	1.7677e-06	
1950.000000	0.0301216 	1950.000000	0.0232535 	1950.000000	0.0231946 	1950.000000	0.0230501 	1950.000000	0.0232518 	1950.000000	1.72575e-06	
2000.000000	0.0301589 	2000.000000	0.0232665 	2000.000000	0.0231845 	2000.000000	0.0230406 	2000.000000	0.0232648 	2000.000000	1.6858e-06	
2100.000000	0.0302555 	2100.000000	0.0233045 	2100.000000	0.0231735 	2100.000000	0.0230302 	2100.000000	0.0233029 	2100.000000	1.6114e-06	
2200.000000	0.0303783 	2200.000000	0.023357  	2200.000000	0.023173  	2200.000000	0.0230297 	2200.000000	0.0233555 	2200.000000	1.54351e-06	
2300.000000	0.0305242 	2300.000000	0.023422  	2300.000000	0.0231806 	2300.000000	0.0230373 	2300.000000	0.0234205 	2300.000000	1.48129e-06	
2400.000000	0.0306908 	2400.000000	0.023498  	2400.000000	0.0231948 	2400.000000	0.0230517 	2400.000000	0.0234966 	2400.000000	1.42405e-06	
2500.000000	0.0308759 	2500.000000	0.0235837 	2500.000000	0.0232144 	2500.000000	0.0230719 	2500.000000	0.0235823 	2500.000000	1.37122e-06	
2600.000000	0.0310776 	2600.000000	0.0236778 	2600.000000	0.0232386 	2600.000000	0.0230969 	2600.000000	0.0236765 	2600.000000	1.3223e-06	
2700.000000	0.0312945 	2700.000000	0.0237795 	2700.000000	0.0232669 	2700.000000	0.0231259 	2700.000000	0.0237783 	2700.000000	1.27686e-06	
2800.000000	0.0315251 	2800.000000	0.023888  	2800.000000	0.0232987 	2800.000000	0.0231582 	2800.000000	0.0238868 	2800.000000	1.23454e-06	
2900.000000	0.0317684 	2900.000000	0.0240025 	2900.000000	0.0233335 	2900.000000	0.0231934 	2900.000000	0.0240013 	2900.000000	1.19503e-06	
3000.000000	0.0320232 	3000.000000	0.0241224 	3000.000000	0.0233709 	3000.000000	0.023231  	3000.000000	0.0241213 	3000.000000	1.15806e-06	
3200.000000	0.0325641 	3200.000000	0.0243765 	3200.000000	0.0234516 	3200.000000	0.0233117 	3200.000000	0.0243754 	3200.000000	1.09078e-06	
3400.000000	0.0331419 	3400.000000	0.0246466 	3400.000000	0.0235378 	3400.000000	0.0233979 	3400.000000	0.0246455 	3400.000000	1.03113e-06	
3600.000000	0.0337519 	3600.000000	0.0249299 	3600.000000	0.0236276 	3600.000000	0.0234878 	3600.000000	0.024929  	3600.000000	9.77858e-07	
3800.000000	0.0343905 	3800.000000	0.0252244 	3800.000000	0.0237196 	3800.000000	0.02358   	3800.000000	0.0252235 	3800.000000	9.29991e-07	
4000.000000	0.0350546 	4000.000000	0.0255282 	4000.000000	0.0238128 	4000.000000	0.0236734 	4000.000000	0.0255273 	4000.000000	8.86735e-07	
4200.000000	0.0357418 	4200.000000	0.02584   	4200.000000	0.0239065 	4200.000000	0.0237675 	4200.000000	0.0258391 	4200.000000	8.47448e-07	
4400.000000	0.0364501 	4400.000000	0.0261585 	4400.000000	0.0240001 	4400.000000	0.0238615 	4400.000000	0.0261577 	4400.000000	8.11602e-07	
4600.000000	0.0371777 	4600.000000	0.0264829 	4600.000000	0.0240934 	4600.000000	0.0239551 	4600.000000	0.0264821 	4600.000000	7.78759e-07	
4800.000000	0.0379234 	4800.000000	0.0268123 	4800.000000	0.0241858 	4800.000000	0.0240479 	4800.000000	0.0268116 	4800.000000	7.48554e-07	
5000.000000	0.0386859 	5000.000000	0.0271461 	5000.000000	0.0242774 	5000.000000	0.0241397 	5000.000000	0.0271454 	5000.000000	7.20677e-07	
5250.000000	0.0396612 	5250.000000	0.0275686 	5250.000000	0.0243902 	5250.000000	0.0242528 	5250.000000	0.0275679 	5250.000000	6.88709e-07	
5500.000000	0.0406594 	5500.000000	0.0279962 	5500.000000	0.024501  	5500.000000	0.0243639 	5500.000000	0.0279955 	5500.000000	6.59544e-07	
6000.000000	0.0427198 	6000.000000	0.0288636 	6000.000000	0.0247161 	6000.000000	0.0245794 	6000.000000	0.028863  	6000.000000	6.0825e-07	
6500.000000	0.0448585 	6500.000000	0.0297437 	6500.000000	0.0249219 	6500.000000	0.0247855 	6500.000000	0.0297432 	6500.000000	5.64577e-07	
7000.000000	0.0470692 	7000.000000	0.0306332 	7000.000000	0.0251184 	7000.000000	0.0249824 	7000.000000	0.0306327 	7000.000000	5.26928e-07	
7500.000000	0.0493474 	7500.000000	0.0315298 	7500.000000	0.025306  	7500.000000	0.0251701 	7500.000000	0.0315293 	7500.000000	4.94126e-07	
8000.000000	0.0516896 	8000.000000	0.0324317 	8000.000000	0.025485  	8000.000000	0.0253493 	8000.000000	0.0324312 	8000.000000	4.65284e-07	
8500.000000	0.0540932 	8500.000000	0.0333376 	8500.000000	0.0256558 	8500.000000	0.0255203 	8500.000000	0.0333371 	8500.000000	4.39718e-07	
9000.000000	0.056556  	9000.000000	0.0342465 	9000.000000	0.0258188 	9000.000000	0.0256837 	9000.000000	0.034246  	9000.000000	4.16896e-07	
9500.000000	0.0590765 	9500.000000	0.0351576 	9500.000000	0.0259748 	9500.000000	0.0258399 	9500.000000	0.0351572 	9500.000000	3.96394e-07	
10000.000000	0.0616533 	10000.000000	0.0360703 	10000.000000	0.0261243 	10000.000000	0.0259896 	10000.000000	0.03607   	10000.000000	3.77871e-07	
11000.000000	0.066972  	11000.000000	0.0378989 	11000.000000	0.0264051 	11000.000000	0.0262706 	11000.000000	0.0378986 	11000.000000	3.45711e-07	
12000.000000	0.0725058 	12000.000000	0.0397295 	12000.000000	0.026664  	12000.000000	0.0265299 	12000.000000	0.0397292 	12000.000000	3.18736e-07	
13000.000000	0.0782507 	13000.000000	0.0415603 	13000.000000	0.0269034 	13000.000000	0.0267703 	13000.000000	0.04156   	13000.000000	2.95775e-07	
14000.000000	0.0842038 	14000.000000	0.04339   	14000.000000	0.0271257 	14000.000000	0.0269941 	14000.000000	0.0433898 	14000.000000	2.75987e-07	
15000.000000	0.0903633 	15000.000000	0.0452181 	15000.000000	0.027333  	15000.000000	0.0272032 	15000.000000	0.0452178 	15000.000000	2.58752e-07	
16000.000000	0.096728  	16000.000000	0.0470439 	16000.000000	0.0275276 	16000.000000	0.0273993 	16000.000000	0.0470437 	16000.000000	2.436e-07 	
17000.000000	0.103297  	17000.000000	0.0488671 	17000.000000	0.027711  	17000.000000	0.0275838 	17000.000000	0.0488669 	17000.000000	2.30173e-07	
18000.000000	0.110071  	18000.000000	0.0506875 	18000.000000	0.0278843 	18000.000000	0.0277578 	18000.000000	0.0506873 	18000.000000	2.18188e-07	
19000.000000	0.117048  	19000.000000	0.0525049 	19000.000000	0.0280486 	19000.000000	0.0279225 	19000.000000	0.0525047 	19000.000000	2.07425e-07	
20000.000000	0.12423   	20000.000000	0.0543194 	20000.000000	0.0282047 	20000.000000	0.0280787 	20000.000000	0.0543192 	20000.000000	1.97702e-07	
21000.000000	0.131616  	21000.000000	0.0561307 	21000.000000	0.0283527 	21000.000000	0.0282272 	21000.000000	0.0561305 	21000.000000	1.88875e-07	
22000.000000	0.139207  	22000.000000	0.057939  	22000.000000	0.0284924 	22000.000000	0.0283686 	22000.000000	0.0579388 	22000.000000	1.80825e-07	
23000.000000	0.147003  	23000.000000	0.0597443 	23000.000000	0.0286257 	23000.000000	0.0285036 	23000.000000	0.0597441 	23000.000000	1.73452e-07	
24000.000000	0.155006  	24000.000000	0.0615465 	24000.000000	0.0287534 	24000.000000	0.0286327 	24000.000000	0.0615464 	24000.000000	1.66673e-07	
25000.000000	0.163215  	25000.000000	0.0633458 	25000.000000	0.0288755 	25000.000000	0.0287564 	25000.000000	0.0633456 	25000.000000	1.6042e-07	
26000.000000	0.171632  	26000.000000	0.0651421 	26000.000000	0.0289928 	26000.000000	0.028875  	26000.000000	0.065142  	26000.000000	1.54631e-07	
27000.000000	0.180257  	27000.000000	0.0669356 	27000.000000	0.0291057 	27000.000000	0.028989  	27000.000000	0.0669355 	27000.000000	1.49258e-07	
28000.000000	0.189091  	28000.000000	0.0687263 	28000.000000	0.0292142 	28000.000000	0.0290986 	28000.000000	0.0687261 	28000.000000	1.44255e-07	
29000.000000	0.198135  	29000.000000	0.0705142 	29000.000000	0.0293186 	29000.000000	0.0292042 	29000.000000	0.070514  	29000.000000	1.39587e-07	
30000.000000	0.207391  	30000.000000	0.0722994 	30000.000000	0.029419  	30000.000000	0.0293061 	30000.000000	0.0722993 	30000.000000	1.3522e-07	
32000.000000	0.226538  	32000.000000	0.075862  	32000.000000	0.0296088 	32000.000000	0.0294995 	32000.000000	0.0758619 	32000.000000	1.27279e-07	
34000.000000	0.246542  	34000.000000	0.0794145 	34000.000000	0.0297858 	34000.000000	0.0296805 	34000.000000	0.0794144 	34000.000000	1.20243e-07	
36000.000000	0.26741   	36000.000000	0.0829574 	36000.000000	0.0299518 	36000.000000	0.0298506 	36000.000000	0.0829573 	36000.000000	1.13965e-07	
38000.000000	0.289151  	38000.000000	0.0864911 	38000.000000	0.0301081 	38000.000000	0.030011  	38000.000000	0.086491  	38000.000000	1.08326e-07	
40000.000000	0.311774  	40000.000000	0.090016  	40000.000000	0.0302557 	40000.000000	0.0301625 	40000.000000	0.0900159 	40000.000000	1.03234e-07	
42000.000000	0.335287  	42000.000000	0.0935325 	42000.000000	0.0303951 	42000.000000	0.0303062 	42000.000000	0.0935324 	42000.000000	9.86123e-08	
44000.000000	0.359701  	44000.000000	0.097041  	44000.000000	0.0305271 	44000.000000	0.0304427 	44000.000000	0.0970409 	44000.000000	9.43973e-08	
46000.000000	0.385024  	46000.000000	0.100542  	46000.000000	0.0306524 	46000.000000	0.0305728 	46000.000000	0.100542  	46000.000000	9.05375e-08	
48000.000000	0.411267  	48000.000000	0.104035  	48000.000000	0.0307716 	48000.000000	0.0306969 	48000.000000	0.104035  	48000.000000	8.69894e-08	
50000.000000	0.438438  	50000.000000	0.107521  	50000.000000	0.0308851 	50000.000000	0.0308155 	50000.000000	0.107521  	50000.000000	8.37164e-08	
