*Energy (MeV/u)1	0 - [He-base] F.Hubert et al, AD&ND Tables 46(1990)1	Energy (MeV/u)2	1 - [H -base] J.F.Ziegler et al, Pergamon Press, NY (low energy)	Energy (MeV/u)3	2 - ATIMA 1.2  LS-theory (recommended for high energy)	Energy (MeV/u)4	3 - ATIMA 1.2  without LS-correction	Energy (MeV/u)5	4 - electrical component of [1] - J.F.Ziegler et al	Energy (MeV/u)6	5 - nuclear component of [1] - J.F.Ziegler et al	
0.001000	0.176874  	0.001000	0.0422532 	0.001000	0.0439382 	0.001000	0.0439382 	0.001000	0.0381822 	0.001000	0.00407107	
0.002000	0.215007  	0.002000	0.0560067 	0.002000	0.0583084 	0.002000	0.0583084 	0.002000	0.0521584 	0.002000	0.00384828	
0.005000	0.285694  	0.005000	0.081868  	0.005000	0.0853443 	0.005000	0.0853443 	0.005000	0.0787766 	0.005000	0.00309145	
0.008000	0.333338  	0.008000	0.0999216 	0.008000	0.104217  	0.008000	0.104217  	0.008000	0.097331  	0.008000	0.00259062	
0.010000	0.35911   	0.010000	0.109961  	0.010000	0.114709  	0.010000	0.114709  	0.010000	0.107612  	0.010000	0.00234861	
0.015000	0.433568  	0.015000	0.133027  	0.015000	0.136775  	0.015000	0.136775  	0.015000	0.131103  	0.015000	0.001924  	
0.020000	0.494488  	0.020000	0.152352  	0.020000	0.155134  	0.020000	0.155134  	0.020000	0.150707  	0.020000	0.00164519	
0.025000	0.54484   	0.025000	0.168486  	0.025000	0.171148  	0.025000	0.171148  	0.025000	0.16704   	0.025000	0.00144587	
0.030000	0.586196  	0.030000	0.181803  	0.030000	0.1842    	0.030000	0.1842    	0.030000	0.180508  	0.030000	0.00129514	
0.035000	0.619583  	0.035000	0.19264   	0.035000	0.194923  	0.035000	0.194923  	0.035000	0.191463  	0.035000	0.0011765 	
0.040000	0.645809  	0.040000	0.201324  	0.040000	0.203607  	0.040000	0.203607  	0.040000	0.200244  	0.040000	0.00108032	
0.045000	0.665597  	0.045000	0.208181  	0.045000	0.21053   	0.045000	0.21053   	0.045000	0.20718   	0.045000	0.00100051	
0.050000	0.679641  	0.050000	0.213513  	0.050000	0.215957  	0.050000	0.215957  	0.050000	0.21258   	0.050000	0.000933058	
0.055000	0.688625  	0.055000	0.217597  	0.055000	0.220134  	0.055000	0.220134  	0.055000	0.216722  	0.055000	0.00087519	
0.060000	0.69322   	0.060000	0.220673  	0.060000	0.22328   	0.060000	0.22328   	0.060000	0.219848  	0.060000	0.000824915	
0.070000	0.691812  	0.070000	0.224575  	0.070000	0.227216  	0.070000	0.227216  	0.070000	0.223833  	0.070000	0.000741655	
0.080000	0.680133  	0.080000	0.226428  	0.080000	0.228959  	0.080000	0.228959  	0.080000	0.225753  	0.080000	0.000675303	
0.090000	0.662066  	0.090000	0.226997  	0.090000	0.229308  	0.090000	0.229308  	0.090000	0.226381  	0.090000	0.000615296	
0.100000	0.640553  	0.100000	0.226761  	0.100000	0.228793  	0.100000	0.228793  	0.100000	0.226191  	0.100000	0.000570475	
0.120000	0.594759  	0.120000	0.224886  	0.120000	0.226318  	0.120000	0.226318  	0.120000	0.224387  	0.120000	0.00049949	
0.140000	0.551808  	0.140000	0.22199   	0.140000	0.222898  	0.140000	0.222898  	0.140000	0.221545  	0.140000	0.000445596	
0.160000	0.51452   	0.160000	0.218563  	0.160000	0.21907   	0.160000	0.21907   	0.160000	0.21816   	0.160000	0.000403131	
0.180000	0.483014  	0.180000	0.214843  	0.180000	0.215067  	0.180000	0.215067  	0.180000	0.214474  	0.180000	0.000368716	
0.200000	0.456505  	0.200000	0.210967  	0.200000	0.211     	0.200000	0.211     	0.200000	0.210627  	0.200000	0.000340198	
0.250000	0.406162  	0.250000	0.201104  	0.250000	0.200926  	0.250000	0.200926  	0.250000	0.200818  	0.250000	0.000286313	
0.300000	0.370265  	0.300000	0.191521  	0.300000	0.191325  	0.300000	0.191325  	0.300000	0.191272  	0.300000	0.000248232	
0.350000	0.342701  	0.350000	0.182522  	0.350000	0.182383  	0.350000	0.182383  	0.350000	0.182303  	0.350000	0.000219755	
0.400000	0.320349  	0.400000	0.174207  	0.400000	0.174145  	0.400000	0.174145  	0.400000	0.174009  	0.400000	0.00019758	
0.450000	0.301537  	0.450000	0.166576  	0.450000	0.166591  	0.450000	0.166591  	0.450000	0.166396  	0.450000	0.000179777	
0.500000	0.2853    	0.500000	0.159589  	0.500000	0.159674  	0.500000	0.159674  	0.500000	0.159424  	0.500000	0.000165141	
0.600000	0.258346  	0.600000	0.147324  	0.600000	0.147519  	0.600000	0.147519  	0.600000	0.147182  	0.600000	0.000142436	
0.700000	0.23662   	0.700000	0.136965  	0.700000	0.137234  	0.700000	0.137234  	0.700000	0.13684   	0.700000	0.000125581	
0.800000	0.2186    	0.800000	0.128125  	0.800000	0.128442  	0.800000	0.128442  	0.800000	0.128013  	0.800000	0.00011253	
0.900000	0.203353  	0.900000	0.1205    	0.900000	0.120845  	0.900000	0.120845  	0.900000	0.120398  	0.900000	0.000102102	
1.000000	0.190254  	1.000000	0.113856  	1.000000	0.114217  	1.000000	0.114217  	1.000000	0.113763  	1.000000	9.35627e-05	
1.250000	0.164292  	1.250000	0.100454  	1.250000	0.100823  	1.250000	0.100823  	1.250000	0.100376  	1.250000	7.76811e-05	
1.500000	0.14495   	1.500000	0.0902716 	1.500000	0.0906269 	1.500000	0.0906269 	1.500000	0.090205  	1.500000	6.66618e-05	
1.750000	0.129935  	1.750000	0.0822446 	1.750000	0.0825781 	1.750000	0.0825781 	1.750000	0.0821861 	1.750000	5.85356e-05	
2.000000	0.117915  	2.000000	0.0757328 	2.000000	0.0760425 	2.000000	0.0760425 	2.000000	0.0756805 	2.000000	5.22774e-05	
2.250000	0.108058  	2.250000	0.0703294 	2.250000	0.0706155 	2.250000	0.0706155 	2.250000	0.0702821 	2.250000	4.7299e-05	
2.500000	0.0993898 	2.500000	0.0657629 	2.500000	0.0660269 	2.500000	0.0660269 	2.500000	0.0657196 	2.500000	4.32374e-05	
3.000000	0.086785  	3.000000	0.0584413 	3.000000	0.0586662 	3.000000	0.0586662 	3.000000	0.0584043 	3.000000	3.6995e-05	
3.500000	0.0772187 	3.500000	0.0528031 	3.500000	0.0529954 	3.500000	0.0529954 	3.500000	0.0527707 	3.500000	3.24084e-05	
4.000000	0.0696895 	4.000000	0.0483074 	4.000000	0.0484727 	4.000000	0.0484727 	4.000000	0.0482785 	4.000000	2.88868e-05	
4.500000	0.0635969 	4.500000	0.044626  	4.500000	0.0447687 	4.500000	0.0447687 	4.500000	0.0446    	4.500000	2.60922e-05	
5.000000	0.0585574 	5.000000	0.0415475 	5.000000	0.0416712 	5.000000	0.0416712 	5.000000	0.0415237 	5.000000	2.38171e-05	
5.500000	0.0543144 	5.500000	0.038929  	5.500000	0.0390365 	5.500000	0.0390365 	5.500000	0.0389071 	5.500000	2.19268e-05	
6.000000	0.0506892 	6.000000	0.0366703 	6.000000	0.0367639 	6.000000	0.0367639 	6.000000	0.03665   	6.000000	2.03295e-05	
6.500000	0.0475534 	6.500000	0.0346989 	6.500000	0.0347806 	6.500000	0.0347806 	6.500000	0.03468   	6.500000	1.8961e-05	
7.000000	0.0448122 	7.000000	0.0329609 	7.000000	0.0330321 	7.000000	0.0330321 	7.000000	0.0329431 	7.000000	1.77745e-05	
7.500000	0.0423941 	7.500000	0.0314154 	7.500000	0.0314774 	7.500000	0.0314774 	7.500000	0.0313986 	7.500000	1.67354e-05	
8.000000	0.040244  	8.000000	0.0300306 	8.000000	0.0300845 	8.000000	0.0300845 	8.000000	0.0300148 	8.000000	1.58174e-05	
8.500000	0.0383188 	8.500000	0.0287816 	8.500000	0.0288284 	8.500000	0.0288284 	8.500000	0.0287666 	8.500000	1.50001e-05	
9.000000	0.0365843 	9.000000	0.0276485 	9.000000	0.0276889 	9.000000	0.0276889 	9.000000	0.0276342 	9.000000	1.42675e-05	
9.500000	0.035013  	9.500000	0.0266151 	9.500000	0.0266497 	9.500000	0.0266497 	9.500000	0.0266015 	9.500000	1.36068e-05	
10.000000	0.0335824 	10.000000	0.0258213 	10.000000	0.0256976 	10.000000	0.0256976 	10.000000	0.0258083 	10.000000	1.30078e-05	
11.000000	0.0310727 	11.000000	0.0241416 	11.000000	0.023998  	11.000000	0.0239983 	11.000000	0.0241296 	11.000000	1.19627e-05	
12.000000	0.0289413 	12.000000	0.0226776 	12.000000	0.0225322 	12.000000	0.0225328 	12.000000	0.0226665 	12.000000	1.10808e-05	
13.000000	0.0271072 	13.000000	0.021391  	13.000000	0.0212532 	13.000000	0.0212536 	13.000000	0.0213807 	13.000000	1.0326e-05	
14.000000	0.0255113 	14.000000	0.0202519 	14.000000	0.0201253 	14.000000	0.0201253 	14.000000	0.0202423 	14.000000	9.67241e-06	
15.000000	0.0241092 	15.000000	0.0192365 	15.000000	0.0191211 	15.000000	0.0191211 	15.000000	0.0192274 	15.000000	9.10053e-06	
16.000000	0.022867  	16.000000	0.0183256 	16.000000	0.0182208 	16.000000	0.0182205 	16.000000	0.018317  	16.000000	8.59571e-06	
17.000000	0.0217583 	17.000000	0.0175039 	17.000000	0.0174084 	17.000000	0.0174073 	17.000000	0.0174958 	17.000000	8.14663e-06	
18.000000	0.0207624 	18.000000	0.0167589 	18.000000	0.01667   	18.000000	0.0166685 	18.000000	0.0167512 	18.000000	7.7444e-06	
19.000000	0.0198626 	19.000000	0.0160803 	19.000000	0.0159953 	19.000000	0.0159938 	19.000000	0.0160729 	19.000000	7.38193e-06	
20.000000	0.0190453 	20.000000	0.0154595 	20.000000	0.0153761 	20.000000	0.0153746 	20.000000	0.0154524 	20.000000	7.0535e-06	
21.000000	0.0182995 	21.000000	0.0148894 	21.000000	0.0148056 	21.000000	0.014804  	21.000000	0.0148826 	21.000000	6.75447e-06	
22.000000	0.0176161 	22.000000	0.0143639 	22.000000	0.0142776 	22.000000	0.014276  	22.000000	0.0143574 	22.000000	6.48098e-06	
23.000000	0.0169873 	23.000000	0.013878  	23.000000	0.0137876 	23.000000	0.0137859 	23.000000	0.0138718 	23.000000	6.22985e-06	
24.000000	0.0164069 	24.000000	0.0134274 	24.000000	0.0133317 	24.000000	0.0133294 	24.000000	0.0134214 	24.000000	5.99839e-06	
25.000000	0.0158692 	25.000000	0.0130082 	25.000000	0.0129063 	25.000000	0.012903  	25.000000	0.0130024 	25.000000	5.78435e-06	
27.000000	0.0149042 	27.000000	0.0122518 	27.000000	0.0121329 	27.000000	0.0121287 	27.000000	0.0122464 	27.000000	5.40108e-06	
29.000000	0.0140626 	29.000000	0.0115878 	29.000000	0.0114473 	29.000000	0.0114432 	29.000000	0.0115828 	29.000000	5.06767e-06	
31.000000	0.0133215 	31.000000	0.0110001 	31.000000	0.0108581 	31.000000	0.010854  	31.000000	0.0109954 	31.000000	4.77484e-06	
33.000000	0.0126638 	33.000000	0.0104761 	33.000000	0.0103524 	33.000000	0.0103485 	33.000000	0.0104716 	33.000000	4.5155e-06	
35.000000	0.0120759 	35.000000	0.0100059 	35.000000	0.00989779	35.000000	0.00989432	35.000000	0.0100016 	35.000000	4.28413e-06	
38.000000	0.0113018 	38.000000	0.0093843 	38.000000	0.00929775	38.000000	0.00929307	38.000000	0.00938031	38.000000	3.98023e-06	
41.000000	0.0106332 	41.000000	0.00884522	41.000000	0.00877541	41.000000	0.00877058	41.000000	0.0088415 	41.000000	3.71839e-06	
44.000000	0.0100495 	44.000000	0.00837305	44.000000	0.00831641	44.000000	0.008312  	44.000000	0.00836956	44.000000	3.49031e-06	
47.000000	0.00953524	47.000000	0.00795593	47.000000	0.00791023	47.000000	0.00790605	47.000000	0.00795264	47.000000	3.28978e-06	
50.000000	0.00907844	50.000000	0.00758465	50.000000	0.00754791	50.000000	0.00754399	50.000000	0.00758154	50.000000	3.11202e-06	
55.000000	0.00842045	55.000000	0.0070487 	55.000000	0.00702361	55.000000	0.00701999	55.000000	0.00704584	55.000000	2.85659e-06	
60.000000	0.0078649 	60.000000	0.00659528	60.000000	0.0065789 	60.000000	0.00657532	60.000000	0.00659264	60.000000	2.64154e-06	
65.000000	0.00738916	65.000000	0.0062065 	65.000000	0.00619717	65.000000	0.00619294	65.000000	0.00620404	65.000000	2.45787e-06	
70.000000	0.00697688	70.000000	0.00586932	70.000000	0.00586427	70.000000	0.00586042	70.000000	0.00586702	70.000000	2.2991e-06	
75.000000	0.0066159 	75.000000	0.00557399	75.000000	0.00557209	75.000000	0.00556846	75.000000	0.00557183	75.000000	2.16041e-06	
80.000000	0.00629703	80.000000	0.0053131 	80.000000	0.00531338	80.000000	0.00530995	80.000000	0.00531106	80.000000	2.03818e-06	
85.000000	0.00601314	85.000000	0.0050809 	85.000000	0.00508262	85.000000	0.00507938	85.000000	0.00507897	85.000000	1.9296e-06	
90.000000	0.00575866	90.000000	0.00487286	90.000000	0.0048755 	90.000000	0.00487238	90.000000	0.00487102	90.000000	1.83247e-06	
95.000000	0.00552915	95.000000	0.00468535	95.000000	0.00468919	95.000000	0.00468549	95.000000	0.00468361	95.000000	1.74505e-06	
100.000000	0.00532102	100.000000	0.00451545	100.000000	0.0045194 	100.000000	0.00451586	100.000000	0.00451379	100.000000	1.66593e-06	
105.000000	0.00513135	105.000000	0.00436077	105.000000	0.00436457	105.000000	0.00436119	105.000000	0.00435918	105.000000	1.59397e-06	
110.000000	0.00495773	110.000000	0.00421934	110.000000	0.00422281	110.000000	0.00421955	110.000000	0.00421781	110.000000	1.52822e-06	
115.000000	0.00479815	115.000000	0.0040895 	115.000000	0.0040925 	115.000000	0.00408936	115.000000	0.00408803	115.000000	1.46791e-06	
120.000000	0.00465095	120.000000	0.00396988	120.000000	0.00397229	120.000000	0.00396927	120.000000	0.00396847	120.000000	1.41237e-06	
125.000000	0.0045147 	125.000000	0.0038593 	125.000000	0.00386106	125.000000	0.00385813	125.000000	0.00385794	125.000000	1.36105e-06	
130.000000	0.00438819	130.000000	0.00375678	130.000000	0.00375781	130.000000	0.00375497	130.000000	0.00375547	130.000000	1.31349e-06	
135.000000	0.00427038	135.000000	0.00366145	135.000000	0.00366165	135.000000	0.00365896	135.000000	0.00366018	135.000000	1.26928e-06	
140.000000	0.00416039	140.000000	0.00357258	140.000000	0.00357226	140.000000	0.00356937	140.000000	0.00357135	140.000000	1.22806e-06	
145.000000	0.00405744	145.000000	0.00348953	145.000000	0.00348873	145.000000	0.00348558	145.000000	0.00348834	145.000000	1.18956e-06	
150.000000	0.00396086	150.000000	0.00341174	150.000000	0.00341009	150.000000	0.00340705	150.000000	0.00341059	150.000000	1.15349e-06	
155.000000	0.00382488	155.000000	0.00333873	155.000000	0.00333621	155.000000	0.00333328	155.000000	0.00333761	155.000000	1.11963e-06	
160.000000	0.00374517	160.000000	0.00327007	160.000000	0.00326674	160.000000	0.00326386	160.000000	0.00326898	160.000000	1.08779e-06	
165.000000	0.00367001	165.000000	0.00320537	165.000000	0.00320122	165.000000	0.00319841	165.000000	0.00320431	165.000000	1.05779e-06	
170.000000	0.003599  	170.000000	0.00314431	170.000000	0.00313935	170.000000	0.0031366 	170.000000	0.00314328	170.000000	1.02946e-06	
175.000000	0.00353182	175.000000	0.00308658	175.000000	0.00308082	175.000000	0.00307814	175.000000	0.00308558	175.000000	1.00267e-06	
180.000000	0.00346815	180.000000	0.00303192	180.000000	0.00302538	180.000000	0.00302276	180.000000	0.00303094	180.000000	9.77302e-07	
185.000000	0.00340773	185.000000	0.00298009	185.000000	0.0029728 	185.000000	0.00297022	185.000000	0.00297914	185.000000	9.53237e-07	
190.000000	0.0033503 	190.000000	0.00293087	190.000000	0.00292285	190.000000	0.00292032	190.000000	0.00292994	190.000000	9.30378e-07	
195.000000	0.00329565	195.000000	0.00288408	195.000000	0.00287531	195.000000	0.00287285	195.000000	0.00288317	195.000000	9.08635e-07	
200.000000	0.00324358	200.000000	0.00283953	200.000000	0.00283004	200.000000	0.00282766	200.000000	0.00283864	200.000000	8.87926e-07	
210.000000	0.00314646	210.000000	0.00275656	210.000000	0.0027461 	210.000000	0.00274344	210.000000	0.00275571	210.000000	8.49329e-07	
220.000000	0.00305771	220.000000	0.00268086	220.000000	0.00266922	220.000000	0.00266657	220.000000	0.00268005	220.000000	8.14076e-07	
230.000000	0.00297626	230.000000	0.00261152	230.000000	0.00259869	230.000000	0.00259613	230.000000	0.00261074	230.000000	7.81746e-07	
240.000000	0.00290126	240.000000	0.00254778	240.000000	0.00253385	240.000000	0.00253137	240.000000	0.00254703	240.000000	7.51986e-07	
250.000000	0.00283196	250.000000	0.00248898	250.000000	0.00247403	250.000000	0.00247162	250.000000	0.00248826	250.000000	7.24496e-07	
260.000000	0.00276773	260.000000	0.00243458	260.000000	0.00241868	260.000000	0.00241633	260.000000	0.00243388	260.000000	6.99023e-07	
270.000000	0.00270803	270.000000	0.00238411	270.000000	0.00236732	270.000000	0.00236503	270.000000	0.00238343	270.000000	6.7535e-07	
280.000000	0.00265241	280.000000	0.00233715	280.000000	0.00231955	280.000000	0.00231732	280.000000	0.0023365 	280.000000	6.5329e-07	
290.000000	0.00260045	290.000000	0.00229337	290.000000	0.00227497	290.000000	0.00227282	290.000000	0.00229274	290.000000	6.32682e-07	
300.000000	0.00255181	300.000000	0.00225245	300.000000	0.0022335 	300.000000	0.00223125	300.000000	0.00225183	300.000000	6.13384e-07	
310.000000	0.00250619	310.000000	0.00221412	310.000000	0.00219472	310.000000	0.00219232	310.000000	0.00221352	310.000000	5.95275e-07	
320.000000	0.00246331	320.000000	0.00217815	320.000000	0.00215809	320.000000	0.00215574	320.000000	0.00217757	320.000000	5.78246e-07	
330.000000	0.00242293	330.000000	0.00214434	330.000000	0.00212364	330.000000	0.00212135	330.000000	0.00214378	330.000000	5.62202e-07	
340.000000	0.00238485	340.000000	0.00211249	340.000000	0.00209123	340.000000	0.00208898	340.000000	0.00211195	340.000000	5.47059e-07	
350.000000	0.00234887	350.000000	0.00208245	350.000000	0.00206066	350.000000	0.00205845	350.000000	0.00208192	350.000000	5.32742e-07	
360.000000	0.00231483	360.000000	0.00205408	360.000000	0.00203179	360.000000	0.00202962	360.000000	0.00205356	360.000000	5.19185e-07	
370.000000	0.00228259	370.000000	0.00202723	370.000000	0.00200449	370.000000	0.00200236	370.000000	0.00202672	370.000000	5.06327e-07	
380.000000	0.00225199	380.000000	0.0020018 	380.000000	0.00197864	380.000000	0.00197654	380.000000	0.0020013 	380.000000	4.94116e-07	
390.000000	0.00222294	390.000000	0.00197767	390.000000	0.00195413	390.000000	0.00195206	390.000000	0.00197719	390.000000	4.82502e-07	
400.000000	0.0021953 	400.000000	0.00195476	400.000000	0.00193087	400.000000	0.00192883	400.000000	0.00195429	400.000000	4.71444e-07	
410.000000	0.002169  	410.000000	0.00193297	410.000000	0.00190876	410.000000	0.00190674	410.000000	0.00193251	410.000000	4.609e-07 	
420.000000	0.00214392	420.000000	0.00191224	420.000000	0.00188773	420.000000	0.00188574	420.000000	0.00191179	420.000000	4.50836e-07	
430.000000	0.00212001	430.000000	0.00189248	430.000000	0.0018677 	430.000000	0.00186573	430.000000	0.00189204	430.000000	4.41219e-07	
440.000000	0.00209717	440.000000	0.00187364	440.000000	0.00184858	440.000000	0.00184666	440.000000	0.00187321	440.000000	4.3202e-07	
450.000000	0.00207534	450.000000	0.00185565	450.000000	0.00183036	450.000000	0.00182847	450.000000	0.00185523	450.000000	4.23212e-07	
460.000000	0.00205445	460.000000	0.00183847	460.000000	0.00181304	460.000000	0.0018111 	460.000000	0.00183805	460.000000	4.14769e-07	
470.000000	0.00203446	470.000000	0.00182203	470.000000	0.00179653	470.000000	0.00179449	470.000000	0.00182163	470.000000	4.0667e-07	
480.000000	0.00201531	480.000000	0.00180631	480.000000	0.0017807 	480.000000	0.00177861	480.000000	0.00180591	480.000000	3.98893e-07	
490.000000	0.00199694	490.000000	0.00179124	490.000000	0.00176548	490.000000	0.0017634 	490.000000	0.00179085	490.000000	3.9142e-07	
500.000000	0.00197932	500.000000	0.0017768 	500.000000	0.00175088	500.000000	0.00174884	500.000000	0.00177642	500.000000	3.84232e-07	
520.000000	0.00194614	520.000000	0.00174966	520.000000	0.00172347	520.000000	0.00172148	520.000000	0.00174929	520.000000	3.7065e-07	
540.000000	0.00191547	540.000000	0.00172462	540.000000	0.00169824	540.000000	0.00169628	540.000000	0.00172426	540.000000	3.58031e-07	
560.000000	0.00188707	560.000000	0.00170147	560.000000	0.00167492	560.000000	0.001673  	560.000000	0.00170113	560.000000	3.46274e-07	
580.000000	0.0018607 	580.000000	0.00168002	580.000000	0.00165334	580.000000	0.00165145	580.000000	0.00167969	580.000000	3.35293e-07	
600.000000	0.00183617	600.000000	0.0016601 	600.000000	0.00163332	600.000000	0.00163146	600.000000	0.00165978	600.000000	3.25012e-07	
620.000000	0.00181332	620.000000	0.00164157	620.000000	0.00161472	620.000000	0.00161289	620.000000	0.00164126	620.000000	3.15367e-07	
640.000000	0.00179199	640.000000	0.00162431	640.000000	0.0015974 	640.000000	0.00159559	640.000000	0.001624  	640.000000	3.06298e-07	
660.000000	0.00177206	660.000000	0.00160819	660.000000	0.00158124	660.000000	0.00157945	660.000000	0.00160789	660.000000	2.97756e-07	
680.000000	0.0017534 	680.000000	0.00159312	680.000000	0.00156612	680.000000	0.00156438	680.000000	0.00159284	680.000000	2.89695e-07	
700.000000	0.00173592	700.000000	0.00157902	700.000000	0.00155204	700.000000	0.00155029	700.000000	0.00157874	700.000000	2.82074e-07	
720.000000	0.00171952	720.000000	0.00156581	720.000000	0.00153891	720.000000	0.00153708	720.000000	0.00156553	720.000000	2.74859e-07	
740.000000	0.00170411	740.000000	0.00155341	740.000000	0.00152659	740.000000	0.00152469	740.000000	0.00155314	740.000000	2.68018e-07	
760.000000	0.00168963	760.000000	0.00154176	760.000000	0.00151495	760.000000	0.00151306	760.000000	0.0015415 	760.000000	2.61521e-07	
780.000000	0.001676  	780.000000	0.00153081	780.000000	0.00150398	780.000000	0.00150212	780.000000	0.00153056	780.000000	2.55344e-07	
800.000000	0.00166317	800.000000	0.00152051	800.000000	0.00149366	800.000000	0.00149183	800.000000	0.00152026	800.000000	2.49462e-07	
820.000000	0.00165108	820.000000	0.0015108 	820.000000	0.00148395	820.000000	0.00148213	820.000000	0.00151056	820.000000	2.43855e-07	
840.000000	0.00163968	840.000000	0.00150166	840.000000	0.00147479	840.000000	0.00147299	840.000000	0.00150142	840.000000	2.38504e-07	
860.000000	0.00162893	860.000000	0.00149303	860.000000	0.00146615	860.000000	0.00146436	860.000000	0.0014928 	860.000000	2.33391e-07	
880.000000	0.00161878	880.000000	0.00148489	880.000000	0.00145798	880.000000	0.00145621	880.000000	0.00148466	880.000000	2.28501e-07	
900.000000	0.00160919	900.000000	0.0014772 	900.000000	0.00145026	900.000000	0.00144851	900.000000	0.00147698	900.000000	2.23819e-07	
920.000000	0.00160014	920.000000	0.00146994	920.000000	0.00144296	920.000000	0.00144122	920.000000	0.00146972	920.000000	2.19333e-07	
940.000000	0.00159158	940.000000	0.00146307	940.000000	0.00143605	940.000000	0.00143432	940.000000	0.00146286	940.000000	2.15029e-07	
960.000000	0.0015835 	960.000000	0.00145658	960.000000	0.00142951	960.000000	0.00142779	960.000000	0.00145637	960.000000	2.10897e-07	
980.000000	0.00157585	980.000000	0.00145044	980.000000	0.0014233 	980.000000	0.00142159	980.000000	0.00145024	980.000000	2.06926e-07	
1000.000000	0.00156863	1000.000000	0.00144464	1000.000000	0.00141742	1000.000000	0.00141572	1000.000000	0.00144443	1000.000000	2.03108e-07	
1020.000000	0.00156179	1020.000000	0.00143914	1020.000000	0.00141183	1020.000000	0.00141015	1020.000000	0.00143894	1020.000000	1.99434e-07	
1040.000000	0.00155534	1040.000000	0.00143394	1040.000000	0.00140653	1040.000000	0.00140486	1040.000000	0.00143374	1040.000000	1.95894e-07	
1060.000000	0.00154923	1060.000000	0.00142902	1060.000000	0.0014015 	1060.000000	0.00139983	1060.000000	0.00142882	1060.000000	1.92483e-07	
1080.000000	0.00154346	1080.000000	0.00142436	1080.000000	0.00139672	1080.000000	0.00139506	1080.000000	0.00142417	1080.000000	1.89193e-07	
1100.000000	0.00153801	1100.000000	0.00141995	1100.000000	0.00139217	1100.000000	0.00139052	1100.000000	0.00141976	1100.000000	1.86018e-07	
1120.000000	0.00153285	1120.000000	0.00141577	1120.000000	0.00138785	1120.000000	0.00138621	1120.000000	0.00141559	1120.000000	1.82951e-07	
1140.000000	0.00152799	1140.000000	0.00141182	1140.000000	0.00138374	1140.000000	0.00138211	1140.000000	0.00141164	1140.000000	1.79988e-07	
1160.000000	0.0015234 	1160.000000	0.00140808	1160.000000	0.00137983	1160.000000	0.0013782 	1160.000000	0.0014079 	1160.000000	1.77122e-07	
1180.000000	0.00151906	1180.000000	0.00140454	1180.000000	0.00137611	1180.000000	0.00137449	1180.000000	0.00140437	1180.000000	1.7435e-07	
1200.000000	0.00151498	1200.000000	0.0014012 	1200.000000	0.00137256	1200.000000	0.00137095	1200.000000	0.00140102	1200.000000	1.71666e-07	
1220.000000	0.00151113	1220.000000	0.00139803	1220.000000	0.00136918	1220.000000	0.00136758	1220.000000	0.00139786	1220.000000	1.69067e-07	
1240.000000	0.00150751	1240.000000	0.00139504	1240.000000	0.00136596	1240.000000	0.00136438	1240.000000	0.00139488	1240.000000	1.66548e-07	
1260.000000	0.0015041 	1260.000000	0.00139222	1260.000000	0.0013629 	1260.000000	0.00136132	1260.000000	0.00139206	1260.000000	1.64106e-07	
1280.000000	0.0015009 	1280.000000	0.00138956	1280.000000	0.00135998	1280.000000	0.00135841	1280.000000	0.0013894 	1280.000000	1.61737e-07	
1300.000000	0.0014979 	1300.000000	0.00138704	1300.000000	0.00135721	1300.000000	0.00135564	1300.000000	0.00138688	1300.000000	1.59438e-07	
1320.000000	0.00149509	1320.000000	0.00138467	1320.000000	0.00135458	1320.000000	0.001353  	1320.000000	0.00138452	1320.000000	1.57205e-07	
1340.000000	0.00149245	1340.000000	0.00138244	1340.000000	0.00135208	1340.000000	0.00135048	1340.000000	0.00138229	1340.000000	1.55037e-07	
1360.000000	0.00149   	1360.000000	0.00138034	1360.000000	0.0013497 	1360.000000	0.00134808	1360.000000	0.00138019	1360.000000	1.5293e-07	
1380.000000	0.0014877 	1380.000000	0.00137837	1380.000000	0.00134744	1380.000000	0.0013458 	1380.000000	0.00137822	1380.000000	1.50881e-07	
1400.000000	0.00148557	1400.000000	0.00137652	1400.000000	0.00134528	1400.000000	0.00134362	1400.000000	0.00137637	1400.000000	1.48889e-07	
1420.000000	0.00148359	1420.000000	0.00137478	1420.000000	0.00134322	1420.000000	0.00134155	1420.000000	0.00137463	1420.000000	1.4695e-07	
1440.000000	0.00148176	1440.000000	0.00137316	1440.000000	0.00134126	1440.000000	0.00133957	1440.000000	0.00137301	1440.000000	1.45063e-07	
1460.000000	0.00148008	1460.000000	0.00137164	1460.000000	0.00133938	1460.000000	0.00133768	1460.000000	0.00137149	1460.000000	1.43226e-07	
1480.000000	0.00147853	1480.000000	0.00137022	1480.000000	0.00133759	1480.000000	0.00133589	1480.000000	0.00137008	1480.000000	1.41436e-07	
1500.000000	0.00147711	1500.000000	0.0013689 	1500.000000	0.00133588	1500.000000	0.00133418	1500.000000	0.00136876	1500.000000	1.39692e-07	
1520.000000	0.00147582	1520.000000	0.00136768	1520.000000	0.00133424	1520.000000	0.00133255	1520.000000	0.00136754	1520.000000	1.37992e-07	
1540.000000	0.00147465	1540.000000	0.00136655	1540.000000	0.00133268	1540.000000	0.001331  	1540.000000	0.00136641	1540.000000	1.36335e-07	
1560.000000	0.0014736 	1560.000000	0.0013655 	1560.000000	0.0013312 	1560.000000	0.00132953	1560.000000	0.00136537	1560.000000	1.34718e-07	
1580.000000	0.00147266	1580.000000	0.00136454	1580.000000	0.00132979	1580.000000	0.00132812	1580.000000	0.00136441	1580.000000	1.33141e-07	
1600.000000	0.00147183	1600.000000	0.00136366	1600.000000	0.00132844	1600.000000	0.00132679	1600.000000	0.00136353	1600.000000	1.31601e-07	
1620.000000	0.00147111	1620.000000	0.00136286	1620.000000	0.00132717	1620.000000	0.00132552	1620.000000	0.00136273	1620.000000	1.30098e-07	
1640.000000	0.00147049	1640.000000	0.00136214	1640.000000	0.00132595	1640.000000	0.00132431	1640.000000	0.00136201	1640.000000	1.2863e-07	
1660.000000	0.00146998	1660.000000	0.00136148	1660.000000	0.0013248 	1660.000000	0.00132316	1660.000000	0.00136136	1660.000000	1.27196e-07	
1680.000000	0.00146956	1680.000000	0.0013609 	1680.000000	0.00132371	1680.000000	0.00132207	1680.000000	0.00136078	1680.000000	1.25795e-07	
1700.000000	0.00146923	1700.000000	0.00136039	1700.000000	0.00132267	1700.000000	0.00132104	1700.000000	0.00136026	1700.000000	1.24425e-07	
1750.000000	0.00146879	1750.000000	0.00135938	1750.000000	0.00132031	1750.000000	0.00131868	1750.000000	0.00135926	1750.000000	1.21133e-07	
1800.000000	0.00146888	1800.000000	0.00135874	1800.000000	0.00131825	1800.000000	0.00131663	1800.000000	0.00135863	1800.000000	1.18016e-07	
1850.000000	0.00146945	1850.000000	0.00135845	1850.000000	0.00131646	1850.000000	0.00131484	1850.000000	0.00135834	1850.000000	1.15062e-07	
1900.000000	0.00147047	1900.000000	0.00135848	1900.000000	0.00131492	1900.000000	0.00131331	1900.000000	0.00135837	1900.000000	1.12256e-07	
1950.000000	0.00147191	1950.000000	0.0013588 	1950.000000	0.0013136 	1950.000000	0.001312  	1950.000000	0.00135869	1950.000000	1.09589e-07	
2000.000000	0.00147373	2000.000000	0.00135939	2000.000000	0.00131248	2000.000000	0.00131089	2000.000000	0.00135929	2000.000000	1.0705e-07	
2100.000000	0.00147845	2100.000000	0.00136131	2100.000000	0.0013108 	2100.000000	0.00130922	2100.000000	0.00136121	2100.000000	1.02321e-07	
2200.000000	0.00148445	2200.000000	0.00136411	2200.000000	0.00130974	2200.000000	0.00130817	2200.000000	0.00136401	2200.000000	9.80054e-08	
2300.000000	0.00149158	2300.000000	0.00136765	2300.000000	0.00130921	2300.000000	0.00130764	2300.000000	0.00136756	2300.000000	9.40508e-08	
2400.000000	0.00149972	2400.000000	0.00137186	2400.000000	0.00130911	2400.000000	0.00130755	2400.000000	0.00137177	2400.000000	9.04132e-08	
2500.000000	0.00150877	2500.000000	0.00137666	2500.000000	0.00130938	2500.000000	0.00130784	2500.000000	0.00137657	2500.000000	8.70557e-08	
2600.000000	0.00151863	2600.000000	0.00138196	2600.000000	0.00130997	2600.000000	0.00130843	2600.000000	0.00138188	2600.000000	8.39466e-08	
2700.000000	0.00152923	2700.000000	0.00138773	2700.000000	0.00131083	2700.000000	0.00130929	2700.000000	0.00138765	2700.000000	8.10591e-08	
2800.000000	0.0015405 	2800.000000	0.0013939 	2800.000000	0.00131191	2800.000000	0.00131038	2800.000000	0.00139382	2800.000000	7.83701e-08	
2900.000000	0.00155238	2900.000000	0.00140043	2900.000000	0.00131318	2900.000000	0.00131166	2900.000000	0.00140036	2900.000000	7.58596e-08	
3000.000000	0.00156483	3000.000000	0.0014073 	3000.000000	0.00131462	3000.000000	0.0013131 	3000.000000	0.00140722	3000.000000	7.35102e-08	
3200.000000	0.00159126	3200.000000	0.00142188	3200.000000	0.00131789	3200.000000	0.00131638	3200.000000	0.00142181	3200.000000	6.92356e-08	
3400.000000	0.0016195 	3400.000000	0.00143743	3400.000000	0.00132157	3400.000000	0.00132006	3400.000000	0.00143736	3400.000000	6.54457e-08	
3600.000000	0.00164931	3600.000000	0.00145378	3600.000000	0.00132553	3600.000000	0.00132403	3600.000000	0.00145372	3600.000000	6.20616e-08	
3800.000000	0.00168051	3800.000000	0.00147081	3800.000000	0.00132969	3800.000000	0.0013282 	3800.000000	0.00147075	3800.000000	5.90208e-08	
4000.000000	0.00171296	4000.000000	0.0014884 	4000.000000	0.00133399	4000.000000	0.00133251	4000.000000	0.00148834	4000.000000	5.62732e-08	
4200.000000	0.00174654	4200.000000	0.00150647	4200.000000	0.00133838	4200.000000	0.0013369 	4200.000000	0.00150642	4200.000000	5.37777e-08	
4400.000000	0.00178115	4400.000000	0.00152495	4400.000000	0.00134282	4400.000000	0.00134134	4400.000000	0.0015249 	4400.000000	5.15009e-08	
4600.000000	0.00181671	4600.000000	0.00154379	4600.000000	0.00134727	4600.000000	0.0013458 	4600.000000	0.00154374	4600.000000	4.9415e-08	
4800.000000	0.00185315	4800.000000	0.00156293	4800.000000	0.00135173	4800.000000	0.00135026	4800.000000	0.00156288	4800.000000	4.74967e-08	
5000.000000	0.00189041	5000.000000	0.00158233	5000.000000	0.00135616	5000.000000	0.00135469	5000.000000	0.00158229	5000.000000	4.57263e-08	
5250.000000	0.00193807	5250.000000	0.00160691	5250.000000	0.00136166	5250.000000	0.0013602 	5250.000000	0.00160687	5250.000000	4.36962e-08	
5500.000000	0.00198685	5500.000000	0.00163179	5500.000000	0.00136709	5500.000000	0.00136563	5500.000000	0.00163175	5500.000000	4.18441e-08	
6000.000000	0.00208753	6000.000000	0.00168231	6000.000000	0.0013777 	6000.000000	0.00137624	6000.000000	0.00168227	6000.000000	3.85871e-08	
6500.000000	0.00219204	6500.000000	0.00173359	6500.000000	0.00138792	6500.000000	0.00138646	6500.000000	0.00173356	6500.000000	3.58142e-08	
7000.000000	0.00230007	7000.000000	0.00178545	7000.000000	0.00139773	7000.000000	0.00139628	7000.000000	0.00178542	7000.000000	3.34239e-08	
7500.000000	0.00241139	7500.000000	0.00183774	7500.000000	0.00140714	7500.000000	0.00140569	7500.000000	0.00183771	7500.000000	3.13415e-08	
8000.000000	0.00252585	8000.000000	0.00189036	8000.000000	0.00141615	8000.000000	0.0014147 	8000.000000	0.00189033	8000.000000	2.95106e-08	
8500.000000	0.0026433 	8500.000000	0.00194323	8500.000000	0.00142478	8500.000000	0.00142333	8500.000000	0.0019432 	8500.000000	2.78878e-08	
9000.000000	0.00276364	9000.000000	0.00199628	9000.000000	0.00143304	9000.000000	0.0014316 	9000.000000	0.00199625	9000.000000	2.64392e-08	
9500.000000	0.00288681	9500.000000	0.00204947	9500.000000	0.00144096	9500.000000	0.00143952	9500.000000	0.00204944	9500.000000	2.51379e-08	
10000.000000	0.00301273	10000.000000	0.00210276	10000.000000	0.00144858	10000.000000	0.00144712	10000.000000	0.00210274	10000.000000	2.39623e-08	
11000.000000	0.00327263	11000.000000	0.00220955	11000.000000	0.00146288	11000.000000	0.00146143	11000.000000	0.00220953	11000.000000	2.19214e-08	
12000.000000	0.00354304	12000.000000	0.00231647	12000.000000	0.00147607	12000.000000	0.00147468	12000.000000	0.00231645	12000.000000	2.02096e-08	
13000.000000	0.00382377	13000.000000	0.00242342	13000.000000	0.00148837	13000.000000	0.00148699	13000.000000	0.00242341	13000.000000	1.87526e-08	
14000.000000	0.00411467	14000.000000	0.00253033	14000.000000	0.00149993	14000.000000	0.00149847	14000.000000	0.00253031	14000.000000	1.74971e-08	
15000.000000	0.00441566	15000.000000	0.00263715	15000.000000	0.00151081	15000.000000	0.00150922	15000.000000	0.00263713	15000.000000	1.64036e-08	
16000.000000	0.00472668	16000.000000	0.00274384	16000.000000	0.00152099	16000.000000	0.00151932	16000.000000	0.00274382	16000.000000	1.54423e-08	
17000.000000	0.00504768	17000.000000	0.00285039	17000.000000	0.00153052	17000.000000	0.00152882	17000.000000	0.00285037	17000.000000	1.45905e-08	
18000.000000	0.00537867	18000.000000	0.00295677	18000.000000	0.00153946	18000.000000	0.00153781	18000.000000	0.00295676	18000.000000	1.38303e-08	
19000.000000	0.00571962	19000.000000	0.00306299	19000.000000	0.00154787	19000.000000	0.00154632	19000.000000	0.00306298	19000.000000	1.31475e-08	
20000.000000	0.00607056	20000.000000	0.00316904	20000.000000	0.00155582	20000.000000	0.0015544 	20000.000000	0.00316903	20000.000000	1.25308e-08	
21000.000000	0.00643148	21000.000000	0.00327491	21000.000000	0.00156339	21000.000000	0.00156208	21000.000000	0.0032749 	21000.000000	1.19709e-08	
22000.000000	0.00680242	22000.000000	0.00338061	22000.000000	0.00157071	22000.000000	0.00156941	22000.000000	0.0033806 	22000.000000	1.14603e-08	
23000.000000	0.0071834 	23000.000000	0.00348613	23000.000000	0.00157772	23000.000000	0.00157642	23000.000000	0.00348612	23000.000000	1.09927e-08	
24000.000000	0.00757445	24000.000000	0.00359148	24000.000000	0.00158442	24000.000000	0.00158312	24000.000000	0.00359147	24000.000000	1.05628e-08	
25000.000000	0.0079756 	25000.000000	0.00369665	25000.000000	0.00159084	25000.000000	0.00158954	25000.000000	0.00369664	25000.000000	1.01662e-08	
26000.000000	0.00838689	26000.000000	0.00380166	26000.000000	0.00159701	26000.000000	0.00159571	26000.000000	0.00380165	26000.000000	9.79909e-09	
27000.000000	0.00880835	27000.000000	0.0039065 	27000.000000	0.00160295	27000.000000	0.00160164	27000.000000	0.00390649	27000.000000	9.45833e-09	
28000.000000	0.00924005	28000.000000	0.00401118	28000.000000	0.00160866	28000.000000	0.00160734	28000.000000	0.00401117	28000.000000	9.14113e-09	
29000.000000	0.009682  	29000.000000	0.00411569	29000.000000	0.00161414	29000.000000	0.00161285	29000.000000	0.00411568	29000.000000	8.8451e-09	
30000.000000	0.0101343 	30000.000000	0.00422005	30000.000000	0.00161941	30000.000000	0.00161816	30000.000000	0.00422005	30000.000000	8.56819e-09	
32000.000000	0.0110699 	32000.000000	0.00442832	32000.000000	0.00162942	32000.000000	0.00162824	32000.000000	0.00442831	32000.000000	8.06466e-09	
34000.000000	0.0120474 	34000.000000	0.004636  	34000.000000	0.0016388 	34000.000000	0.0016377 	34000.000000	0.00463599	34000.000000	7.61855e-09	
36000.000000	0.0130672 	36000.000000	0.00484312	36000.000000	0.00164765	36000.000000	0.00164659	36000.000000	0.00484312	36000.000000	7.22047e-09	
38000.000000	0.0141295 	38000.000000	0.00504971	38000.000000	0.001656  	38000.000000	0.00165497	38000.000000	0.0050497 	38000.000000	6.86301e-09	
40000.000000	0.015235  	40000.000000	0.00525578	40000.000000	0.00166391	40000.000000	0.00166291	40000.000000	0.00525578	40000.000000	6.5402e-09	
42000.000000	0.016384  	42000.000000	0.00546137	42000.000000	0.00167141	42000.000000	0.00167044	42000.000000	0.00546136	42000.000000	6.24718e-09	
44000.000000	0.017577  	44000.000000	0.00566648	44000.000000	0.00167854	44000.000000	0.0016776 	44000.000000	0.00566648	44000.000000	5.97998e-09	
46000.000000	0.0188145 	46000.000000	0.00587115	46000.000000	0.00168533	46000.000000	0.00168442	46000.000000	0.00587115	46000.000000	5.73531e-09	
48000.000000	0.0200968 	48000.000000	0.00607538	48000.000000	0.0016918 	48000.000000	0.00169094	48000.000000	0.00607538	48000.000000	5.5104e-09	
50000.000000	0.0214246 	50000.000000	0.0062792 	50000.000000	0.00169799	50000.000000	0.00169718	50000.000000	0.0062792 	50000.000000	5.30293e-09	
