*Fit parameters table created by DEEFIT
*09| ntel mf npar alfa   mu  nu  csi  g  lambda  of_s  of_f  chi2
*14| ntel mf npar alfa   mu  nu  lambda csi gap gb cp zl zi ze of_s of_f chi2
*mf=0 2*Z; 1=Charity; 2=EPAX;
   0 1 14 0.46670 0.99961 1.00172 -0.03444 0.70250 191.28080 9.96421 9.50003 0.28885 20.00000 0.00211 0.06179 0.40788 64.73020 15.38402
   1 1 14 1.01911 0.47903 0.20000 0.71592 15.11561 0.28211 0.77745 9.25512 0.01574 19.99999 0.03690 0.26229 0.00000 51.00020 17.83111
   2 1 14 1.08456 0.44399 1.01803 1.66351 15.78811 1024.20025 0.83451 25.71816 0.01376 19.99998 0.06237 0.00000 0.25468 62.47101 12.97472
   3 1 14 0.97126 0.51314 0.90587 -0.03975 6.82374 107.71005 2.36846 10.81503 0.03318 19.99968 0.01043 0.27927 0.00000 23.06882 16.49307
   4 1 14 1.01834 0.48754 0.31025 0.66163 14.96831 0.58524 0.05151 10.14365 0.00131 2.94669 15.47080 10.45582 0.08721 73.41826 11.21119
   5 1 14 1.02193 0.49867 0.20017 0.82810 14.49126 0.33361 0.90437 9.86800 0.02981 19.99832 0.02354 0.12964 0.26598 60.28709 16.88874
   6 1 14 1.51737 0.00000 0.96667 -0.05871 1.89007 161.57379 3.23685 9.69379 0.07561 19.99999 0.00610 0.17571 0.05954 48.19100 13.50622
   7 1 14 1.01419 0.49494 0.70930 0.34998 14.99394 0.00109 0.09970 9.09440 0.00468 12.92932 0.28373 0.05843 0.23022 67.68488 13.84393
   8 1 14 1.03717 0.49086 0.35403 0.66735 14.63602 0.00100 0.59506 7.85864 0.02698 19.99579 0.03569 0.20033 0.20628 39.31380 12.66643
   9 0 14 1.09464 0.46053 1.03305 1.57449 14.78003 868.98638 0.17768 19.60826 0.00397 19.63641 0.31858 0.00022 0.29196 82.88601 8.26365
  10 0 14 0.98247 0.57766 0.89984 -0.03164 2.74676 132.34456 6.45535 12.26437 0.09124 20.00000 0.00337 0.25424 0.00000 54.64997 6.98261
  11 0 14 1.04539 0.45947 1.04298 1.90479 15.07764 566.92369 0.28517 13.41455 0.00726 19.96685 0.10101 0.00071 0.29146 74.60257 14.56141
  12 0 14 1.53078 0.00000 1.07430 0.03416 6.87157 287.38723 0.93020 6.32176 0.05958 19.99971 0.02531 0.16895 0.30219 28.54308 15.06554
  13 0 14 0.87184 0.13857 1.11923 0.64737 19.05380 985.02946 0.18727 11.45784 0.01122 7.39972 0.42611 0.00467 0.28281 18.25890 8.65543
  14 0 14 1.06217 0.43925 1.06973 1.99999 15.46937 628.50678 0.20829 9.14060 0.00663 5.67378 0.32713 0.00020 0.25846 66.36756 7.88294
  15 0 14 1.07927 0.44522 1.07626 1.53523 15.49919 855.17490 0.50402 14.06944 0.01818 20.00000 0.07504 0.00000 0.37645 48.46932 18.74058
  16 0 14 1.09462 0.41804 1.03989 1.54218 16.76157 986.94087 0.56607 13.38757 0.02101 6.25971 0.16069 0.00008 0.29024 74.75772 4.36246
  17 0 14 1.08217 0.43359 1.05886 1.65716 16.14453 964.10496 0.37268 15.19251 0.00988 11.79466 0.16728 0.00006 0.42929 45.38764 6.11660
  18 0 14 1.08803 0.44680 1.02430 1.55890 15.56404 712.69582 0.23317 12.06806 0.00797 5.90844 0.35795 0.00000 0.20260 77.14893 3.50820
  19 0 14 1.09696 0.43428 1.10307 1.54086 16.03089 1011.38269 0.66708 12.65214 0.03204 20.00000 0.06809 0.00000 0.34922 65.63566 3.85215
  20 0 14 1.07245 0.41665 1.02783 1.59477 16.90315 878.46243 0.33970 15.77187 0.00816 7.31044 0.24411 0.02556 0.26987 49.17431 3.53180
  21 0 14 1.08362 0.40695 1.01430 1.65016 17.25697 951.91856 0.66400 16.71460 0.01371 4.90641 0.13255 0.02585 0.18065 46.92888 3.83430
  22 0 14 1.05181 0.43763 1.00458 1.96603 16.02065 594.61764 0.17410 10.96243 0.00350 2.81098 0.47863 0.01883 0.06904 42.14020 6.66480
  23 0 14 1.11123 0.37875 1.02692 1.51675 17.71362 1031.79000 0.06472 12.16406 0.00287 3.70788 14.44651 4.65219 0.19996 37.41654 6.62229
  24 0 14 1.10226 0.41105 1.09956 1.52949 16.27409 1016.80873 0.87799 10.70949 0.05016 12.66433 0.06631 0.00000 0.42238 39.66128 4.13526
  25 0 14 1.12754 0.39053 1.04153 1.51491 16.71229 951.38709 0.35165 13.39228 0.01213 3.70871 0.35116 0.00066 0.23827 35.67894 6.64905
  26 0 14 1.16573 0.36272 1.07930 0.65929 15.02803 551.54139 0.86099 4.48270 0.24034 19.98511 0.04789 0.30092 0.26202 37.64365 5.96160
  27 0 14 1.07494 0.41405 0.98473 1.61005 16.70003 781.64719 0.15151 14.67001 0.00355 3.38985 1.56597 0.00017 0.18898 55.97819 6.95276
  28 0 14 1.10131 0.48426 0.95853 -0.03704 8.38264 95.98253 1.33630 5.64500 0.06224 19.99995 0.01817 0.32809 0.00000 79.84712 7.62212
  29 0 14 1.09604 0.42512 1.01988 1.60487 15.71674 752.76700 0.27371 11.83840 0.00876 4.46034 0.35517 0.00000 0.20476 60.61720 3.46875
  30 0 14 1.10150 0.42513 1.11790 1.47863 15.85580 963.08356 0.56102 9.45233 0.04190 18.40580 0.07731 0.00000 0.42750 73.49741 4.98249
  31 0 14 1.06933 0.49350 0.96594 -0.04533 9.76232 73.45233 0.93082 8.36417 0.02787 19.99994 0.02627 0.25225 0.05171 63.98751 9.06110
  32 0 14 1.11404 0.40787 1.16011 1.47820 16.78436 1141.38611 0.22388 8.72860 0.01909 19.05249 0.18888 0.00168 0.59180 60.48443 4.32651
  33 0 14 1.06826 0.42584 0.96461 1.88021 16.35180 572.47002 0.49803 5.83048 0.01471 19.99750 0.08048 0.31956 0.13534 94.69656 5.45521
  34 0 14 1.10174 0.40007 1.01373 1.53067 17.33418 939.39078 0.44697 13.48187 0.01742 4.55132 0.23635 0.00000 0.14587 71.70276 4.24236
  35 0 14 1.01923 0.50593 0.91024 -0.02776 7.53361 108.67075 1.16732 7.23528 0.03584 19.99178 0.02544 0.24386 0.00000 91.19234 9.42382
  36 0 14 1.09350 0.50115 0.95718 -0.04377 7.65619 112.33654 0.37496 8.09718 0.01355 19.96454 0.06042 0.23332 0.00000 91.53880 8.08261
  37 0 14 0.69837 0.69884 0.90018 -0.03081 3.01299 140.65443 3.43640 9.49256 0.08158 19.99977 0.00758 0.19190 0.00000 75.12509 9.04214
  38 0 14 0.98528 0.49944 0.91505 -0.03221 4.83430 134.40327 1.31991 8.96730 0.03105 19.99821 0.01817 0.22528 0.00000 97.02669 7.91243
  39 0 14 1.03540 0.52740 0.90858 -0.03934 3.50245 139.23190 7.27502 7.00990 0.22674 20.00000 0.00346 0.26486 0.00000 88.81769 8.69980
  40 0 14 1.08207 0.40824 1.02989 1.54178 17.38252 1038.35520 0.25079 13.75437 0.01065 5.61130 0.38401 0.00000 0.18515 61.44831 9.93975
  41 0 14 0.95065 0.51687 0.90058 -0.03880 6.48449 110.96639 1.35647 9.12054 0.03276 19.99996 0.01786 0.20880 0.00000 86.75286 9.28751
  42 0 14 1.14077 0.37137 1.04899 1.23734 17.11090 915.18409 0.55903 7.89872 0.05548 19.92730 0.08675 0.24066 0.30409 77.41449 7.71703
  43 0 14 1.02800 0.48380 0.65883 0.26529 14.79126 0.00102 0.33227 5.80662 0.01688 19.96263 0.08880 0.25229 0.00000 77.01930 11.24312
  44 0 14 1.12945 0.38886 1.16013 1.34597 16.83785 1119.46203 0.35699 7.45298 0.03947 8.10091 0.18243 0.00101 0.63545 86.78290 6.91027
  45 0 14 0.99649 0.39947 0.89155 1.99581 17.73288 447.06962 0.63535 94.70324 0.00029 0.60787 0.63404 0.00003 0.01205 68.30694 8.45202
  46 0 14 0.95649 0.54983 0.86631 -0.02578 5.82316 105.48217 1.27817 8.29258 0.02670 19.99593 0.01891 0.28422 0.00000 112.84353 7.66321
  47 0 14 1.05365 0.47823 1.14396 -0.26478 13.96062 3.78721 0.06095 7.57524 0.00208 2.74451 3.16394 0.01404 0.00000 89.79694 7.94941
