1	0	50.5405	0.871278	0	0	0	40.7799	0.731764	6.16483e-05	-1.77314e-08	2.00102e-12
1	1	53.549	0.808302	0	0	0	43.9732	0.678095	6.89735e-05	-2.13464e-08	2.53491e-12
2	0	49.1757	0.755299	0	0	0	42.0042	0.577375	0.000107714	-3.89197e-08	5.04636e-12
2	1	48.6064	0.748909	0	0	0	38.4832	0.624462	5.09236e-05	-1.26484e-08	1.18791e-12
3	0	55.3533	0.849162	0	0	0	43.1101	0.711289	5.20841e-05	-1.25488e-08	1.05043e-12
3	1	49.3034	0.863497	0	0	0	39.7924	0.716287	6.8992e-05	-2.0693e-08	2.35262e-12
4	0	54.8489	0.898203	0	0	0	42.8548	0.748519	7.39685e-05	-2.1099e-08	2.21237e-12
4	1	47.4857	0.822382	0	0	0	40.1013	0.678484	6.80905e-05	-1.77838e-08	1.65681e-12
5	0	44.9521	0.787764	0	0	0	38.5174	0.63706	6.81216e-05	-1.83788e-08	1.85992e-12
5	1	47.0382	0.782861	0	0	0	39.916	0.637853	7.15456e-05	-2.10702e-08	2.33954e-12
6	0	50.6557	0.805089	0	0	0	42.4602	0.676715	5.3261e-05	-1.24972e-08	1.04464e-12
6	1	44.1176	0.772209	0	0	0	37.7368	0.599967	0.000102726	-3.39796e-08	3.98107e-12
7	0	50.863	0.790569	0	0	0	41.1862	0.66665	4.45413e-05	-9.29821e-09	7.51604e-13
7	1	41.2999	0.769366	0	0	0	33.3185	0.620939	7.16973e-05	-2.0819e-08	2.30367e-12
8	0	41.6759	0.822049	0	0	0	35.1203	0.665049	9.46309e-05	-3.23614e-08	4.04844e-12
8	1	42.5678	0.789817	0	0	0	40.3211	0.640225	8.909e-05	-2.76705e-08	3.13429e-12
9	0	44.8345	0.737938	0	0	0	39.5474	0.6254	4.7956e-05	-1.08089e-08	8.44796e-13
9	1	44.5001	0.876311	0	0	0	41.8107	0.702581	0.000109064	-3.51356e-08	4.0823e-12
10	0	41.5033	0.834881	0	0	0	37.6711	0.680856	8.29994e-05	-2.41778e-08	2.5294e-12
10	1	49.4364	0.883301	0	0	0	45.9108	0.707951	0.000105218	-3.39506e-08	4.01123e-12
11	0	41.9649	0.883385	0	0	0	39.5836	0.722263	8.8171e-05	-2.64737e-08	2.8964e-12
11	1	44.4285	0.833206	0	0	0	41.2639	0.675098	9.26246e-05	-2.85495e-08	3.27086e-12
12	0	43.3934	0.859049	0	0	0	37.6362	0.71756	7.45743e-05	-2.19666e-08	2.39461e-12
12	1	46.8988	0.87	0	0	0	32.3326	0.755883	4.8356e-05	-1.32912e-08	1.47747e-12
13	0	47.0861	0.805196	0	0	0	47.556	0.644181	9.42439e-05	-2.94513e-08	3.40841e-12
13	1	44.1427	0.850575	0	0	0	38.0494	0.696392	8.73274e-05	-2.73799e-08	3.16705e-12
14	0	42.8162	0.820537	0	0	0	40.4922	0.673208	8.21646e-05	-2.52308e-08	2.84679e-12
14	1	43.9179	0.878939	0	0	0	40.8763	0.716851	9.39358e-05	-2.89565e-08	3.24129e-12
15	0	42.7853	0.856352	0	0	0	36.3138	0.713262	5.87094e-05	-1.21547e-08	7.4462e-13
15	1	53.6844	0.835141	0	0	0	45.5804	0.688159	6.79165e-05	-1.67586e-08	1.43893e-12
16	0	44.259	0.826689	0	0	0	44.819	0.666235	8.57922e-05	-2.31864e-08	2.21596e-12
16	1	46.0841	0.890731	0	0	0	40.1698	0.724905	9.82323e-05	-3.14891e-08	3.70023e-12
17	0	44.0181	0.85341	0	0	0	42.9085	0.679831	0.000102866	-3.30427e-08	3.86955e-12
17	1	42.0247	0.887337	0	0	0	38.7553	0.724485	9.61713e-05	-3.12004e-08	3.71169e-12
18	0	48.7935	0.853301	0	0	0	45.4083	0.692695	8.39962e-05	-2.54637e-08	2.89077e-12
18	1	47.001	0.864395	0	0	0	37.8096	0.725695	6.3271e-05	-1.59543e-08	1.42129e-12
19	0	42.2082	0.830503	0	0	0	39.5393	0.671558	9.02197e-05	-2.76126e-08	3.11261e-12
19	1	48.2393	0.829303	0	0	0	43.4985	0.682345	7.77503e-05	-2.24497e-08	2.36368e-12
20	0	45.6571	0.897868	0	0	0	40.0529	0.735255	7.93773e-05	-2.14708e-08	1.99961e-12
20	1	46.7191	0.849242	0	0	0	41.0936	0.685115	0.000106149	-3.64284e-08	4.50563e-12
21	0	46.8944	0.866153	0	0	0	50.0525	0.6958	0.000105877	-3.44949e-08	4.12975e-12
21	1	49.3108	0.815222	0	0	0	43.4428	0.670573	8.9927e-05	-2.99589e-08	3.66293e-12
22	0	45.4211	0.839328	0	0	0	45.2285	0.696511	7.26673e-05	-1.9905e-08	2.05079e-12
22	1	48.1004	0.875529	0	0	0	44.6316	0.703711	0.000103613	-3.28008e-08	3.72279e-12
23	0	52.3876	0.776007	0	0	0	43.0127	0.656512	6.18587e-05	-1.90707e-08	2.12635e-12
23	1	51.2903	0.805949	0	0	0	42.899	0.661542	8.12105e-05	-2.66394e-08	3.29332e-12
24	0	49.7164	0.806675	0	0	0	42.2882	0.640515	8.94586e-05	-3.02918e-08	3.82082e-12
24	1	48.4677	0.883567	0	0	0	40.533	0.688882	0.0001178	-4.06463e-08	5.01866e-12
-90	-0.0411486	-0.00493243	1.05626	1.22994	1.28265
-70	-0.00131008	0.0025814	0.87301	1.21178	1.17328
-50	-0.00810372	0.0276497	0.790417	1.06103	1.06391
-30	-0.0160589	0.0844706	0.702807	0.916358	0.954533
-10	0.0484671	0.0838567	0.673711	0.862698	0.84516
10	0.066741	0.123233	0.643632	0.699319	0.735787
30	0.0413765	0.079138	0.709395	0.616294	0.626414
50	0.0112996	0.0521659	0.78504	0.515193	0.517041
70	-0.000183824	-0.00809492	0.905372	0.441122	0.407668
90	-0.012796	-0.024471	1.04879	0.348331	0.298295	// bar1
-90	-0.0737439	0.00397227	1.0755	1.31447	1.35277
-70	-0.075482	0.00860786	0.879407	1.20138	1.22894
-50	-0.00397185	0.0523807	0.725546	1.15061	1.10511
-30	0.024299	0.097328	0.616047	0.95161	0.981279
-10	0.0776945	0.137182	0.561397	0.875323	0.857449
10	0.100689	0.158778	0.567221	0.7424	0.733618
30	0.067075	0.149308	0.61458	0.600198	0.609788
50	0.022354	0.116339	0.725129	0.475545	0.485957
70	-0.000304	0.080312	0.855941	0.367199	0.362127
90	-0.014577	-0.00832326	1.04974	0.328137	0.238296	// bar2
-90	-0.128493	-0.0213235	1.10279	1.22413	1.25198
-70	-0.0552315	0.0169074	0.877624	1.14516	1.1375
-50	-0.0234981	0.0709703	0.716515	1.0159	1.02303
-30	0.00685907	0.10566	0.628666	0.90025	0.908546
-10	0.0815662	0.154314	0.543139	0.798322	0.794066
10	0.107613	0.172176	0.529682	0.670674	0.679587
30	0.0951618	0.130068	0.603385	0.588701	0.565107
50	0.0449894	0.0992936	0.703188	0.443812	0.450628
70	-0.00464655	0.0667845	0.875576	0.331795	0.336148
90	0.000446182	0.0483027	1.02472	0.250474	0.221669	// bar3
-90	-0.151085	-0.00324645	1.08161	1.12458	1.15812
-70	-0.136954	-0.00401261	0.969088	1.05979	1.06709
-50	-0.10592	0.00835025	0.846126	0.980053	0.976055
-30	-0.0806755	0.0123538	0.791474	0.894117	0.88502
-10	-0.0363527	0.0340166	0.761811	0.788614	0.793986
10	-0.0110651	0.0470089	0.76104	0.710571	0.702951
30	-0.000775886	0.0555493	0.767304	0.598092	0.611916
50	0.0228671	0.0444359	0.805973	0.528798	0.520881
70	0.00608631	0.052258	0.91204	0.427711	0.429846
90	0.00632121	0.0273313	1.03274	0.35547	0.338811	// bar4
-90	-0.068923	-0.00221124	1.07641	1.1951	1.21222
-70	-0.0667233	-0.00118932	0.912656	1.10712	1.11803
-50	0.00182594	0.0237372	0.797273	1.02052	1.02383
-30	0.0387302	0.0276032	0.716177	0.958282	0.929636
-10	0.0192269	0.0341272	0.722637	0.835456	0.83544
10	0.0480531	0.041023	0.686483	0.743988	0.741245
30	0.0482792	0.0281337	0.709764	0.616222	0.647049
50	0.0133591	-0.0450978	0.827824	0.559179	0.552853
70	0.00737916	-0.0750751	0.931316	0.465968	0.458657
90	-0.0139162	-0.142485	1.0759	0.420422	0.364461	// bar5
-90	-0.0732553	-0.0166064	1.08667	1.13502	1.08923
-70	-0.0497691	0.0259469	0.952215	1.01256	1.01397
-50	-0.0100165	0.0072789	0.888945	0.952178	0.938716
-30	0.0231976	0.0272426	0.826008	0.860307	0.863458
-10	0.0667713	0.0580541	0.781587	0.768282	0.788201
10	0.0890508	0.0589692	0.793799	0.712036	0.712943
30	0.0932182	0.0397729	0.805681	0.650196	0.637686
50	0.0546709	0.0195402	0.879268	0.564677	0.562428
70	0.0372211	0.00481097	0.928891	0.48434	0.487171
90	-0.00798391	-0.0316943	1.07782	0.431992	0.411913	// bar6
-90	-0.123511	-0.00707447	1.07291	1.1651	1.20693
-70	-0.0766163	0.00429571	0.890236	1.0879	1.10584
-50	-0.016585	-0.00552659	0.766032	1.03526	1.00476
-30	-0.000723857	0.0349738	0.692526	0.886139	0.903669
-10	0.0606362	0.0461788	0.63456	0.813294	0.802581
10	0.058916	0.0391731	0.63942	0.693092	0.701494
30	0.0594034	0.00895977	0.666337	0.616381	0.600406
50	0.0130341	-0.0287074	0.771931	0.479978	0.499319
70	0.0128644	-0.0945339	0.879119	0.404259	0.398231
90	-0.00392442	-0.164157	1.04604	0.352745	0.297144	// bar7
-90	-0.159376	0.00448223	1.10327	1.08629	1.07337
-70	-0.173129	-0.0240439	1.02065	0.998145	1.00232
-50	-0.111404	-0.0074393	0.918432	0.940251	0.931279
-30	-0.0679301	0.0139981	0.857775	0.857171	0.860232
-10	-0.0229055	0.0156006	0.804578	0.807609	0.789186
10	-0.00612337	0.0322919	0.796302	0.701116	0.71814
30	-0.0114712	0.0144784	0.82057	0.633149	0.647093
50	0.0224957	-0.006	0.839535	0.572053	0.576047
70	0.0238682	-0.0435824	0.936631	0.51981	0.505001
90	0.00255729	-0.0366285	1.0461	0.430968	0.433954	// bar8
-90	-0.101981	0.00211717	1.02539	1.10308	1.10378
-70	-0.0741784	0.0172217	0.921286	1.0131	1.03069
-50	-0.0327121	0.0135606	0.81762	0.954793	0.957604
-30	-0.00839698	0.0134298	0.798663	0.884677	0.884517
-10	0.00785791	-0.00232239	0.771732	0.834523	0.81143
10	0.0138706	-0.0172464	0.777424	0.746938	0.738343
30	0.010347	-0.0427019	0.814973	0.67656	0.665256
50	0.0152859	-0.072344	0.851958	0.590572	0.592169
70	0.0120134	-0.0665527	0.937161	0.497922	0.519082
90	0.00238075	-0.0781133	1.08027	0.43752	0.445995	// bar9
-90	0.0126892	-0.0080777	1.08275	1.15582	1.14323
-70	-0.0086872	0.000393031	0.919333	1.05562	1.06583
-50	0.016055	-0.00590826	0.812665	0.987635	0.98842
-30	0.0171436	-0.0231204	0.771975	0.913456	0.911014
-10	0.00302092	-0.0376468	0.782803	0.834767	0.833608
10	0.00414616	-0.0776178	0.7875	0.767074	0.756202
30	0.00503239	-0.095352	0.814858	0.696731	0.678796
50	0.00638278	-0.084642	0.877041	0.592186	0.60139
70	0.00780529	-0.111752	0.981622	0.511767	0.523984
90	0.00755155	-0.129768	1.09601	0.455585	0.446577	// bar10
-90	-0.159877	0.00401774	1.12199	1.04547	1.0687
-70	-0.10552	0.0133042	0.951157	1.00601	1.00561
-50	-0.0503376	0.0188828	0.866529	0.936846	0.942525
-30	-0.0192513	0.0148482	0.820485	0.879169	0.879435
-10	0.00180322	-0.00663358	0.771835	0.826446	0.816346
10	0.00732608	-0.0200292	0.785096	0.75397	0.753256
30	0.000755968	-0.0462113	0.812106	0.677897	0.690166
50	0.00260093	-0.107733	0.892943	0.64174	0.627077
70	0.0182312	-0.140543	0.979024	0.556333	0.563987
90	0.00275726	-0.130013	1.0996	0.477817	0.500898	// bar11
-90	-0.0555536	0.000446429	1.05149	1.24143	1.23109
-70	-0.0379293	0.00137626	0.888071	1.16177	1.14277
-50	0.00635548	0.0137612	0.77298	1.04991	1.05444
-30	0.0232259	0.0131143	0.740569	0.956532	0.966117
-10	0.0672731	0.0085164	0.688754	0.871329	0.877792
10	0.076335	-0.020737	0.676465	0.779312	0.789467
30	0.0484868	-0.0758781	0.741171	0.69735	0.701142
50	0.0300205	-0.149856	0.815757	0.618791	0.612817
70	0.0107246	-0.198792	0.938674	0.534038	0.524491
90	-0.0107009	-0.246545	1.10113	0.427374	0.436166	// bar12
-90	-0.0859785	-0.00280822	1.09858	1.15115	1.11742
-70	-0.0868223	0.0128261	0.956817	1.02979	1.04539
-50	-0.0110807	0.0201528	0.841161	0.988259	0.973359
-30	-0.00588457	0.00955046	0.798327	0.908303	0.90133
-10	0.0216948	0.0160405	0.769689	0.83091	0.829301
10	0.0245516	-0.0032242	0.770854	0.762479	0.757272
30	0.0119451	-0.0319247	0.808553	0.668303	0.685243
50	0.0222197	-0.0665619	0.851491	0.609964	0.613214
70	0.0028692	-0.117316	0.977441	0.548283	0.541185
90	-0.000861486	-0.0935811	1.08605	0.450853	0.469156	// bar13
-90	-0.133687	-0.00550904	1.10971	1.09408	1.12526
-70	-0.102121	-0.00148133	0.937397	1.02663	1.05473
-50	-0.0226522	0.00754941	0.824576	1.00851	0.984205
-30	0.00529988	0.0150577	0.771323	0.913935	0.913678
-10	0.0255675	0.00470765	0.73835	0.853244	0.843152
10	0.028773	-0.0323289	0.740128	0.779997	0.772626
30	0.0190803	-0.0770931	0.800378	0.705247	0.7021
50	0.0157473	-0.0914647	0.834386	0.612401	0.631573
70	0.008083	-0.171846	0.960152	0.563149	0.561047
90	-0.0237884	-0.181591	1.12199	0.464523	0.490521	// bar14
-90	-0.0327258	0.00355862	1.06269	1.20573	1.23219
-70	0.0144506	0.0105257	0.887546	1.14518	1.14177
-50	0.0516086	0.0180233	0.754215	1.05267	1.05136
-30	0.0516711	-0.00420395	0.732923	0.964083	0.960943
-10	0.0376173	-0.0175293	0.717894	0.858329	0.870528
10	0.0346956	-0.0386962	0.696011	0.779489	0.780114
30	0.015519	-0.0833584	0.755443	0.683066	0.689699
50	0.0189038	-0.123502	0.833631	0.615786	0.599285
70	0.00233879	-0.130429	0.933343	0.503965	0.50887
90	-0.00298387	-0.0915121	1.07126	0.389235	0.418456	// bar15
-90	-0.133792	0.0255118	1.12453	1.12008	1.07201
-70	-0.1075	0.062	0.934883	1.00566	1.00997
-50	-0.0664245	0.0287752	0.878204	0.937968	0.947932
-30	-0.0296825	-0.00355623	0.832806	0.898498	0.885895
-10	0.00182134	-0.0751352	0.827002	0.830974	0.823859
10	0.019598	-0.165674	0.801457	0.783369	0.761822
30	0.0248004	-0.176688	0.813943	0.676038	0.699785
50	0.0144204	-0.237629	0.899561	0.619049	0.637748
70	0.0121254	-0.318629	1.01602	0.591161	0.575711
90	-0.01139	-0.341349	1.14782	0.508295	0.513674	// bar16
-90	-0.202679	-0.00421053	1.11329	1.08179	1.07021
-70	-0.156585	0.0139939	0.962431	1.01706	1.00703
-50	-0.0977822	0.0210639	0.877131	0.936504	0.943844
-30	-0.0358776	0.0139816	0.819554	0.895774	0.880662
-10	-0.0148375	0.0159232	0.791885	0.804268	0.81748
10	0.0104231	0.000155148	0.798764	0.741827	0.754299
30	0.0141176	-0.0394652	0.846648	0.687694	0.691117
50	0.00883586	-0.0829839	0.885165	0.623317	0.627935
70	0.0128302	-0.131277	0.986756	0.580676	0.564753
90	-0.0022842	-0.163566	1.11919	0.493774	0.501571	// bar17
-90	-0.167809	-0.0220062	1.09223	1.18317	1.11817
-70	-0.144771	0.0144752	0.90913	1.05801	1.04471
-50	-0.084128	0.0256071	0.808972	0.963482	0.971257
-30	-0.0488445	0.0127601	0.771817	0.899081	0.897802
-10	0.00891492	0.0432006	0.710364	0.814193	0.824348
10	0.0344233	0.0173952	0.718886	0.740969	0.750893
30	0.0293229	-0.0374158	0.755998	0.675164	0.677439
50	0.0115093	-0.115377	0.861609	0.626119	0.603984
70	-0.000651995	-0.134399	0.958287	0.52395	0.53053
90	-0.00600346	-0.230121	1.10619	0.48348	0.457075	// bar18
-90	-0.133753	0.0120494	1.09319	1.121	1.09801
-70	-0.0736017	0.00556075	0.929382	1.07651	1.03319
-50	-0.0628382	0.01657	0.817508	0.965422	0.968366
-30	-0.0224245	0.00529496	0.765741	0.880549	0.903543
-10	-0.00129134	0.00476378	0.736889	0.825771	0.838719
10	0.0197379	0.00309672	0.744478	0.744029	0.773895
30	0.0187627	-0.0560637	0.793285	0.679919	0.709072
50	0.0185151	-0.159368	0.872042	0.673336	0.644248
70	0.00469679	-0.23813	0.983824	0.604921	0.579424
90	-0.0100331	-0.250574	1.09338	0.518734	0.514601	// bar19
-90	-0.1092	0.00250776	1.07576	1.15255	1.13069
-70	-0.0971656	0.00341718	0.919448	1.05674	1.05502
-50	-0.0741819	0.0236771	0.840119	0.97026	0.979361
-30	-0.0235349	0.0250453	0.781511	0.927943	0.903697
-10	-0.0262963	0.0326808	0.762717	0.808009	0.828034
10	-0.0011497	0.0134378	0.789092	0.746881	0.752371
30	0.0131479	-0.00355563	0.800856	0.688735	0.676708
50	0.0127198	-0.0327121	0.86767	0.594929	0.601045
70	0.00397658	-0.0779506	0.97145	0.528127	0.525382
90	-0.00823653	-0.0808548	1.08567	0.43289	0.449719	// bar20
-90	-0.034891	0.00904105	1.07591	1.15904	1.13121
-70	-0.0139909	0.0269475	0.948363	1.06436	1.0643
-50	0.0168366	0.0193569	0.867058	1.00513	0.997403
-30	0.0183982	-0.00040505	0.833322	0.916241	0.930501
-10	0.0370679	-0.0510897	0.81155	0.864023	0.863598
10	0.0320025	-0.0726733	0.796617	0.803223	0.796696
30	0.0255478	-0.11608	0.860364	0.738436	0.729794
50	0.00165116	-0.150104	0.905229	0.64887	0.662892
70	-0.00880643	-0.22171	1.01948	0.600894	0.59599
90	-0.0250448	-0.220874	1.13581	0.50351	0.529088	// bar21
-90	-0.0993931	0.00555491	1.11318	1.10694	1.1224
-70	-0.0498519	0.0210093	0.939319	1.05581	1.0614
-50	-0.0111871	-0.0145029	0.867544	1.00144	1.0004
-30	0.013865	-0.0595401	0.813617	0.939059	0.939393
-10	0.00337518	-0.113966	0.826322	0.881037	0.87839
10	0.018309	-0.138544	0.820086	0.823708	0.817387
30	0.012109	-0.190359	0.856812	0.754411	0.756384
50	0.0183939	-0.248199	0.90571	0.704295	0.695382
70	0.0039454	-0.314207	1.01797	0.623348	0.634379
90	0.00219439	-0.321413	1.14965	0.554699	0.573376	// bar22
-90	-0.018058	-0.0345631	1.04784	1.20012	1.1978
-70	0.0189438	-0.00154028	0.876955	1.1224	1.09878
-50	0.015715	0.0150171	0.793205	0.9979	0.999768
-30	0.018683	0.0383254	0.762444	0.903223	0.900753
-10	0.0495143	0.0789956	0.708353	0.786192	0.801739
10	0.0427893	0.0639433	0.727578	0.68773	0.702724
30	0.0105714	0.0457727	0.763731	0.563901	0.60371
50	0.0145108	0.00175147	0.843995	0.525013	0.504696
70	0.0076248	-0.0209406	0.921285	0.431494	0.405681
90	0.000225989	-0.0675141	1.04896	0.356879	0.306667	// bar23
-90	-0.142367	0.00403002	1.14094	1.26211	1.27964
-70	-0.0981799	0.0182008	0.900359	1.18123	1.17242
-50	-0.0475648	0.010557	0.783486	1.05925	1.0652
-30	-0.0402941	0.0184483	0.700622	0.943898	0.957973
-10	0.0259621	0.0502949	0.601603	0.849487	0.850749
10	0.0359091	0.0369447	0.633926	0.736509	0.743526
30	0.0383708	-0.0224203	0.68093	0.669158	0.636302
50	0.0123756	-0.0874287	0.788954	0.533883	0.529078
70	0.00361782	-0.156182	0.922627	0.403689	0.421855
90	-0.00455882	-0.262458	1.10678	0.312581	0.314631	// bar24
