1	0	44.2247	0.956454	0	0	0	41.13	0.824834	7.69398e-05	-2.38657e-08	2.78976e-12
1	1	47.9049	0.869393	0	0	0	42.7941	0.717106	8.86444e-05	-2.77388e-08	3.23269e-12
2	0	48.5885	0.896337	0	0	0	37.3595	0.797556	4.6194e-05	-1.31863e-08	1.48939e-12
2	1	52.3477	0.825723	0	0	0	42.5143	0.694904	8.47525e-05	-3.04927e-08	3.92345e-12
3	0	43.117	0.970117	0	0	0	42.0755	0.815866	7.80632e-05	-2.2436e-08	2.48877e-12
3	1	50.6552	0.800982	0	0	0	43.9039	0.661791	9.06213e-05	-2.94818e-08	3.51419e-12
4	0	46.3463	0.897614	0	0	0	42.4772	0.771089	7.23204e-05	-2.13196e-08	2.35274e-12
4	1	51.0907	0.826591	0	0	0	43.0285	0.692133	8.22242e-05	-2.65085e-08	3.12688e-12
5	0	50.0924	0.954333	0	0	0	43.9407	0.820132	8.04847e-05	-2.63785e-08	3.16166e-12
5	1	49.2782	0.747781	0	0	0	41.0716	0.614523	7.57387e-05	-2.38305e-08	2.71551e-12
6	0	50.4574	0.900213	0	0	0	48.1085	0.769991	7.41306e-05	-2.24766e-08	2.50144e-12
6	1	49.2339	0.809982	0	0	0	41.5262	0.676504	8.01334e-05	-2.60754e-08	3.17734e-12
7	0	46.562	1.01189	0	0	0	33.1094	0.88312	6.33028e-05	-1.94576e-08	2.25391e-12
7	1	52.2546	0.715711	0	0	0	41.6341	0.587589	6.28233e-05	-1.81054e-08	1.94452e-12
8	0	54.0091	0.915564	0	0	0	48.4135	0.763401	7.88101e-05	-2.36974e-08	2.61318e-12
8	1	47.8537	0.774531	0	0	0	39.8827	0.619949	8.8948e-05	-2.9225e-08	3.50213e-12
9	0	46.9282	0.903477	0	0	0	42.6445	0.737973	0.000102863	-3.41148e-08	4.15123e-12
9	1	51.2369	0.844137	0	0	0	43.0403	0.692395	9.61476e-05	-3.13895e-08	3.73647e-12
10	0	53.1245	0.931942	0	0	0	45.4741	0.800526	7.86417e-05	-2.5195e-08	2.98703e-12
10	1	51.1415	0.821961	0	0	0	43.1063	0.678549	8.48371e-05	-2.74501e-08	3.27961e-12
11	0	51.8392	0.917162	0	0	0	46.3379	0.771732	7.69782e-05	-2.16852e-08	2.18592e-12
11	1	53.6037	0.888993	0	0	0	43.1986	0.73557	8.89371e-05	-2.79966e-08	3.24258e-12
12	0	47.4114	0.896813	0	0	0	40.9056	0.769921	7.31803e-05	-2.28534e-08	2.68483e-12
12	1	50.9895	0.857816	0	0	0	40.9322	0.728593	7.40755e-05	-2.2087e-08	2.44983e-12
13	0	45.328	0.918351	0	0	0	40.1765	0.789189	7.76158e-05	-2.52639e-08	3.0788e-12
13	1	48.3952	0.894807	0	0	0	43.0314	0.755951	8.67959e-05	-2.88642e-08	3.50775e-12
14	0	47.0675	0.901601	0	0	0	40.6366	0.735071	8.97326e-05	-2.80142e-08	3.27522e-12
14	1	47.4607	0.888595	0	0	0	41.2141	0.752362	8.31506e-05	-2.66925e-08	3.14875e-12
15	0	55.5862	0.907681	0	0	0	50.0105	0.782965	5.79737e-05	-1.45443e-08	1.41227e-12
15	1	48.8745	0.869992	0	0	0	45.01	0.684662	0.00012831	-4.45846e-08	5.5383e-12
16	0	48.9674	0.931868	0	0	0	42.4929	0.803637	7.48821e-05	-2.40602e-08	2.91129e-12
16	1	42.5642	0.971567	0	0	0	36.2279	0.837767	8.60977e-05	-2.79023e-08	3.30726e-12
17	0	48.0663	0.826015	0	0	0	40.1292	0.710225	5.47024e-05	-1.39971e-08	1.37526e-12
17	1	34.5566	0.907345	0	0	0	33.8961	0.738204	0.00011955	-4.30812e-08	5.52806e-12
18	0	47.6741	0.968928	0	0	0	43.4627	0.809187	9.61117e-05	-3.17784e-08	3.86768e-12
18	1	46.5345	0.92889	0	0	0	38.3073	0.797408	7.22272e-05	-2.08702e-08	2.27765e-12
19	0	47.6656	0.980014	0	0	0	46.5204	0.813929	9.76458e-05	-2.93175e-08	3.21731e-12
19	1	47.6707	0.905114	0	0	0	37.7281	0.797426	5.28769e-05	-1.35742e-08	1.30054e-12
20	0	48.9214	0.893748	0	0	0	45.1781	0.758664	5.59171e-05	-1.19599e-08	8.72604e-13
20	1	42.965	0.88421	0	0	0	39.219	0.720007	0.000100881	-3.31906e-08	3.97689e-12
21	0	45.2158	0.891832	0	0	0	37.4905	0.775985	5.40349e-05	-1.36957e-08	1.29757e-12
21	1	44.2404	0.911799	0	0	0	40.2248	0.771259	8.23693e-05	-2.60253e-08	3.07468e-12
22	0	47.6758	0.910634	0	0	0	40.5065	0.773176	7.51707e-05	-2.26397e-08	2.51929e-12
22	1	45.8095	0.942879	0	0	0	38.4585	0.814895	7.06681e-05	-2.12925e-08	2.37257e-12
23	0	52.4543	1.01316	0	0	0	42.05	0.862176	8.73953e-05	-2.81496e-08	3.24662e-12
23	1	44.8051	0.912216	0	0	0	36.9974	0.798421	6.2768e-05	-1.79311e-08	1.92049e-12
24	0	1.19831	0.937575	0	0	0	-14.7422	0.796621	7.71874e-05	-2.4263e-08	2.77068e-12
24	1	56.2311	0.862922	0	0	0	36.8994	0.731665	6.23082e-05	-1.83307e-08	2.03753e-12
-90	-0.0601653	-0.0174259	1.08894		1.11507		1.10475
-70	-0.0366094	-0.0197389	0.976573	1.05302		1.04564
-50	0.00119712	-0.0067978	0.894656	0.97291		0.986528
-30	0.0372531	-0.00861447	0.828283	0.928874	0.927415
-10	0.0472131	-0.0202368	0.80953		0.865827	0.868302
10	0.0455172	-0.0848865	0.839703	0.813294	0.809189
30	0.0383727	-0.138242	0.855595	0.763763	0.750076
50	0.0158963	-0.207154	0.920691	0.683926	0.690962
70	0.00817632	-0.28583	1.0329		0.628347	0.631849
90	-0.00229852	-0.323695	1.13239		0.551968	0.572736	// bar1
-90	0.0164213	-0.00883883	1.05042	1.19922	1.21946
-70	0.01676	0.00304829	0.95263	1.13367	1.13613
-50	0.0298715	0.0173132	0.872248	1.05078	1.0528
-30	0.0588779	0.0396804	0.808403	0.968264	0.969467
-10	0.0844972	0.041103	0.778663	0.888377	0.886138
10	0.106959	0.0436866	0.742649	0.807535	0.802808
30	0.0902184	0.0105362	0.794491	0.723004	0.719478
50	0.064306	-0.0617789	0.856452	0.641294	0.636148
70	0.030286	-0.112473	0.9403	0.54286	0.552818
90	-0.000500161	-0.166755	1.06614	0.463376	0.469489	// bar2
-90	0.117176	-0.00961997	1.05134	1.22858	1.16156
-70	0.075639	-0.0183506	0.902423	1.14255	1.11067
-50	0.0725018	-0.0108379	0.793907	1.04477	1.05979
-30	0.11133	-0.0197813	0.724864	0.991372	1.00891
-10	0.13556	-0.0378536	0.701692	0.936098	0.958022
10	0.150807	-0.0805462	0.725406	0.920679	0.907137
30	0.103963	-0.187932	0.82417	0.857385	0.856253
50	0.0579152	-0.322916	0.936269	0.804862	0.805368
70	0.0612142	-0.438182	1.02589	0.762922	0.754484
90	0.0154683	-0.566227	1.20274	0.664093	0.703599	// bar3
-90	-0.0629677	-0.00717667	1.05753	1.14094	1.12641
-70	-0.0654001	-0.00729485	0.96218	1.06391	1.06517
-50	-0.037852	0.0027561	0.897533	1.00113	1.00394
-30	0.0216318	0.0237243	0.827905	0.94295	0.942704
-10	0.0719811	0.0300365	0.767408	0.883554	0.881469
10	0.0774499	-0.00548329	0.781408	0.821887	0.820235
30	0.0669397	-0.0728319	0.84233	0.765202	0.759001
50	0.0332643	-0.167757	0.917853	0.696499	0.697766
70	0.0179172	-0.233381	1.00098	0.631681	0.636532
90	0.000424091	-0.273895	1.11718	0.54664	0.575298	// bar4
-90	-0.0251848	-0.00770697	1.05552	1.14807	1.14741
-70	-0.000320328	-0.00532809	0.962263	1.07754	1.08197
-50	0.0381677	-0.00534432	0.917322	1.02162	1.01653
-30	0.0591708	0.0123265	0.86172	0.944213	0.951097
-10	0.070635	0.000427007	0.840976	0.879148	0.885659
10	0.0716502	-0.0503027	0.864595	0.833952	0.820222
30	0.0621104	-0.0988645	0.890225	0.764164	0.754784
50	0.0404229	-0.136327	0.937431	0.690385	0.689346
70	0.017209	-0.183979	1.01593	0.612504	0.623909
90	-0.00750719	-0.18856	1.08308	0.527523	0.558471	// bar5
-90	-0.0222164	-0.011438	1.06016	1.14596	1.13166
-70	-0.0161345	0.00422249	0.960654	1.07357	1.06298
-50	-0.00980629	0.0176797	0.888427	0.986985	0.994299
-30	0.0235376	0.0355561	0.82794	0.92618	0.925618
-10	0.0460056	0.0452657	0.793842	0.856392	0.856937
10	0.0612853	0.045645	0.793867	0.786242	0.788256
30	0.0520503	0.0174818	0.825075	0.709876	0.719574
50	0.0385377	-0.0569108	0.888389	0.64548	0.650893
70	0.021478	-0.148318	0.990839	0.596047	0.582212
90	-0.00100493	-0.201225	1.11167	0.523557	0.513531	// bar6
-90	0.102617	-0.00141134	1.03977	1.20549	1.17856
-70	0.119012	0.0516388	0.88219	1.11829	1.10391
-50	0.136956	0.0895897	0.793978	1.02171	1.02925
-30	0.140754	0.103947	0.743637	0.919789	0.954593
-10	0.150401	0.115997	0.763118	0.891147	0.879937
10	0.124877	0.0671065	0.794372	0.824325	0.805281
30	0.100655	0.0270507	0.812102	0.735977	0.730625
50	0.0538277	-0.0219812	0.883256	0.661885	0.655968
70	0.0238784	-0.0433005	0.963619	0.567752	0.581312
90	-0.00204008	-0.0387218	1.07735	0.486588	0.506656	// bar7
-90	0.019024	-0.00297985	1.06197	1.17169	1.20208
-70	0.0422805	-0.00324854	0.957441	1.12363	1.12916
-50	0.0616098	-0.00292881	0.875446	1.0473	1.05625
-30	0.0844248	-0.00807912	0.832138	0.98404	0.983342
-10	0.0988039	-0.0320562	0.78748	0.922087	0.910431
10	0.0837147	-0.0896745	0.818727	0.845941	0.837519
30	0.0636856	-0.137741	0.873146	0.771659	0.764608
50	0.0356168	-0.176664	0.937852	0.694681	0.691697
70	0.0123797	-0.177526	1.00682	0.602462	0.618785
90	-0.00713873	-0.188049	1.12201	0.516201	0.545874	// bar8
-90	0.104643	-0.00555217	1.0409	1.23493	1.23429
-70	0.0595981	-0.0122459	0.944711	1.15225	1.15424
-50	0.0331592	-0.016193	0.852418	1.06694	1.07418
-30	0.0550848	-0.00173768	0.768044	0.985704	0.994131
-10	0.0721089	-0.00598812	0.714477	0.921813	0.914079
10	0.0783165	-0.0294478	0.733938	0.851082	0.834027
30	0.0591332	-0.0744489	0.81241	0.762865	0.753974
50	0.0264975	-0.131572	0.899743	0.673576	0.673922
70	0.00731076	-0.149536	0.97342	0.5782	0.59387
90	-0.0109379	-0.179402	1.11004	0.501406	0.513817	// bar9
-90	-0.0163781	-0.00877671	1.07384	1.14049	1.15643
-70	0.00985201	0.00436457	0.980169	1.07496	1.08377
-50	0.0462657	0.0174154	0.915508	1.00097	1.01111
-30	0.0757185	0.00664272	0.876621	0.942792	0.938444
-10	0.0732018	-0.0230974	0.874147	0.877559	0.865782
10	0.062092	-0.0483121	0.878508	0.802966	0.79312
30	0.0447504	-0.06512	0.896306	0.732808	0.720457
50	0.026252	-0.0564233	0.943921	0.64717	0.647795
70	0.0103605	-0.0436619	0.994687	0.556379	0.575133
90	-0.0063271	-0.0971332	1.0979	0.50111	0.502471	// bar10
-90	0.0491232	-0.005091	1.04838	1.20515	1.22359
-70	0.0376642	-0.00444328	0.938201	1.12472	1.14439
-50	0.0623607	-0.00707239	0.863488	1.06371	1.06519
-30	0.0907744	-0.00888028	0.815882	0.984757	0.985992
-10	0.109154	-0.0221715	0.791203	0.924281	0.906792
10	0.0916829	-0.0715687	0.819386	0.844748	0.827591
30	0.0647775	-0.128923	0.873443	0.767857	0.748391
50	0.0356137	-0.140282	0.920981	0.661599	0.669191
70	0.0105506	-0.124096	1.00061	0.565859	0.589991
90	-0.00394895	-0.141685	1.11406	0.503009	0.51079	// bar11
-90	-0.0350773	-0.00228039	1.05582	1.16044	1.17512
-70	-0.0114916	0.00982043	0.965993	1.08939	1.0988
-50	0.0136448	0.0138612	0.902069	1.0181	1.02249
-30	0.0343736	0.0170287	0.861298	0.953773	0.946178
-10	0.0350298	-0.00116307	0.846151	0.878814	0.869864
10	0.0366795	-0.019302	0.84014	0.799687	0.793551
30	0.0235442	-0.0421633	0.868315	0.720095	0.717237
50	0.0189195	-0.0442096	0.909621	0.635239	0.640924
70	0.00542398	-0.0809527	1.00115	0.558556	0.56461
90	-0.00989726	-0.136997	1.12042	0.508515	0.488297	// bar12
-90	-0.0771498	-0.00759793	1.10747	1.07924	1.06283
-70	-0.0637759	-0.00249893	1.01037	1.02394	1.00717
-50	-0.0638654	-4.58163e-05	0.94918	0.948798	0.951502
-30	-0.082165	-0.0139527	0.944956	0.883615	0.895838
-10	-0.0756094	-0.0254604	0.931038	0.822251	0.840173
10	-0.0441771	-0.0429293	0.933851	0.783586	0.784508
30	-0.0131454	-0.0633634	0.946464	0.7401	0.728843
50	0.00511306	-0.0736414	0.966335	0.685033	0.673179
70	0.000896104	-0.10438	1.04132	0.611399	0.617514
90	-0.00703428	-0.1427	1.14127	0.538756	0.561849	// bar13
-90	-0.0594891	0.00292438	1.08382	1.15997	1.10987
-70	-0.0591928	0.0166628	0.948541	1.06698	1.03216
-50	-0.0990542	0.0269027	0.875488	0.953698	0.954447
-30	-0.114017	0.0392953	0.83789	0.849201	0.876735
-10	-0.0915689	0.057779	0.803269	0.773292	0.799024
10	-0.0489478	0.0565262	0.787806	0.719718	0.721313
30	-0.00705476	0.0502859	0.80593	0.639986	0.643602
50	0.0124022	0.0184287	0.857713	0.579276	0.56589
70	0.00600445	-0.0148999	0.935632	0.499201	0.488179
90	-0.0110144	-0.0471424	1.05318	0.419343	0.410468	// bar14
-90	-0.220053	-0.000996979	1.1176	1.05059	1.08097
-70	-0.171706	0.00243004	1.0119	1.0016	1.01008
-50	-0.127313	0.00112875	0.943848	0.929564	0.939199
-30	-0.0775973	0.00294385	0.884594	0.868412	0.868314
-10	-0.0309425	0.0161401	0.815521	0.811807	0.79743
10	-0.0210743	-0.00129385	0.820257	0.742297	0.726546
30	-0.0191502	-0.000960605	0.854991	0.663032	0.655661
50	-0.0159192	0.00705742	0.911455	0.581958	0.584777
70	-0.00749518	-0.0259883	0.986874	0.49723	0.513892
90	-0.00707701	-0.0866103	1.09728	0.435173	0.443008	// bar15
-90	-0.240562	-0.00814823	1.12976	1.03817	1.01455
-70	-0.235794	-0.0175662	1.05752	0.949061	0.959633
-50	-0.126635	-0.00103377	0.952577	0.91256	0.904716
-30	-0.0805431	-0.0103575	0.93344	0.851682	0.849799
-10	-0.0402479	-0.016704	0.901963	0.790182	0.794882
10	0.00805734	-0.00855646	0.846493	0.747689	0.739965
30	-0.0210617	-0.0598306	0.906755	0.684724	0.685048
50	0.0062948	-0.0789798	0.91618	0.643925	0.63013
70	-0.0120016	-0.109621	1.00887	0.559562	0.575213
90	-0.0211339	-0.132443	1.11063	0.498183	0.520296	// bar16
-90	-0.211712	-0.0225593	1.13264	1.03327	1.07234
-70	-0.127133	-0.00922939	0.98313	1.00297	1.01633
-50	-0.0530349	-0.00456332	0.893072	0.939833	0.96031
-30	0.00977273	-0.0299277	0.860265	0.909753	0.904294
-10	0.0474612	-0.0370381	0.794308	0.880849	0.848278
10	0.0524976	-0.0619236	0.778064	0.812564	0.792262
30	0.0341729	-0.131956	0.852282	0.751396	0.736246
50	0.0294605	-0.134276	0.871495	0.647781	0.68023
70	0.0238277	-0.184743	0.987913	0.61701	0.624214
90	0.0136648	-0.184972	1.10517	0.519994	0.568198	// bar17
-90	0.0326792	-0.0168447	1.06	1.22707	1.27905
-70	0.0796855	-0.015782	0.947309	1.16705	1.19715
-50	0.143653	-0.0160969	0.86622	1.12206	1.11526
-30	0.164385	-0.0263775	0.828815	1.04895	1.03336
-10	0.147092	-0.0328632	0.793608	0.960796	0.951468
10	0.125663	-0.0695669	0.809751	0.879523	0.869574
30	0.0910123	-0.110648	0.838422	0.795468	0.78768
50	0.0480332	-0.16264	0.915398	0.715022	0.705785
70	0.019267	-0.148475	1.00312	0.595303	0.623891
90	-0.00257808	-0.162024	1.12168	0.51586	0.541997	// bar18
-90	-0.279772	-0.0365805	1.16459	1.07433	1.06264
-70	-0.20608	-0.0253451	1.00496	1.02186	1.0125
-50	-0.166595	-0.0353502	0.92864	0.951973	0.962354
-30	-0.0932681	-0.0443267	0.876448	0.912668	0.912208
-10	-0.0465841	-0.0602248	0.832654	0.84796	0.862063
10	0.0160441	-0.0638911	0.801864	0.816208	0.811918
30	0.0354403	-0.0898915	0.819175	0.774486	0.761772
50	-0.00475059	-0.141692	0.944156	0.724218	0.711627
70	-0.0193711	-0.208317	1.02942	0.646552	0.661482
90	-0.0141901	-0.15081	1.07939	0.554486	0.611336	// bar19
-90	-0.157025	-0.00885294	1.11109	1.09072	1.09261
-70	-0.0943906	-0.0132553	0.965312	1.03821	1.04224
-50	-0.0545346	-0.0224857	0.915465	0.97152	0.991861
-30	0.00615112	-0.045405	0.869946	0.94693	0.941486
-10	0.0596494	-0.0411111	0.79932	0.905707	0.891111
10	0.059645	-0.0773002	0.794454	0.847189	0.840737
30	0.0495493	-0.142509	0.854116	0.813553	0.790362
50	0.0136637	-0.203355	0.965531	0.738869	0.739987
70	0.00233642	-0.226958	1.06616	0.665413	0.689612
90	-0.00406289	-0.20722	1.16939	0.581021	0.639238	// bar20
-90	-0.250122	-0.0178059	1.10721	1.00748	1.00552
-70	-0.216906	-0.0289743	1.0299	0.958587	0.961714
-50	-0.152239	-0.0414516	0.946098	0.915411	0.917912
-30	-0.0749371	-0.0507272	0.879197	0.883686	0.87411
-10	-0.0319969	-0.0663292	0.809131	0.829531	0.830308
10	-0.0112811	-0.0942462	0.796888	0.778716	0.786506
30	-0.00712519	-0.137511	0.849584	0.735111	0.742704
50	-0.052302	-0.267286	1.00011	0.729577	0.698902
70	-0.0480511	-0.279294	1.09722	0.636635	0.6551
90	-0.0514567	-0.268248	1.20589	0.576257	0.611298	// bar21
-90	-0.278514	-0.033496	1.18757	1.01384	1.02734
-70	-0.267517	-0.0424012	1.07627	0.969633	0.975983
-50	-0.199307	-0.0608839	1.01295	0.918283	0.924625
-30	-0.116569	-0.0636863	0.938595	0.875607	0.873267
-10	-0.0678116	-0.0842223	0.899172	0.828894	0.821909
10	-0.0660611	-0.11175	0.889024	0.778754	0.770551
30	-0.0511779	-0.127394	0.922014	0.723873	0.719194
50	-0.0394816	-0.162381	0.976464	0.676728	0.667836
70	-0.0516205	-0.180945	1.05952	0.598071	0.616478
90	-0.0541719	-0.151638	1.11996	0.513333	0.56512	// bar22
-90	-0.121183	-0.0253485	1.09067	1.11979	1.11648
-70	-0.101655	-0.00761395	0.98945	1.05026	1.04549
-50	-0.0713736	-0.00112383	0.93149	0.968615	0.974501
-30	-0.00776981	0.0139447	0.843784	0.900665	0.90351
-10	0.0061974	0.0261639	0.787643	0.818082	0.832519
10	0.00175634	0.0101024	0.785607	0.77728	0.761527
30	0.00486346	0.00686002	0.806011	0.703519	0.690536
50	-0.020436	-0.023436	0.912088	0.620232	0.619545
70	-0.0314876	-0.034774	0.983857	0.53753	0.548553
90	-0.0344868	-0.0165544	1.07247	0.453732	0.477562	// bar23
-90	-0.00438493	-0.0172307	1.0987	1.17126	1.20166
-70	0.0183297	-0.0225367	0.999524	1.1175	1.12305
-50	0.0227842	-0.0292064	0.941773	1.04179	1.04444
-30	0.051949	-0.0246524	0.899763	0.974088	0.965832
-10	0.074534	-0.0121072	0.861519	0.902184	0.887223
10	0.0603679	-0.0172119	0.876128	0.80478	0.808614
30	0.0513849	-0.0488632	0.891487	0.713046	0.730004
50	0.0367145	-0.100848	0.95967	0.650451	0.651395
70	0.0241761	-0.146071	1.02257	0.579507	0.572786
90	0.00295788	-0.17165	1.12561	0.493866	0.494177	// bar24
